8261 662 3792 884 2244 8614 1427 7576 8741 3069 8803 6212 9756 421 6484 4682 6784 1635 1829 1981 4675 7861 7772 3346 282 8486 428 6589 7071 3391 4538 684 1966 7594 729 1666 4035 4651 4134 7220 6648 8706 6443 8812 2274 5036 9411 7699 627 3424 6717 2996 6637 1317 3522 3518 5286 358 2441 5845 8660 2396 8420 5465 9873 7341 9921 2441 7628 7375 2504 9549 2774 1673 5335 6704 319 1021 1175 4554 5480 4922 1788 5619 5034 3330 610 8126 8217 4589 9743 7865 6870 151 9718 542 1337 4389 4224 7254
8146 1934 48 8463 1735 5960 95 9061 7950 7197 3072 6693 3561 2766 4269 3008 3907 3919 4132 5104 1859 5451 6893 6222 7552 5030 4162 8390 11 946 1702 7291 5750 2935 1495 8070 7383 5579 6219 8707 3402 4648 1644 96 243 4487 6222 1066 1124 1596 8254 9459 2720 8974 8894 2629 35 1553 5068 2704 2427 7230 7937 4350 9003 9319 9704 2023 5487 1431 6789 6998 8540 6355 1587 8216 2100 7517 5044 5030 1945 8971 325 3414 2364 8881 114 6485 3951 339 1838 6783 8341 4856 7103 7206 398 1282 7196 2778
8973 7714 4960 9377 8965 7967 620 9146 4388 712 8515 1039 1746 6316 8483 4623 6289 3763 6995 577 971 1514 8331 7794 9208 9419 839 7601 9843 6653 2994 4516 7180 1668 3182 5876 2777 6629 5491 483 5209 9877 9145 7048 2794 1922 508 7605 9454 9107 5150 4733 1438 6393 172 1076 619 7374 5742 922 9234 9639 716 2775 6857 645 8432 2041 6180 2889 9716 6055 7848 3817 2057 1832 7627 8143 5539 8496 7989 5721 9704 3153 3781 2685 3709 9124 5865 1783 379 4895 1247 128 5218 6220 1413 193 4696 6845
5770 4191 6179 5776 973 8512 3519 2767 2580 9705 5111 3075 4192 9075 3576 57 1800 1939 8239 203 766 4823 4636 9297 7564 5307 2109 7724 5081 3301 8343 6695 8026 1191 9714 5376 5475 3637 8182 1152 1266 5692 5626 9669 3515 9638 3363 7851 9795 5878 255 3089 1721 785 8982 8864 6179 8476 3879 779 6432 385 4816 3358 8138 5214 6517 541 3855 119 997 7085 4128 3291 7621 1001 912 2862 1175 2401 5898 3710 3212 677 2385 2903 6835 8210 2775 6173 7695 9326 7736 6952 8422 3699 6660 9469 3101 1551
5692 5240 6562 2130 3820 5490 7469 5934 2119 3282 5089 5503 849 3339 8051 5315 8621 3465 3048 8812 2973 8151 6520 5562 804 9111 7791 1850 9517 52 1343 6627 3528 5768 7767 7249 1086 8339 8049 5711 4747 1111 9345 5445 5872 627 9469 2407 9807 4148 3720 7184 5357 8750 4526 4138 9655 4974 6171 3306 7855 7975 7100 1758 7233 1981 6856 2538 6849 3653 8504 7224 6541 6692 1381 5742 9380 8840 2674 8581 4775 1752 763 5353 8434 2824 5365 3380 7590 2961 3466 3234 3907 4065 4090 5138 267 114 2648 9577
4500 5511 5770 224 1542 6563 5146 7530 4737 6875 7483 7671 1791 3303 2353 9222 6720 4310 9549 5405 92 4171 8961 2245 4782 3339 4816 5013 2297 7799 872 8915 9220 7130 9488 6388 1377 7858 3597 626 6960 5843 8129 5563 8398 4809 7323 3911 2126 9871 3197 8210 4713 5057 4828 830 6763 8454 3135 9763 8134 2952 372 3935 8438 3234 5667 4667 4710 3122 9089 1389 5615 1427 4702 6235 9977 9124 893 6351 9158 7909 4617 2708 5212 5289 5101 8709 6334 8889 1913 6415 6594 2302 2820 7504 5738 336 2227 8988
4634 7839 4481 1784 9279 2266 7130 5033 731 99 5314 7375 5509 9804 3384 1539 5969 3300 2849 2751 1804 6592 7392 3228 6856 6592 561 8276 9880 3619 4255 7253 4754 296 2020 8360 8025 5763 587 9979 2335 4831 509 4431 1457 9038 6829 5693 1613 6056 8563 9530 7893 2794 3373 4322 6433 2692 6969 9677 6445 5975 6487 5863 8203 3410 7306 842 9968 8277 887 2039 5317 1977 7991 3668 2665 6647 7570 4168 3149 9177 3581 1879 8638 8454 5754 5271 7943 5517 1637 9566 5486 2183 2632 1175 3480 3663 8240 9188
6362 9261 7329 7326 692 9004 1685 7091 6843 4192 9327 5181 930 3024 1990 9688 289 2277 9554 2142 3393 3561 9311 5160 3373 7343 658 7182 3789 603 2437 4279 8562 2339 41 2379 2962 893 22 6307 2935 4445 8093 6278 6653 9054 7384 7795 2016 1390 8272 7337 8958 9369 6338 4873 4264 6816 4557 4948 3401 2480 883 7941 3969 4012 1500 3079 6609 3911 7422 9602 8232 9953 8582 5324 2219 4442 634 1220 9795 5563 8875 1713 7650 4558 2826 5957 504 7516 2568 9679 0 3219 2973 8480 1687 3974 1440 612
3803 8362 4765 4041 3665 3654 8655 2627 8003 8343 2097 3831 3250 9811 5917 3203 4083 1002 2245 3649 3883 5641 3965 9551 9438 5937 4092 6055 5251 1048 6763 2479 4845 7227 5952 8011 8308 5139 7141 2080 7984 3427 5013 5523 1228 6575 2663 3732 1989 8712 5296 9423 6197 959 8757 8295 2734 2835 9549 7057 343 1982 7040 2656 6536 652 9045 9392 2887 2646 3205 3078 7843 3223 5358 9191 5127 3231 4551 2127 6034 1214 7721 2320 7793 6431 3254 9046 6404 896 3591 4566 5970 4315 5078 4288 390 395 3534 529
7787 5501 6826 1429 8449 7594 6086 1477 6877 1769 5004 6310 698 8073 6775 9994 3821 2749 4334 6145 1963 3734 8780 2084 4584 4482 7806 8617 5265 5014 112 7864 3665 8339 1409 7130 8439 8280 9194 1828 6677 5249 100 9408 1526 5347 6414 9083 2008 5759 4958 3178 9948 7575 130 1523 8568 2225 8340 7382 7318 3799 6231 7208 378 3397 2336 2441 497 8268 9251 6036 9407 6374 9828 6284 6021 1703 5788 7360 6210 779 3300 8589 2938 338 7085 7889 392 1461 3556 6367 6424 3618 358 2471 2570 408 1569 4301
489 6060 8278 582 5550 4808 2101 5135 4217 8434 1376 2434 49 8448 7451 6247 7510 9212 7334 510 966 3140 2982 723 6783 3186 4244 4778 3119 5672 5289 3324 1952 9828 5175 2983 35 1461 4297 3282 8358 730 8482 7748 819 7974 2187 6239 1360 1345 8399 7089 867 1101 8270 8479 2597 5108 7853 1507 6003 8838 6903 800 3005 3996 1796 8878 4248 5278 9233 1968 763 8268 6309 9196 4382 3335 6903 655 1966 2060 6060 3711 3824 1276 1870 5918 8123 1328 8882 6549 8752 3370 5352 3506 1616 2540 2133 6155
3478 2437 9014 611 7742 5477 9941 9084 4049 627 1216 8579 941 8279 4377 5757 9422 7443 1445 7248 2371 2423 5386 2039 2506 9466 8015 917 3523 6045 7874 4595 7404 4643 2038 657 8430 3050 9947 1231 5054 4244 67 8502 6804 4611 8647 1346 5532 9399 5803 9289 5714 5342 45 7706 320 200 1818 6879 3829 5517 8646 9136 728 2980 7411 7699 1006 4945 9667 6780 5896 3900 2763 5981 587 6909 2784 6136 2166 9721 1483 1277 443 2678 7956 6166 653 4794 7663 7727 7201 6590 6809 4707 887 8204 8787 1265
5588 8142 2124 9565 7337 6635 1412 1400 7521 9645 4913 7861 6171 2229 9850 7488 7421 6226 8745 5884 4946 100 4369 7971 2627 6948 98 1895 542 9437 9541 9846 8124 9038 6997 3218 2342 3058 1559 6087 6606 2684 1963 8601 5124 2054 3607 4629 4619 2621 7350 1170 4193 1155 8698 2794 7439 6267 1416 4236 5357 3860 5296 6073 292 412 9391 6725 5314 7489 8689 9624 167 4297 2661 8000 4454 1540 7014 44 9653 5530 8992 3974 4626 3900 5017 1260 7992 1749 8158 3314 4616 1602 5724 1479 2415 1530 652 9598
3231 1467 4692 2773 884 2169 5552 3585 9090 8438 2194 3727 1016 8220 2330 5106 5032 1561 7622 4300 5275 1810 2798 8402 827 5843 222 1482 9899 5870 2022 5794 9994 6198 2319 9818 8725 8049 1032 1048 2217 2025 1604 8426 5306 3706 2494 9010 7359 9015 3749 2671 3736 153 1650 9963 3960 3238 3243 2697 132 6783 3433 6668 7841 6539 6540 3091 5484 8560 6344 2911 1372 4750 9314 9115 340 5686 8382 1862 4706 5775 3217 6099 5389 2937 6865 4206 5729 2303 4836 6895 4554 8467 3531 1691 5594 6887 258 7747
2710 8599 1279 5261 508 7909 2480 8375 5156 3092 6988 8871 4461 1857 4709 2623 6810 7567 7181 9567 1501 7312 6947 6019 2569 1580 3753 7149 3333 9895 6156 8692 5465 392 1308 2940 1145 4501 7550 451 8597 3978 76 3493 5024 9817 8555 1676 280 9343 1898 8504 5803 2570 8038 5064 7625 1372 4040 8125 3416 2482 5777 7474 8853 5668 3838 7251 8299 1563 5238 2557 2084 9847 3102 5212 9404 362 250 6769 2525 2280 1939 4044 6780 612 8177 0 9248 7533 2274 5347 7543 5589 7388 6696 5236 3326 4308 8220
1768 2069 5236 9833 4584 6905 3301 6063 2068 7250 1281 5582 7787 1995 8487 2042 7603 9572 1335 5048 7246 8668 6584 7045 3978 1256 5572 3354 1004 8474 5943 1486 1806 4890 3200 779 6705 4695 3006 7600 8916 7253 3144 401 952 116 6 8910 1947 9986 9224 3224 9535 5003 4073 1427 2205 5724 8900 9125 4958 7685 1503 3214 649 3809 2577 1075 9381 9056 441 7880 7967 1536 4607 2253 7954 3933 4078 2084 5084 7224 4363 8846 8580 4916 2052 8630 8103 7492 8200 8922 3715 524 5384 3149 2558 7400 8976 7350
8451 5766 655 6559 3194 1915 9122 9651 6753 8223 9874 5048 693 1266 9600 5855 1943 7645 526 9019 1916 2087 2972 9984 4532 4890 9972 6295 203 8143 2087 5692 6766 6186 1816 5593 6555 8349 1453 630 5360 9613 5318 8936 3646 8340 9529 2192 5703 5650 1753 908 3425 8334 5456 1746 5889 1235 7224 683 4562 3121 4774 5010 5290 5891 4446 1331 406 5131 7373 6080 6158 8829 223 3395 2813 7793 6291 9626 4511 3896 4126 8366 1771 4165 5723 7224 6528 7413 6393 3685 4290 4740 8856 4058 6700 5265 2074 7967
6618 4943 3799 5599 7077 8182 3378 9573 1691 5098 3512 6397 3750 6699 2783 7484 3525 3981 9802 8546 6029 7892 3249 1507 3835 4460 6532 8472 4477 2320 5777 5915 3046 2574 3253 3625 5688 2152 9119 4476 375 6143 240 7692 9638 5002 1294 5846 8169 8618 365 9725 9902 238 4483 9267 4045 5603 226 1041 7954 1938 8384 6954 8320 820 3227 7653 5317 2363 759 1745 7023 3945 3763 4801 3672 3478 9209 645 1593 2411 970 7282 8669 6546 9032 4887 5872 8247 3038 2293 1459 9804 3129 62 4788 8139 957 1060
4333 5084 6975 6014 770 9882 4571 4001 3304 3281 7643 9142 9727 3667 2932 5912 3814 9515 2804 7564 7209 3293 9743 9723 9111 926 14 2923 4561 6972 6165 2386 9890 9100 9043 8744 8684 1569 8631 6859 251 9739 5771 925 404 6704 5300 7376 4206 9159 5577 1491 5636 6948 7307 4351 9431 1569 4687 4617 5741 6064 9726 4129 9161 2726 2732 7523 1508 2136 7758 7468 375 3417 7228 3150 5472 8842 6338 5598 2509 5202 8501 2858 9465 2988 8088 5077 6707 8176 2474 8852 3681 1800 9745 9477 1747 5442 7623 6633
5296 9968 7791 8467 3084 9290 9556 5279 7705 251 8393 5948 3341 9116 3484 3627 5473 6841 2390 687 3179 4857 8065 8319 3295 351 1126 6871 5856 3768 6555 9353 1149 6844 4361 7951 3150 7166 3221 8726 809 4017 8281 438 2653 9970 708 6143 1769 9554 2473 1771 4835 9675 7350 9418 6673 8945 6206 9403 2386 9313 2746 3179 7616 9473 6079 7067 3379 7263 8930 5115 9100 7639 3233 3246 3191 300 724 9906 8658 8390 588 3776 8695 1069 1100 918 5919 5837 4084 2671 6074 5746 810 2116 6740 7616 3153 9858
8198 1038 2971 979 2966 3249 2643 2478 6424 8645 3121 491 4997 4549 2687 4489 791 362 7220 5488 3616 2161 5551 8758 7867 6722 5972 8576 1950 5657 5034 662 1216 8111 1943 98 4977 1324 7336 9588 7623 2862 1216 4931 3244 8142 5382 2022 3449 9871 4291 7764 6788 2275 375 9397 1217 5985 2355 3188 4460 3116 2203 2383 5064 830 7765 6352 8236 6465 1346 2609 1981 9311 4041 1872 5128 1931 1219 709 4978 516 3627 2580 155 760 535 7928 1668 7014 6883 4089 903 7756 1861 6572 1724 335 2277 8462
5850 9473 1314 9758 1487 7618 6521 2689 3106 5644 1472 9240 3007 5860 7567 3236 2882 6893 5527 3699 9206 6784 7286 5499 6747 1357 4855 8325 7422 6484 5806 5772 4864 4054 8250 1887 3939 9558 2927 1818 3119 574 7293 3021 2826 9844 6555 213 6485 3245 6993 7084 6353 674 9763 1073 5432 4644 403 6775 7232 152 8542 8657 1822 9239 9296 8475 6774 1727 1151 5670 5468 234 7001 6321 8790 5811 4338 9886 5112 3395 6424 4786 4298 1904 7726 4921 4370 7342 2995 3624 5036 1168 3992 8788 2283 5867 2695 3885
6575 326 3348 2622 5925 34 73 3966 3605 1809 8215 9850 7361 8506 5216 3156 8680 3069 9046 2001 2176 6317 2451 2215 6807 458 7012 9977 6812 6095 9272 7548 1599 4858 9369 840 5696 1912 8279 4555 8292 6097 9448 1850 5879 4628 3985 2371 2529 3753 9665 1637 8676 7859 3145 4290 1334 63 2399 6118 9842 5134 6503 5911 5206 230 9730 8595 2802 7454 9649 8316 1147 458 5653 2622 5178 9141 4317 6733 3248 4470 3370 7372 3248 9391 8118 1737 1876 9907 5883 8008 1612 628 3623 9480 221 8362 9132 1390
2033 4946 4278 1588 219 9023 9450 1887 9403 2988 5076 1346 595 7309 9469 4893 8283 8210 6939 3274 5455 745 759 9458 1496 3220 5764 2049 8011 3044 7709 6068 5455 2475 674 5516 6318 5292 347 8537 9725 6403 7882 7730 2647 3406 8468 9187 6870 2170 5478 7586 736 6090 3148 5317 2729 244 7665 9487 8471 2704 655 3247 586 9378 3794 8538 2509 770 6043 2257 1408 1947 5614 6078 5883 6251 7203 2223 3864 9863 198 8814 2523 8177 9564 2408 4660 789 2483 6426 6921 6315 8440 1496 6506 6091 3709 36
2990 3078 6469 5318 5577 1 7804 9583 4504 5913 1093 9086 8905 7517 5556 3889 4375 2569 8260 2404 9244 916 2089 4818 147 3193 1319 7557 5545 7513 6425 4042 561 6335 7327 8631 7043 196 5443 5239 6947 5114 1388 5773 3765 1709 3961 8881 123 875 8529 1915 3071 8400 3323 2404 6228 8940 1616 5628 2222 1138 7463 1712 3370 7867 7271 2728 11 612 9265 8992 6114 2545 4081 538 688 4313 8469 977 3206 2645 6108 6826 6920 664 8386 9824 4201 4882 1666 8341 1830 5496 2817 8408 5578 4494 1648 3222
7677 6274 9282 3736 51 3308 8785 6758 8978 3708 4410 696 852 9874 3951 8276 7189 4270 9285 8831 7132 3532 652 1941 3735 4400 6104 4135 5156 8568 7056 2426 905 1439 8465 794 7400 2808 3904 5337 2471 4862 5971 8071 7678 1705 1227 8401 8492 4532 3405 2088 4128 543 3420 9561 1725 8267 8154 2801 7221 5547 1561 4428 9917 972 7752 3716 2008 5837 2050 1679 1297 5128 5873 6380 8116 6712 2646 8783 8617 474 1633 7776 1207 5770 2597 9974 9302 1237 4069 4430 6799 4949 4702 7000 1673 1335 6299 2192
9054 4654 6133 1756 9378 6498 1192 6119 2814 3267 6129 6803 3936 6842 8820 9498 5823 5083 4276 4333 9596 7319 5490 4040 3449 3956 2017 564 102 576 4162 3755 8210 6476 76 4007 8934 6388 9382 1432 444 4052 749 4814 5041 7692 8922 3579 687 2326 6193 8737 7223 6365 5170 8560 2810 669 6805 7571 2766 9572 4310 476 648 8975 9166 1630 7506 5447 8255 3083 8506 2437 119 3752 2730 3588 3001 3460 1111 3715 3574 5704 4563 673 6071 8552 7823 6787 7594 9637 7183 922 7998 9556 808 3354 9408 3629
5759 4427 7369 8059 9656 4464 3465 349 4958 5258 5128 3151 1411 3733 5541 1786 1496 4231 2269 1075 4909 8416 4023 201 1758 4831 9607 6360 9474 3726 8150 4035 4343 598 802 6437 8771 725 8598 2020 3568 9206 827 5380 5726 179 2328 9193 4084 7685 1403 8975 6049 4290 5747 3143 941 6420 5353 7722 5645 509 9077 378 8871 7157 6787 7240 1095 3255 2686 2625 8427 2998 6096 284 5306 2157 3084 3012 9614 7288 5326 3986 8591 3684 8583 8846 6914 3967 58 9158 6199 3417 6098 158 3123 8398 2814 4955
8824 3998 9676 6057 9752 6490 7789 6381 1435 8388 3461 1003 7977 6991 4505 8105 6685 9681 959 2095 2950 4151 1170 6932 7201 8197 8644 9284 612 2687 452 4751 3600 5932 6261 3041 7574 6386 2547 5112 7881 7757 5988 7343 9572 7239 1838 6155 3566 6121 7166 9471 3192 8559 6575 2721 1352 6881 5665 1970 8707 1040 5951 4664 3108 499 814 9724 8558 1022 1820 4749 8695 6059 3970 7604 9791 4819 5305 0 214 2842 6671 8838 6216 3671 2495 139 5038 7170 6527 5884 4746 6987 2228 1584 1270 3091 5017 463
1297 5388 3481 4624 9678 4969 87 6644 3083 955 5806 4185 107 5675 1135 6253 6444 4358 1317 944 613 7836 2545 1043 5452 9953 2368 8083 6903 2503 7544 5047 5952 887 3032 1701 6338 6837 950 8069 2021 9141 6056 1061 9882 4269 1018 4413 8183 5644 5221 7704 9338 5421 4643 3837 1315 8220 7231 5718 1543 5393 3205 1162 6606 7282 5793 912 4804 4669 3020 8862 7725 5814 9611 6870 1841 6379 9945 5766 8369 6296 579 4301 2480 3556 791 3110 2463 7733 5353 672 4528 6957 8224 5541 7724 6365 2432 2637
279 8341 5804 7278 5584 2838 3169 23 9600 6657 1124 7331 9691 8627 884 707 576 7134 2972 8946 9071 7541 9865 8244 3995 4506 592 4638 4259 9616 103 2868 7970 4813 3471 507 9779 131 4599 2307 8876 7266 2521 1036 2956 4854 6333 3478 127 467 9453 6891 3696 9812 28 3754 9076 5276 3584 2969 4663 142 3633 5233 757 3962 9572 7330 2775 9081 4081 6019 3612 334 7575 2000 26 884 9046 7133 9661 5759 6796 7766 2983 2800 7242 3136 7016 3157 5098 861 9879 2163 4945 4137 9549 2940 8060 8270
5682 7661 7723 6042 5973 9994 4474 3044 9213 7981 5086 4622 5064 1265 2571 664 8075 8404 3904 61 8198 965 2162 7866 5236 429 5115 1475 9930 2365 8138 6333 3023 3524 5134 7069 2615 9735 1038 9758 239 2713 3338 1123 4141 4448 3946 1319 2138 8866 9501 4990 63 6687 2205 8809 9098 2992 7718 4272 2190 8792 4229 3614 2574 4385 5236 4155 6895 1055 6397 5584 1297 4807 5534 9349 7419 7624 4864 6126 603 5280 6962 1708 5743 1413 5565 4956 8890 8875 8209 8674 7202 5219 6756 2320 6457 2393 2220 6966
5088 2632 9591 8702 2420 2915 8781 3479 9091 5709 8287 4857 3799 9390 7559 4944 3247 6513 4748 8565 8862 1063 5499 2314 9979 5518 1637 8226 1208 7272 6305 9879 7838 6287 9086 1917 3204 5828 6407 1277 7125 9758 1021 4853 1573 1439 1390 3722 1314 8729 8918 9081 2939 1999 7635 7375 2076 4933 881 242 4999 2365 7884 6725 8583 8936 9950 2489 8258 6995 4836 6929 2978 8534 9888 9124 590 3229 6945 3139 2961 8464 2652 190 572 6898 5370 7406 1233 9738 9885 7145 7233 244 2719 3767 1955 7486 873 7742
6421 6771 4966 2317 6333 8882 5263 2055 195 1709 5811 4758 9222 9099 7632 9434 1004 4180 171 204 45 3696 5049 2568 591 1506 4931 8153 3166 4378 6650 4646 3702 1212 1611 3646 9096 4554 5190 7725 8148 2618 8003 4661 9564 1804 4180 7170 7931 5591 9204 4453 6717 3137 9605 8524 5860 6054 1247 23 3143 7529 5839 6844 1560 8984 3196 2568 4458 7722 3363 858 6381 8985 7328 6888 2209 8766 5504 4166 6615 560 7979 4587 2494 7866 8483 2673 9908 2946 1812 4225 8465 8064 6687 1185 3367 3687 2783 5336
2442 2387 6537 983 4697 9201 3203 8520 8298 6924 8148 9158 8427 6895 4243 5912 1743 6702 7198 9071 3781 2426 3950 8131 6871 8638 5583 4643 6631 356 9848 3002 298 906 8089 1531 9574 646 6087 3717 2148 8069 6049 5217 3616 8862 965 308 2725 1428 7742 7989 4311 5689 3837 6871 8752 8391 8160 6489 3211 2293 4995 2858 8271 9830 1750 4289 6700 849 8014 6090 1290 2587 3795 5026 2210 5784 2663 6028 5081 8763 7157 3014 9305 2658 5283 2942 6272 3917 9653 4165 1506 811 9511 828 9925 8123 9759 2102
1967 3734 486 9285 1918 9208 7084 4511 9584 4837 869 9496 8858 9903 8695 5650 8880 893 5370 9867 1008 8574 7416 5540 980 9919 9776 8747 8272 6835 6252 1076 3075 7343 5647 7334 2430 7199 6072 9354 9519 7675 1106 7821 4130 1783 6840 6015 9326 8765 8715 3553 3840 6496 2414 3709 2473 9989 5265 8528 2019 3755 6948 3330 7834 5204 6713 4493 3280 8290 8052 4416 9885 2262 2415 9298 1871 538 8181 4966 6045 5136 3767 7626 1103 3474 4712 4786 129 6819 8071 5730 485 4366 2920 3067 8110 5786 5029 9802
2 5459 4489 3104 3 4209 8982 9274 9282 9199 6271 5882 7711 4235 65 4034 7477 3054 3526 8480 3845 587 5281 7648 9317 2033 6387 8914 39 5315 2848 8969 7229 3382 9414 4617 713 1263 2579 9814 5816 389 964 3770 554 5411 3424 9964 9985 3698 9196 7996 3809 3634 9217 4840 9839 119 3535 9556 4980 8089 1765 99 902 861 2348 9844 1526 6497 8812 3713 9264 22 9643 3460 2890 1983 3053 8973 922 8555 4738 420 9506 9524 6372 7473 8672 8966 9625 6167 3881 7903 4922 6241 3565 4678 4484 4429
8541 3704 2220 2262 1835 7848 1052 6455 1234 6008 1156 816 6851 3987 5881 4654 5755 9692 6758 1768 7165 7191 4620 2180 5972 6760 4434 7601 9225 9538 4942 4242 9147 7405 8859 6069 8567 5145 9158 3326 617 3075 3049 554 7 4274 7507 4882 3358 4676 8248 2920 3866 577 9048 8656 5933 1304 9012 9885 6006 8958 9717 4520 3536 208 122 8511 2885 7341 5900 3480 3916 2613 1218 9726 209 261 8197 9678 2390 7706 7610 2608 7768 7697 9048 4702 3953 7207 2959 3356 530 2822 720 1976 783 5589 1114 2748
9771 1156 5770 6251 1130 1928 9647 3566 2374 1176 7703 3208 5603 157 560 7664 6444 8227 3103 8829 1134 1315 5956 5365 4085 9520 6833 7339 6283 2235 9595 2125 3623 8675 9 2462 9146 7974 6657 1219 8601 6534 1950 2928 1890 3995 7800 4929 2263 8924 3310 1701 9681 7271 5101 1777 958 9859 4175 8933 4734 1132 2150 3038 1531 2612 1651 1209 1014 69 5355 825 3690 5239 4251 8171 6452 557 7037 2243 8442 147 7775 1287 8874 8867 906 2249 7039 4393 8593 3085 3211 9009 2749 7857 7083 7050 2981 556
1136 8307 7732 6242 636 8361 7905 5904 6743 7908 9643 4156 1254 3310 4899 8720 9516 5354 6988 4774 2914 8047 9490 5950 7268 7412 908 6725 1582 5799 1905 7718 8169 7593 1698 9644 7152 6377 9266 8365 5478 6761 9633 2698 6598 1903 2894 8733 1063 6513 2177 4156 149 7158 164 6414 8410 1093 8820 9052 8700 6795 6387 8321 7477 7877 1363 8703 9004 779 145 6048 4347 7890 6996 5946 7776 8779 3260 1833 58 6644 3734 5151 7410 7494 8384 6613 3258 5803 4993 6240 4674 680 5333 5704 3004 9964 1695 1157
2694 3467 3673 581 8573 1041 1285 2397 7473 3170 979 9478 9075 6421 9243 2633 6817 8545 1589 3158 2725 7133 5105 4976 59 1806 1862 9879 4690 2483 1955 7518 9168 9385 4388 4603 4459 716 7221 3528 8016 7415 1097 5533 712 9367 4715 9229 2256 6382 1623 3983 392 7157 8016 3805 5040 917 9950 4139 8331 8258 8215 2288 4865 2102 433 405 6518 7193 6598 7350 645 8527 6601 6457 267 8935 7350 8099 8244 1220 8588 8858 7754 7294 5812 5671 6276 7241 7559 7800 8576 4884 3723 6350 4079 5157 1521 8024
8160 5124 5622 5432 8106 5072 2689 1260 3534 6133 660 1777 9923 3189 8737 8331 3321 2239 2791 6345 1196 5334 3764 6381 4741 9827 8576 3064 3551 6760 4431 2450 6088 9773 7007 5422 6160 562 7043 8332 4048 7146 9230 9208 6128 3487 9800 8621 4722 5635 7040 2717 8837 5198 3292 6512 5929 9886 5836 1392 4623 1012 7591 110 3678 5806 4820 5989 2561 1800 0 1571 4730 2760 7441 4260 5226 5995 8614 2028 1095 237 1493 4295 4529 7305 8374 9798 5887 3807 4133 765 9507 828 4726 7127 8629 420 9690 8818
4982 4164 3201 3685 8640 9098 2905 4445 9353 2308 7495 8436 882 3845 3934 25 7664 9930 2790 7733 5315 9779 916 4959 1129 420 8250 7591 8392 3903 2209 8228 6480 2600 3454 4907 8814 9599 6624 4099 8510 5578 9403 293 4338 9735 9197 9950 1826 1966 9681 2728 1785 2674 5793 3494 2302 2875 9743 3012 6462 626 5876 7567 6195 4089 7459 5518 3960 905 5371 7507 263 5357 305 2073 9420 6032 3254 4564 3646 8142 8478 1590 5650 8968 8212 3116 6633 5408 2930 1272 1311 6907 8539 2461 1986 4879 3847 5014
200 2721 892 8381 4906 7742 5533 1745 5551 3247 5942 9534 1096 1504 8429 9527 918 5795 4732 3840 725 7272 5291 3709 2880 5118 1541 6545 5657 6781 8515 5808 1618 6846 750 9612 1810 6982 328 8293 7974 3772 8074 7890 7583 6555 9899 1742 7911 8192 4957 7668 9478 7079 170 4007 9006 2249 6912 9309 9299 5186 1324 1084 3575 7291 1614 5230 1933 5024 5220 6689 8629 5142 7617 6484 3741 8604 828 3678 924 5107 8916 8066 8325 8588 8408 3148 2493 6117 4935 9574 5136 7948 2468 16 3687 9945 8821 6770
5399 4423 5175 6830 2985 8905 2660 4435 3809 941 9391 8500 6016 9003 1918 1268 2945 2639 9150 1335 6753 6554 9725 6763 9545 8989 3037 7696 2300 6826 6406 3200 4753 2813 1562 714 4843 9655 4394 7403 745 6537 6799 1756 8883 4260 2038 3661 2566 7451 5219 1373 5775 8159 813 4635 7444 7227 4523 6066 644 2984 15 9776 6986 9427 7363 6158 3425 9501 5931 9439 9245 4075 9487 9406 8859 7350 7882 1269 1804 7080 8804 3428 7607 4889 8421 5656 5615 2328 7242 2210 9254 3177 9268 9461 44 6287 46 5419
584 1353 5138 7196 77 2164 1322 463 3786 2409 841 1216 5642 3701 8041 3736 6892 4893 6013 1649 7556 759 3301 4516 4586 9017 3759 7636 5600 31 9402 149 5470 3285 6710 4620 41 9875 7762 3312 496 5874 1947 1893 8738 5217 5958 3247 521 9104 9918 4693 8097 6436 9452 3263 7486 847 8835 3137 958 738 7541 5462 4465 1740 132 2520 1423 6407 7331 6036 7049 8190 1845 8210 536 3269 8441 9586 3342 6882 1344 6744 1484 654 4877 3103 8688 3451 3009 676 605 3215 5898 5436 2028 5304 2352 5876
6166 8061 7991 5308 3815 4867 426 9236 9204 8023 9398 1737 5003 7750 7335 6400 2082 4977 4227 7021 7819 7280 8429 1802 2817 8964 4586 935 8632 3140 7801 8292 5378 6349 5108 8550 9964 8720 1734 6973 958 8097 1750 4922 6750 9349 9424 8877 2879 5279 1206 6812 9100 1785 1235 3684 1770 8136 3088 1279 4204 5578 2219 5196 351 2148 3602 9758 6643 6208 6048 4372 1517 846 6554 381 8753 5807 3029 8447 7176 8085 6540 7770 4769 593 6064 1600 9559 3046 5188 2384 8865 8162 6825 6758 5509 3140 1933 7678
5834 9325 991 2819 7303 132 9517 8736 437 4413 2724 5494 1914 9355 5690 16 9547 6315 625 3810 9174 841 6902 1863 7647 7144 4797 7427 5533 8399 2297 83 422 8624 1301 4405 5238 4183 2153 556 5742 1960 876 5346 3323 6109 1406 208 7307 7639 7529 5879 5059 9194 8010 8650 649 7618 7013 441 677 1871 8872 4986 44 2110 3785 8916 7981 3234 2909 8751 9870 9 6409 6907 1436 2428 976 3852 4035 6618 2048 7 1512 8477 2253 6751 6046 9541 8 5624 9887 3903 9704 2710 5646 6857 688 9979
9403 9491 2195 7395 1025 432 9223 920 82 4209 2075 486 6961 8397 3890 5241 9231 730 6479 389 9879 1212 7730 5640 567 1671 1681 4920 1489 3760 4078 7864 2572 5355 6478 7648 8608 8886 1834 9748 1583 7753 6629 1146 7177 1689 3365 7125 1930 3617 6851 6502 411 8325 5934 9132 8365 3233 4942 4875 8934 2948 8033 4454 7374 6801 9278 7526 3263 7902 6809 8050 2469 6218 1899 9003 1842 1543 5623 2124 7526 6397 8808 7826 3372 404 538 9729 8632 9406 1409 1955 8028 4891 3779 5443 8617 374 6121 4367
819 713 6178 4671 7916 2335 9869 5165 5784 9358 4309 6431 2447 5687 499 8389 6405 2761 4661 340 339 5623 7852 9754 5483 5660 9666 7135 5373 6812 1869 4739 839 5125 6618 3850 2353 7451 1814 8310 2798 1754 6547 1704 3298 3338 5020 5699 7150 369 746 4403 6377 9229 7830 2747 9335 8237 8904 5683 4027 6837 474 9274 8079 5634 4546 5590 2151 1892 8431 2857 2331 9583 8650 2587 550 2968 6162 4351 3922 6613 9623 9523 2555 3394 1203 7895 9820 6633 7969 3900 1258 3121 9187 116 8360 5552 7299 3652
3052 4630 4331 3889 6525 496 1592 6212 5595 9967 6039 6048 7837 3773 5870 8598 2139 835 9246 8178 4298 6948 6311 4547 9962 1214 9465 2448 5530 849 6424 7138 2917 354 2894 5535 7843 4381 7836 3679 8332 9901 830 4463 1243 2539 4228 4257 4671 5850 6188 4190 8985 9238 8344 2481 1324 1311 1320 155 245 6267 1840 8774 838 6487 6207 6060 473 5754 3158 8494 6456 183 6567 7558 6056 4610 3931 3557 4550 8456 8499 2064 5952 9027 962 5501 6080 397 7117 34 1440 6607 2482 7508 8813 3456 3079 2833
1725 6217 1965 3381 6512 3727 4966 1911 5285 909 3678 8331 2793 6364 2915 1523 4291 2622 8134 2694 4399 2908 6782 7515 7657 4171 6973 181 3836 8569 5504 85 9141 5147 5457 408 4507 4266 9729 3169 7817 3009 8491 4939 5237 9447 6452 2793 8754 5230 1898 2558 8292 3945 9242 8291 2727 9169 4202 3230 6487 5108 8446 5558 1538 8687 5053 3108 1220 4545 590 6102 9224 7375 1557 1456 4134 3619 6405 7948 9632 2712 6103 7910 7624 6384 7728 4528 2899 661 4672 6722 2480 3500 1025 3285 7051 2643 9576 7410
4024 8458 1662 6773 6596 4056 4969 2745 7848 8483 8468 5706 1948 7546 7777 6663 1707 7512 7592 1088 4169 2246 6695 5661 1590 2092 4997 9813 4358 9803 3693 8945 6685 5334 5188 3314 1710 3029 6757 9091 2389 5476 5175 4994 2678 3380 3599 8237 5528 9696 2091 3118 147 7543 7605 4443 3563 9791 4592 4887 2830 4673 8379 8645 2114 8281 8332 7202 9147 3760 1791 9298 2667 60 7114 1631 2861 9293 9885 9447 4025 9063 41 6129 6985 9446 3503 5115 5701 1563 5616 1258 2786 9444 4961 1763 6751 9184 5570 7717
222 163 7032 2517 2909 9697 4806 9426 9839 2136 6262 3336 7451 3965 2746 9760 2377 1669 430 2637 5175 6099 7023 9290 7094 639 1284 5737 3569 3133 2045 9486 3101 5219 7202 441 9992 4897 4631 961 7359 7896 1540 1187 2063 6312 8932 8123 3196 1540 5414 1393 5245 2740 4764 7434 8909 8072 7358 2126 7326 7079 3182 8346 1167 7834 5248 8008 8482 1909 5802 9024 6132 6390 7353 7747 3326 694 4034 400 1304 4921 429 4785 2031 4108 5500 3763 4404 8672 3054 6004 2063 4753 6720 6865 5595 9896 232 4677
2596 529 7350 5956 272 7887 5419 5875 3171 4096 4950 1786 8178 1576 342 7543 4911 3489 4329 4857 351 7573 7158 3191 992 8163 4134 3839 6120 9167 2696 6739 8761 1835 3894 5700 234 6023 5584 4143 946 7699 7143 9054 8060 4106 446 6951 1556 8213 3443 4547 7368 1741 5260 5482 6792 5628 5301 1060 1934 9215 1229 2909 1155 9262 6826 7598 2922 1669 5287 7766 777 4803 9307 727 8455 2974 6913 9100 8213 7306 3246 1369 2196 7454 7982 2660 2261 4106 9157 2571 9351 5088 9171 9267 4884 9366 6552 9605
564 5915 2609 7825 7160 1345 38 2801 2138 2601 670 1279 9768 2107 1025 8519 2221 3454 202 8486 5476 8969 1273 2639 2533 6783 834 9446 135 1253 405 6108 8909 5891 2429 1728 4267 6639 5450 9390 2079 278 7830 7584 8141 7196 8457 9117 5245 815 3985 5948 1797 6264 1165 2957 4331 7078 1496 1210 8692 7699 378 668 1408 6772 6878 1406 43 2838 1871 399 6837 1785 8721 447 8472 4618 9567 3447 3673 906 1735 1966 2751 9702 9073 5822 8320 5728 2972 1837 6197 7495 8890 7466 9116 269 9097 8147
2438 3273 4135 6271 8886 2712 4780 1028 7748 3055 710 305 3522 9252 2743 9276 2913 3707 150 9511 7059 8789 9087 6983 8439 7083 6396 1017 1901 2949 5833 9707 1604 4432 4211 499 3517 7115 9795 6519 4929 7115 6813 6844 2604 2377 5887 9728 2142 3588 5636 8120 1538 234 7391 9316 6025 7276 9433 1512 5865 7855 8297 7972 300 3581 6882 298 400 2783 5377 2932 1077 8102 9393 3975 8749 5174 7941 2959 477 8358 3969 3567 7442 660 9534 9574 3682 2370 1961 8379 8829 2109 1309 5464 8858 8183 1951 9011
7168 6431 412 1703 8627 127 3605 6189 3339 4150 8648 9383 1681 495 8476 6889 28 490 6103 2073 8259 8755 5613 5390 5613 3487 1213 5890 1904 2364 8763 7124 3434 3771 1794 374 3237 7371 2976 1096 8392 3786 5350 1616 1243 8215 7591 7820 5160 1921 6408 7359 3013 4986 9014 8839 4881 6392 6371 7148 3723 280 1928 6485 7289 464 8689 6862 3453 9308 2466 9583 7908 6264 891 8557 3849 1338 5618 5389 5839 8529 8928 8170 6332 825 8485 4928 2305 8532 7925 9014 8649 8135 1912 8888 4555 416 2384 4659
6918 225 4013 6073 5333 4337 7968 9792 935 5086 147 5788 4046 3440 3284 489 3783 9687 5200 7259 7105 2401 9932 9894 7653 6059 8667 6878 1783 7531 6422 5896 9902 3840 466 2817 2002 9871 6430 570 3209 2672 1622 5990 1404 1808 2192 8364 2514 1818 2613 7348 8573 9313 5164 4937 9321 3055 5407 6260 2634 6938 3936 5709 4690 1210 3796 5114 6945 6099 3142 2746 8453 8551 2406 9873 5536 1232 9211 6833 6682 79 6472 9454 879 5314 9701 4882 49 2087 1009 4632 8560 1241 714 6276 6912 6515 3045 280
8341 5633 7498 765 9960 7679 3425 4711 4590 6102 1030 465 3411 4780 883 8671 6036 8938 1947 5041 4188 3708 1447 4581 2068 7125 4048 5966 3265 3612 1345 6170 1566 574 732 8612 4495 6988 4872 5665 8873 6599 5702 5899 9246 4485 8672 1423 7135 9116 4195 5665 8471 8096 2615 3695 9513 3871 3889 5101 1363 619 8611 4110 3134 752 2567 1648 6808 5597 6593 6186 2898 6648 3041 1538 8464 6108 2368 717 5877 3812 9186 8996 3315 1598 9678 298 8899 5243 3224 6899 7481 1415 4762 3698 6785 7264 9615 92
4686 9856 3335 5456 6521 8765 9484 7936 6933 5668 608 5035 5919 6899 4102 7126 3460 3108 6292 5065 7668 4271 2216 7335 5706 9059 7328 7696 3845 1903 402 9612 9872 3793 6337 7541 925 2032 9385 3664 5256 1319 9203 9280 4092 3950 4273 7444 8042 3294 1442 102 3656 8595 2745 3955 2443 1262 5347 2173 7690 1287 4911 2818 3214 6350 2258 1768 9941 9694 2970 3317 5739 3591 3565 6495 6812 5743 905 5238 903 3911 9921 5230 9942 2285 9370 1545 2675 1143 2982 1987 5195 9700 6661 1885 6748 2651 6267 7650
149 2379 6088 2718 8829 7273 7967 9570 845 7425 7778 3415 4453 6965 854 3309 8682 22 4768 6678 4474 8929 6913 3660 29 2078 2414 7961 2722 2568 7921 4802 1876 5638 4413 9835 4876 7274 675 8084 5608 4616 2057 5535 5567 7791 8766 6195 2539 2728 2479 4086 5071 4415 4718 1699 2352 1615 3791 388 1280 6046 217 8315 3033 2683 462 9317 4941 327 371 4893 3332 3671 6222 234 1981 3503 6114 5181 510 9865 7234 8828 8805 2132 2540 8392 7335 6672 6038 6942 5440 2434 2173 34 6603 5483 6246 1187
3336 3552 2664 9987 8761 8030 5335 5474 5201 1245 307 4127 7886 954 9445 80 5188 7996 2705 7489 5237 2052 2567 4070 2435 8530 4970 624 4450 3752 873 441 3392 3665 6370 8051 2705 8683 2270 8725 1636 2027 8020 4069 9865 2562 185 6107 5954 2995 6572 5799 5259 5635 8995 2943 6446 69 3881 4143 9136 268 3254 2636 2362 167 5322 7402 3080 1448 3245 4840 1803 706 8314 7576 9210 7426 3322 4770 7089 784 8486 3962 7220 6438 9618 7168 8337 5913 3096 9753 2501 2036 5498 6865 8172 6760 3910 9649
1761 237 2632 5473 9289 6510 5632 5313 9262 2947 9363 5627 6774 1693 6509 6961 9063 9027 19 7557 8675 2364 1719 9965 2814 6819 8141 4066 4415 5570 5944 2096 8735 5497 9202 4924 6869 9323 6010 1038 34 9095 662 9332 6315 1146 6795 282 7513 1738 7577 7889 8026 6852 6927 8156 4427 4365 6381 912 615 2209 2499 462 487 727 4056 6260 7738 615 3463 5548 9429 851 181 8540 185 3139 2964 4069 6588 2057 4534 3875 9566 215 7079 3254 6919 7356 9116 6891 1707 3401 4093 9993 8075 471 455 9511
4240 7035 2296 1510 536 909 8460 4581 1414 9094 3373 9816 6918 8448 8673 1932 5540 8718 8478 7339 23 2129 6853 2396 7240 6282 4446 5735 2408 4506 4326 7713 1059 1103 9472 640 5094 8989 5272 7267 219 5859 1848 2775 4128 7534 4014 2825 3949 2627 5750 2118 3509 2255 921 8876 6689 5190 9915 2926 5653 8199 9309 8707 5286 1053 1815 3059 7284 8299 2820 7315 7083 5358 5024 5429 9878 7392 8169 1337 8641 4076 4325 7541 8206 4459 8074 6173 8687 2223 6594 2668 9370 8409 9566 2112 6292 2570 11 9004
7173 5942 8746 4317 146 2201 8334 8917 1503 3193 409 6073 89 6897 8931 8082 2323 9014 7401 7172 7303 6399 7253 1676 3961 3454 5851 1977 7993 5314 1625 4918 5607 7203 9467 6163 1951 2518 8170 3640 4529 2918 1378 3360 1703 7672 8209 7306 335 6325 1604 4591 9965 8113 2470 1963 7580 1725 2376 8897 9992 1860 7119 5666 7090 6032 3852 6077 2884 7710 4706 9248 9518 5892 9068 6042 1806 1537 9895 8339 2102 1843 7562 6218 401 7745 6346 9195 8260 3519 578 3570 597 3173 6462 9298 7437 8507 8971 2439
5235 3657 9194 5571 220 530 2008 669 4703 9786 9096 9716 5604 2569 7966 3769 9269 193 8618 9353 6618 1601 680 2164 5875 7059 2542 7013 2243 3945 300 2357 3919 6558 3825 8360 330 2792 25 736 3864 4440 1309 6972 5202 5867 9449 2265 4316 5403 1413 4002 4855 7828 3028 9965 6394 8484 3340 5525 3639 675 7319 2019 307 6837 9141 7307 8002 1420 2369 9675 6623 9389 185 3577 5227 2130 8813 3073 8538 2697 8390 3803 4837 2113 373 1289 3892 4490 698 4359 4179 7856 9465 239 5594 1773 3388 7784
9811 1725 9122 8584 1982 6476 8011 7065 4587 7124 96 7891 2597 7947 6688 4574 7973 3394 8231 9423 1640 6972 1165 8695 8168 6078 3603 6534 1153 3411 9200 3285 5935 1376 2635 8854 6709 3099 6057 7176 1348 6239 6390 6715 9605 4835 2010 4652 1725 4158 7456 4186 3715 2779 989 6058 6006 2324 4143 9251 7851 7797 8804 5070 741 8286 3245 89 9242 8993 8154 7327 9716 3177 4033 5314 4114 1687 5725 3483 5938 7387 6186 7893 2882 9219 2908 655 2812 5281 1183 1019 7153 6375 9278 6969 7262 841 2755 3777
9908 6316 6200 1400 363 454 1183 9865 6795 2723 6489 6103 2235 6975 7512 7569 5943 5714 5942 1416 7734 5337 7778 4054 8616 2950 5756 5508 4261 3059 3466 4437 292 9716 4584 2991 3700 6814 4923 7091 2929 780 2488 719 3916 5464 4769 7818 9247 6762 8248 5183 6559 3504 397 2618 8413 3014 9127 9206 4348 7045 2932 3015 524 1736 5148 4331 385 9721 2011 7914 2003 2824 2531 3840 8040 2925 2985 39 9135 4980 1876 7884 2697 742 5488 1744 6074 1099 9508 4331 7434 2667 5490 742 4713 924 6889 8912
5107 6216 5883 1927 1562 9896 1299 2947 3689 4033 9265 3500 1671 4445 4470 6911 6190 6868 451 1596 663 227 1216 2589 4164 2358 1596 8733 985 1037 9505 6623 5880 3381 3452 3181 5236 2703 8933 1294 2917 4439 451 9130 8029 9870 3566 9306 7956 4690 3782 8009 3758 3429 5543 1576 4601 2913 3251 3838 3051 5969 9111 4796 598 5956 6436 1913 8634 2839 6785 8744 1683 2975 8721 5202 5596 1256 5998 5944 8550 3218 7858 4885 9700 617 9870 3979 2838 1532 8288 9246 3650 5284 755 8051 4572 2060 6945 4173
1682 3599 825 2846 6310 3597 2680 3071 7305 6737 3787 265 8961 476 1167 5340 3945 4502 7192 6679 1553 9229 7392 6717 924 7836 7665 4675 7332 5770 9355 5643 8820 1406 1835 7116 9313 5286 575 3765 1597 8386 1185 8946 2168 7013 1032 624 4504 3591 5580 6864 5338 2793 8817 9846 997 2746 9282 5814 7383 2165 8768 4285 7351 3743 7317 4371 6544 8724 9281 376 6416 2996 4433 7967 1459 496 3784 693 9105 6150 1484 7507 6131 4192 1983 3184 5774 7337 3318 1956 5787 2838 8246 9256 8571 6474 3659 1904
2966 7846 8956 6586 5839 8338 5879 8570 7797 5562 1757 3318 6557 101 9055 709 7344 2957 140 7496 4100 7597 8138 2523 1138 4759 2515 6367 6568 5329 2253 7157 1921 1388 4685 3777 9405 7460 6397 1643 1909 8831 3588 6805 9648 2275 371 9521 7141 2540 881 3789 7308 789 7574 8476 4842 9650 3737 3569 4019 1268 1901 7783 4860 6545 9333 3257 7971 4941 9223 3819 5349 1216 37 6314 2303 2159 6417 7851 1431 2304 611 9817 6102 3503 5549 799 9710 1800 8605 892 7119 107 436 9660 4535 4434 7391 7840
8178 1265 4015 2048 6381 3605 3973 1471 5883 9585 2296 9765 7795 5682 8145 644 8398 6803 9564 6147 7478 3692 4340 6755 3134 8098 8502 4206 4732 9342 2441 8886 5189 3102 9814 8461 7612 609 4956 4339 2921 4918 9316 8490 3486 5025 4058 5142 6400 1840 4636 351 685 3789 68 4459 7654 2369 7117 6277 1041 1314 3714 8621 3970 5137 7959 9146 2479 9648 5304 8159 7347 316 1850 4229 919 3318 2918 304 3192 606 9541 4020 2514 4778 1287 6996 3034 3382 1681 641 4087 7786 2873 4693 1832 1615 9430 8722
6838 2982 5918 8810 1541 6143 6395 1707 54 1750 3690 4238 696 4284 1471 6003 5728 577 2569 8659 6053 1458 849 2033 3635 5956 7900 604 9533 7475 7637 1133 1351 1415 2654 5735 3276 2273 9955 336 7928 8032 875 7981 1440 7237 5885 5204 407 1728 9955 6689 3049 6718 3382 9623 778 8760 8736 2557 3782 724 1665 9913 6795 9483 2675 6065 7674 3589 371 106 3057 2707 2226 2483 7456 6659 1708 1311 820 7591 6584 2043 6532 9120 4845 3155 1668 694 367 4137 5438 7447 8183 8317 5435 3238 4244 8534
8972 5461 1451 9848 9849 9411 7534 6689 4250 5036 457 646 8350 2208 3817 2877 8803 4329 9091 6121 419 7482 7240 2800 9038 9727 305 6362 2804 6712 7641 955 3312 4763 854 6922 6083 5653 5954 5952 948 7362 5915 5424 3613 5174 5212 9084 2718 8373 2015 2095 6912 1520 8153 7375 782 1024 2039 6189 4114 2007 4576 8995 8983 9633 2781 9204 190 6762 1864 2214 447 602 2109 3390 4996 2401 6009 8524 571 1636 935 8605 7010 6378 3642 4031 3180 2199 1263 3275 5307 9507 6664 6457 1444 4097 6596 7899
271 8960 6014 7667 9981 5131 2444 2300 5145 2598 1359 119 418 6837 651 7965 7026 8584 5201 3339 7055 4329 3466 9223 1612 7908 5215 701 5081 7241 9203 8767 1387 7874 7819 3024 3742 2982 4567 9860 3498 9296 8047 5832 2472 5990 510 3436 5829 1042 5884 4828 8568 5848 4926 3577 5297 5508 7638 9641 1460 263 9354 5356 5636 4633 5857 4117 9140 4362 551 2562 5820 1533 6949 6540 9647 7587 1598 1333 6779 4608 6385 1626 1716 9223 5774 3674 6970 3512 7526 5191 1007 6921 9419 1089 1790 2626 6985 6009
4232 6278 1454 1653 2920 5812 2831 7754 7733 5369 291 7317 301 9933 5548 1717 386 581 1752 3186 5587 6849 2648 5898 2185 2116 4360 9509 4582 8040 916 4699 3402 177 9825 5752 9021 2270 9570 7500 9691 1751 4845 3391 6804 8852 3792 2533 5991 7080 9614 4776 9399 5122 9836 9314 4872 5841 938 8202 7011 3370 9183 5004 2363 5807 877 4920 3607 8698 5033 8050 553 4208 4359 5522 4165 8102 2837 6371 7076 497 5838 4170 3049 3128 180 7256 7462 56 416 6248 9320 3370 4373 7670 8217 8495 6896 4090
6157 2971 7204 2133 1776 3834 7525 7606 8193 7768 90 8282 8736 628 3600 8816 8828 178 5403 9096 2865 6928 1124 3205 5230 261 4797 1490 1616 9859 5786 1898 6412 9361 3116 7206 5362 4203 8079 2618 8161 8710 2801 534 4819 8306 2283 4022 9600 9193 3391 7758 2626 300 2272 4730 6398 7858 4203 3020 5664 2802 2362 8772 5115 3641 639 5235 1735 7172 532 2770 1778 4346 2504 1758 3638 8878 4436 58 506 102 6468 8271 3155 4924 554 1719 3548 4164 5239 5368 745 5956 1858 3474 9687 627 9244 9295
8139 9977 1125 317 4443 9225 5085 5268 677 3093 1051 2432 4450 4062 9825 3209 4995 205 6716 658 4957 2890 2020 4805 5013 1828 7017 2294 3671 4848 4961 4235 1107 1302 7308 8781 5948 747 3339 1987 3941 6459 8042 970 5194 2420 3864 4033 2074 4747 12 1118 6586 6808 6387 2049 5795 3588 6625 8382 2617 9245 5386 488 1612 1886 7563 4367 1470 1069 46 6052 9251 2324 3560 2053 2941 2851 4570 9873 9871 9849 733 8613 663 9202 9927 5753 9817 3478 3960 6827 3712 4219 6606 3057 996 6851 4003 6197
4435 5199 2620 9606 7178 2249 7752 8269 3266 8918 8050 4534 4716 4040 7799 7894 7536 9741 1612 5337 5983 5860 1437 733 9525 3332 4575 5724 3678 2551 2931 1033 850 8711 1186 9599 7060 2100 3948 9607 9092 2424 5015 4746 7702 8359 2020 1799 3986 7097 2468 9104 4021 1430 5142 3641 9521 8134 8355 5614 4489 4920 9309 4509 8634 3964 8097 4943 7794 3659 8144 1935 5451 3708 2180 7585 8708 7838 648 4544 1527 3198 1944 4459 4111 954 2193 3891 232 4976 509 8345 6876 8980 9987 6297 530 3592 7695 117
1382 3715 2084 7755 338 2435 9453 2914 1222 4729 1081 6128 1512 5966 2511 2336 6202 4710 9861 8824 4163 6325 842 8254 3456 940 2748 8405 7218 1323 5209 4268 9477 4049 9914 5340 573 6315 3055 8711 5137 8022 2749 1191 4895 898 5086 4942 7277 6262 9782 4471 2138 6074 6497 421 9097 245 4573 6739 3634 2381 6408 893 9334 8429 1335 9945 2536 6138 7899 9954 8869 9695 4023 4253 2313 8269 7181 8815 4279 3052 2806 6593 1266 4826 4273 3720 7928 2525 64 5235 9380 8277 8654 7909 6096 909 124 3127
8063 6247 6520 3605 7549 6033 3547 1792 9747 2957 6772 2382 2748 277 4319 7793 1865 9471 1315 15 7725 9206 7189 3922 5008 9790 1062 1826 6439 1756 6291 8558 4162 9616 3274 9276 4888 2658 9355 9441 8490 3509 7876 5379 2160 1812 1512 9434 2038 6892 6818 2407 1415 1788 7382 968 23 9755 2293 4041 5142 268 4169 198 7939 3715 3153 6130 1235 2089 5166 3351 6328 8597 2591 8801 677 3578 291 8407 2160 9613 9700 8236 2161 9350 935 2084 882 9739 950 1806 4937 8492 7999 806 2113 3561 2476 7466
8237 5194 1078 810 9790 5015 5082 4525 7399 4099 1931 1645 9417 3936 610 6643 3007 4298 9436 1212 5924 3146 5431 6540 1877 6522 8 6615 1517 2892 7136 5148 3636 8837 1009 8613 2170 1338 7079 1910 5774 3283 9117 1566 9656 6234 1461 5407 9535 533 5648 4122 8287 1934 8520 968 2395 8943 2192 5619 1398 4552 7366 9278 720 3706 263 554 1805 513 7295 577 4928 1641 6851 1621 6368 7548 8306 2532 6052 3899 8476 9871 6930 2252 6315 7574 1388 8510 7390 360 8711 152 7095 4119 7778 7668 4977 182
876 4778 3527 7041 5728 1116 4212 1540 2641 1674 480 3887 2721 3807 5007 8765 139 5824 6530 281 914 8676 1162 3659 5048 4509 7065 4154 3756 2082 1415 8323 9144 9865 5015 3886 7264 8228 3331 7901 2809 5358 6191 4709 488 9080 7449 3019 4281 2025 1799 2283 3744 9124 6903 1157 3358 2192 172 694 4953 2999 3226 4058 7478 8792 5005 2933 4570 8473 8479 889 2879 2979 2505 3260 1796 3094 770 4856 200 7327 5931 2377 3638 3444 966 9694 1149 8343 7638 6209 6653 9642 5511 1463 3649 6639 6326 5026
3219 7695 3986 5249 3176 3891 274 6066 583 7008 3018 1939 2264 939 9436 1211 3621 6870 8384 1779 4883 265 9726 4703 7411 452 2994 1835 2278 3898 8467 4558 6569 6876 9766 202 2545 7069 4257 2839 2769 711 8908 3844 5079 4601 1487 1082 1830 3714 7967 6028 8470 8066 177 9521 8031 8257 5995 4562 4546 6384 1568 9241 5170 3371 4765 6890 9017 5 110 6540 3447 5197 7375 6867 1728 6749 5604 2238 2731 5676 9151 9274 3454 5609 409 7173 211 3047 8510 5861 2698 471 6172 9100 3608 7205 6759 992
2903 5202 3911 7019 1383 8515 9656 2175 1336 2577 5767 9286 2955 8921 8711 6165 9050 7262 1845 1215 2381 5841 6704 3644 7702 1720 4970 6634 3291 2850 2410 4454 5313 2008 9571 2460 1035 3995 8032 4521 5944 6989 6890 7760 509 9989 3997 9676 4608 7036 2464 6122 8369 3356 6316 1590 1023 3768 372 6769 3072 1449 3225 9000 5369 1294 1831 8100 6783 3231 6134 8702 9552 1628 8201 8047 3707 8336 9422 5455 2013 8880 6253 4000 9188 8751 9460 1277 7759 6051 2028 9368 752 9282 1313 8663 1819 5366 8332 8487
123 2829 706 5216 1704 6620 4715 760 4412 6304 6352 8182 2255 7376 7367 1945 652 7374 5616 1245 8669 2903 8410 6798 8112 6301 7372 9809 4618 6007 3088 5244 7124 8510 119 6466 3743 6932 3544 7763 7630 87 2990 5135 2971 4352 809 8586 2003 6024 5204 9623 4802 4401 1649 5151 3806 6652 8571 9168 214 6739 7783 5006 25 4594 5018 1645 7076 8091 4321 8873 9594 3080 4605 1779 8610 2785 7035 7652 7329 1943 6192 2758 4074 9702 106 8115 3392 4388 2919 738 259 9391 2189 8914 4432 1156 3646 4888
8147 8363 4924 7 7561 6769 5022 7898 8940 1138 607 4132 4465 6300 4072 7561 402 3129 4806 1192 4220 4600 3365 774 4509 5597 6885 2082 1172 6458 8502 1663 1994 1528 5297 6734 3658 7138 7656 7975 5133 8529 5917 2433 2515 2952 3036 3608 8863 9530 1249 7622 5833 7306 7297 939 8637 4937 7759 4181 968 6718 4868 6905 1426 7538 3728 3368 5835 1074 1363 4995 5229 2252 4413 177 8855 1865 6916 3633 3353 8148 7461 4218 6473 7939 226 9138 9575 8369 6851 5441 8137 3627 4950 7715 4484 6877 1994 4689
9236 8250 1919 4333 4380 9738 1879 6903 2691 1892 6822 3895 2036 3616 6215 1102 8315 9578 5153 7546 9559 3612 1497 5749 5238 9805 5442 9483 652 2001 2066 3776 2316 8453 2918 1263 2309 2690 7599 9055 1808 2674 8336 1316 3955 4181 816 519 9972 6898 8842 6212 7838 6213 3690 37 2762 7771 738 4212 5302 2544 8176 4616 4710 3020 612 6920 3824 6376 1131 7394 622 1659 1567 7529 8875 7945 2938 2515 9699 3281 4008 7925 9632 7277 537 3630 2630 851 141 9010 7434 9834 6321 8034 1052 853 3639 1213
6757 4935 6867 2973 9454 7060 4440 88 3936 8035 2044 9007 8804 9649 1890 3318 820 7846 3896 199 1863 9202 5471 9287 2964 5536 3938 56 1357 9102 5399 95 3801 2499 6817 8648 3262 310 6882 8315 3066 563 7356 2171 1147 2447 8231 973 1147 5812 2819 7046 3313 34 6039 8800 5335 1017 8991 4186 3224 3942 9919 3078 8383 258 1131 6129 8714 7591 4022 5419 3956 4652 8180 7243 4915 1063 8170 360 6618 7357 3306 6693 1030 6076 463 2078 586 4365 4373 1500 8653 8283 4776 7220 5650 7353 8242 736
3501 9804 4229 4681 4068 7121 2818 3049 6217 1826 9885 7862 9102 6308 8518 1604 2665 3049 8404 6546 2185 8738 5966 2428 3472 281 2394 2141 3153 6844 5722 6445 2249 6858 537 7176 1313 6421 8386 9156 4607 524 2384 720 1402 11 4363 9343 1028 8328 8855 2923 6911 9224 5020 5779 3188 5718 3612 2973 4677 7205 5662 1729 3839 9604 6677 289 7970 6388 9830 4672 8201 555 3586 2842 1144 7844 6995 8021 2691 5970 499 4173 7978 388 9668 257 8865 1024 7001 863 5914 7855 8846 7167 3414 3269 9031 7244
9241 6167 6074 1726 3744 2942 6848 4096 4256 8141 9057 8500 533 4466 864 5746 5620 5275 4700 5166 2819 8039 6527 1622 7827 2374 4019 1460 3072 2225 9522 374 6930 6126 3131 8840 6604 2636 1900 4357 9263 6272 3042 9412 6486 3464 6854 4414 2978 3646 6721 5375 9736 7410 8136 3011 546 5858 915 8079 6411 2244 334 1070 3132 6778 3860 3098 9861 773 4557 5136 9745 4163 6309 248 7530 8347 7077 7257 4108 1640 3115 645 1291 6833 7968 6720 8660 3180 1652 1074 8259 9349 7377 9948 9959 8474 2309 5036
682 9233 6707 4098 2252 5676 4602 6631 9333 6786 3918 6199 943 2896 4541 9967 3400 2846 3884 8441 6098 9856 2943 1827 9452 7207 6728 3588 6115 893 2839 967 968 6939 3330 7241 9865 4900 3420 2387 4087 3221 9398 3781 5965 1242 358 4731 4655 6843 9992 7707 6769 853 6406 6916 2433 9474 9474 4380 7445 6892 7215 46 2297 4961 5817 9636 2555 8290 8719 6200 9920 1011 9888 7999 7769 4434 1610 9376 9797 438 6390 1024 2556 6888 3982 5588 989 807 4250 2097 8762 5756 9252 8982 1948 5378 53 8370
9158 9212 9978 4387 1772 2886 759 2474 1761 2155 1147 7224 7000 524 2329 2775 3187 4060 7257 4088 2054 5469 3139 563 5406 3133 9596 6175 6798 8110 6008 5713 4272 2103 3199 9092 5286 2113 2879 2321 1753 9073 5578 2954 3618 6957 3232 2408 2847 7225 2950 9154 3744 4936 2643 4465 7820 5823 101 9615 7992 9020 2008 9084 8768 9772 1608 360 5183 531 9308 6816 5424 7571 1791 6040 7012 7855 4270 6771 3690 18 5292 5828 4649 9064 3896 1311 1666 4552 1003 5167 9365 8197 5201 4915 4137 4811 8721 3697
1892 2963 3250 3845 4083 8817 2293 9618 6481 5341 2189 1485 1636 192 6892 3481 6699 4680 239 6850 2291 7869 5636 3984 9904 1911 3981 9923 9405 5009 2770 484 365 535 584 1311 4622 9377 2784 6703 7716 8294 8243 4354 7300 396 6361 2005 252 1824 8188 1299 7108 7518 7287 5166 2929 9944 6214 4148 3409 540 6520 2134 6585 3998 1505 859 9126 5309 598 9411 4994 5358 4269 8832 7991 8314 4189 6864 2167 9461 5135 7759 8809 3344 4558 7590 2581 4640 2799 8304 4648 9953 1601 9915 3886 638 5457 3629
8888 895 6253 3496 5833 6877 2182 1394 6740 6191 6181 2799 7701 9473 6741 8829 3267 9914 8288 9843 8250 5833 8305 758 6655 4572 3581 6113 3246 9011 5130 5030 2933 3997 7069 6409 461 5538 226 6456 8171 4352 3540 3721 3610 816 1326 9767 6234 6392 2886 7846 2949 2731 9906 7877 4508 9811 8051 6321 7456 3712 6615 8499 5536 4242 325 112 6380 4402 348 3579 9524 6989 4122 8015 8034 5176 9667 8116 1747 3676 9502 9500 9017 4495 216 3888 2132 4940 5425 4269 3534 2938 4746 9005 1440 8899 1013 1267
7954 1202 3596 584 3373 7018 4357 3908 1133 3519 1052 5645 3344 7859 5218 367 8714 338 509 4962 4965 7366 1909 4664 4335 5660 4950 6198 7997 3167 9994 5329 2700 8636 7567 2073 9942 3058 3858 1794 1460 6037 1219 9641 7503 3367 4383 2595 6514 3735 784 6393 461 5714 5364 1813 8031 2326 6330 4844 1674 4763 2675 3773 8333 6168 5395 6302 6503 4787 1407 5634 4322 1745 694 1275 6923 3763 7970 5512 1430 4360 4425 8673 7835 6366 5098 3834 6898 7269 7691 7936 7947 3919 4926 5791 6227 503 6141 8013
90 4612 289 6042 7942 6001 5087 1490 2728 515 7528 3786 9273 7164 5104 1151 640 7999 4339 9567 8174 873 7206 1019 4778 4838 4422 8037 6145 4475 1176 1432 6702 2047 4303 3905 909 992 389 7228 656 5254 1975 1177 1326 1117 8870 4766 4865 6921 6725 815 9647 873 5515 731 563 7102 8428 327 222 8521 6062 5986 652 5271 6904 7067 3711 383 9508 957 5802 3347 9613 6838 5726 6125 2629 8563 5833 7801 4226 3957 2226 7689 8732 4845 3280 6751 2211 5705 9485 5129 8417 9570 3335 600 4243 1647
7623 4641 1079 9837 5851 1694 497 2226 372 3652 7702 5539 5485 833 1647 1 7133 8548 6384 8045 5722 531 1508 9648 7554 4903 251 5298 1276 5616 3651 9330 9033 6916 2223 3770 7380 7798 2700 5460 9910 5529 3996 5587 3558 136 3692 8038 7069 4298 3600 7992 183 9172 1292 359 8736 6828 1356 244 8882 9365 4141 5599 3638 1972 7605 1165 2861 8109 4343 4313 8072 5865 9598 9575 2303 3349 5188 4271 542 4885 3804 2518 7396 4413 5681 3628 3014 9506 5997 6706 2650 1264 8210 6502 5556 494 2332 5088
1447 8534 9198 2353 8737 1172 1863 8 940 2446 3715 3979 5320 9169 4736 5194 3610 2131 7662 5480 4925 8173 156 813 5024 216 2979 6405 7617 5086 8527 8519 6029 9368 2433 471 7635 7875 5526 6614 8454 5102 9938 6191 1293 3589 4310 6635 5248 6977 5139 5473 6016 4705 5626 893 2175 1186 2052 9875 8717 7526 5297 3395 3598 8473 9138 4615 9954 6288 7164 1070 2531 7402 4572 6005 161 1689 2092 1230 1019 9197 1529 4929 1190 8351 2135 1661 4586 4189 2293 3287 2452 8618 5057 3502 1353 8532 3299 8791
. 782 921 427 366 405 152 150 138 339 344 239 803 399 308 995 601 369 381 590 346 967 906 825 534 282 18 347 185 214 393 968 100 428 614 368 172 513 788 202 798 733 197 703 775 . 8884 2169 3957 7611 2277 144 6073 7031 5603 7707 7627 2277 8456 4839 1912 1794 5330 8785 7421 6954 4916 7961 3540 4648 5143 3075 8212 353 1660 8068 8306 6343 7379 7859 4632 1600 9172 5990 9475 851 6215 6608 7272 9025 2018 2844 5496 3062 2759 6662 7821 6969 1848 4447
6361 9127 9094 7253 6883 4294 7832 3537 1209 8507 5638 7285 9605 3969 9279 8514 3259 1771 7466 6862 7259 1519 2377 2784 4171 8386 7103 7945 3828 674 3740 3277 3983 8882 1652 9176 9851 1068 1905 7784 7875 4621 3781 7618 1455 5718 8868 5857 1109 2920 5976 5945 8633 327 2844 2662 7720 759 1828 3979 4537 4175 3100 3890 2266 1118 5688 3655 333 3091 8202 3285 7211 7841 5232 1735 3441 3895 8208 657 9825 5053 9665 7541 6456 1059 5183 5073 125 6236 7688 4479 8282 3288 4554 1719 2783 3221 7146 8996
5453 693 2209 1653 8546 1243 4968 3444 9236 5791 285 2336 918 8511 3481 779 83 8614 5841 8052 8553 6907 3684 5478 2215 5551 7581 6934 6266 1539 1132 5228 7336 7381 6058 8478 9997 1955 2953 7999 8930 7021 5827 6036 7762 3225 1512 5120 877 8438 9794 3208 1495 3145 2235 5969 2934 6305 269 9460 9476 947 4233 2459 2048 8320 1135 4387 6504 9471 3187 7619 2730 4612 2697 3122 1796 7688 4099 8264 4669 2442 9154 4984 985 1467 1488 8076 4617 9515 9984 4306 4210 8570 1856 3738 570 8886 3113 4022
2925 464 645 7033 5176 6039 3506 7674 470 2732 9134 7163 7666 5010 9732 3127 3230 5526 4546 6061 9785 5030 899 299 5991 1033 3371 7181 4912 7409 699 3083 9205 1121 4240 6689 3279 8045 3297 3473 1141 9313 1372 632 9843 273 9735 8081 4631 4869 9793 8344 8251 763 3295 5988 8543 8974 1350 7676 3335 6898 4029 8387 3391 2064 652 9358 5707 6018 8143 572 5802 755 4474 4606 1204 2770 3699 8324 7414 1384 8156 7682 2797 7559 6577 6349 695 9910 5679 7380 8452 9031 4091 9542 4595 9120 1060 6610
4223 952 9603 3868 4762 7423 5751 647 4788 5244 3660 2585 6598 3389 6984 6439 438 5052 3627 3351 813 2145 7975 1193 677 4553 6081 796 8300 6336 4451 8959 2583 1514 7165 1511 7074 3024 1844 7889 938 5440 7595 5824 1248 8482 1530 2918 5196 2204 8792 1835 4391 2327 7203 2688 8201 8186 303 7901 9459 263 8869 594 2479 4687 9097 282 4090 5522 8584 8131 5411 2947 5946 9961 4553 1508 2034 7764 894 5172 9684 9892 3219 3159 2728 4948 5824 7526 8097 6227 2972 1392 1436 5204 5052 8817 364 8304
8478 4939 8762 1972 8823 2098 1496 5223 6200 1573 1339 8519 1835 3223 5170 1689 9170 9930 9400 8330 5723 6950 4149 8885 7130 8503 6551 7346 4447 5073 2931 3005 4367 8645 2686 5834 9145 342 8668 8254 1304 267 5322 2557 8661 2609 4212 2652 270 6411 4883 5540 6837 5270 1415 5926 4569 5629 2489 1417 6527 6145 6762 9723 7850 866 2173 7476 4673 2075 5879 7243 5672 5540 3709 567 4191 47 853 1617 9574 1631 1638 2551 2842 2908 2423 5956 7794 7600 1033 7408 7588 2492 9293 6002 161 4579 7708 7073
1447 1847 4734 851 5750 5729 6080 3182 2440 7088 4521 5811 1412 523 347 757 322 2778 5706 1212 313 9201 1577 8594 8108 9497 1479 8794 6149 4343 3121 7009 6004 7303 682 2797 1912 3848 5330 437 3266 5373 9118 7536 4783 5346 6903 8731 3127 9017 1703 5917 5752 6340 5767 7297 1845 8206 1850 3735 6457 8739 2687 1307 5391 8957 6392 4297 6379 9912 3376 1672 6763 1520 3964 7614 2314 7178 4715 5487 6071 1474 3096 5566 7628 9980 4072 1586 4488 5818 1988 650 8135 3369 3528 2908 2758 8699 8364 3535
6124 1175 1757 5820 6729 8995 5552 1866 5307 3240 5065 971 3376 4418 5275 9749 9998 9158 6540 8669 7305 1079 9767 4651 2135 5929 8958 5476 1170 1484 4758 2460 3063 885 2228 7879 7226 8251 1199 1012 4150 7603 8189 6258 5142 9694 3968 7046 2755 2293 8922 7476 3390 5984 5222 2389 6452 3347 4220 2480 4788 4613 1077 5903 158 4646 5658 5404 2680 2059 5868 8798 7288 804 2268 2445 3949 8038 5581 2467 7118 1980 1366 1112 776 1856 1699 5642 3858 8960 6321 9141 9427 6844 5211 1967 6387 9087 3176 1957
4029 3353 6494 9178 2579 3102 278 9462 3513 4514 1036 1631 5071 8273 2027 664 5495 3060 4666 8298 5928 4297 9248 2139 2815 4381 2707 843 9891 3557 9933 4183 6723 5708 1151 8125 3929 2171 7559 7192 7540 4393 5074 9771 4561 8540 3033 5446 2019 9415 8832 4263 6290 2354 321 1512 2748 1107 4489 2410 3786 4502 3050 3346 6362 3412 5445 9871 2082 9067 5456 544 6325 450 9113 6399 6089 4207 8530 1774 5532 3419 8305 8659 6947 2199 7797 4875 6546 2969 7019 3396 2106 8549 3925 7990 9315 3811 5977 8867
2980 1974 935 5853 46 6244 9166 8113 3527 7293 4528 2665 3517 5981 2471 5614 5824 2014 6908 760 7772 2266 6171 8612 6022 6076 4590 1774 3060 6811 4179 7851 8983 9021 1992 2548 675 3674 9740 5931 8524 6210 6290 3034 4370 5467 1182 5096 5605 9308 5622 8567 356 191 2892 902 7007 9462 5848 6779 6518 7568 6704 8129 8486 983 7849 2771 3536 2976 5267 6412 2225 5312 1115 8430 3008 7802 600 2778 2023 2865 9203 8995 9631 9920 3178 5522 9765 8069 2357 5517 1008 2970 3901 795 7786 1613 5577 2224
5426 3938 2236 4846 2668 8814 1886 7810 3241 7402 8993 3828 2183 7567 9453 4566 6550 352 2963 3411 7065 5594 8690 9698 541 8746 5683 3432 6037 6852 3715 8069 7353 9693 2751 3818 2537 9379 9049 9833 9460 6540 8412 1483 8103 4112 1142 6214 0 4103 3560 7525 8145 9664 9234 9294 9505 5801 1948 3702 5659 8306 111 7104 3339 5542 4173 2464 5339 4124 6942 9331 7763 3134 1428 3724 6724 4109 8914 5777 5568 7209 6259 4694 2062 7588 4359 675 5111 2675 8538 6068 4988 5773 3264 5777 469 9621 9079 586
4128 910 1748 3395 7546 7822 3645 3400 4068 2068 9485 5487 1607 6924 907 1697 6874 6273 2661 3404 9843 8490 3634 2145 862 5082 5066 8646 1157 4550 460 1143 2740 9818 1856 8769 8129 8183 7725 5351 7131 6463 7807 5344 7054 5138 7218 5598 5254 6000 6150 3283 4412 1708 9675 6802 2090 9112 6096 5103 6619 708 6988 9554 4015 710 6226 4287 7320 6504 9013 589 6646 8183 9179 6097 3870 8141 9587 6692 5672 4674 348 1303 9322 2563 505 6294 9357 7442 9364 5900 776 5406 9009 9581 6662 6446 7880 9537
4783 7650 5506 4918 1419 7340 6759 3291 8324 6632 2279 2349 1056 4028 880 6003 2168 9320 6 3763 6210 5112 7910 3402 2521 3328 5563 4838 2434 2560 2591 3199 1002 5716 2659 1044 4850 5331 5491 2200 4729 4049 89 790 1384 2107 2273 3353 6225 6828 117 609 3847 7781 6784 3800 2905 5811 835 7172 4187 7591 8150 7604 4599 8474 6048 1017 6522 6640 5562 6878 841 553 3374 7070 2815 5120 8988 375 3137 5660 7169 3923 2209 9862 329 4617 1101 3189 5582 7005 6166 8612 8519 1003 5663 9304 6842 529
2658 7014 4343 9682 9094 4939 4923 4435 4106 9139 7987 3220 552 9989 9386 2580 6659 3428 4819 5146 6171 6561 386 8205 2436 6158 8842 1853 9367 3495 1853 9647 4040 446 401 3347 2200 3776 1639 6413 5657 5420 4000 4048 3594 7496 6268 5405 7289 9349 9981 9248 5918 6207 8535 5361 9285 5344 6097 2365 1330 8596 3224 5901 7017 5033 5964 4375 9062 4266 2390 6175 5654 4634 3416 5405 4523 4884 3932 3967 792 1314 8581 1497 9164 5212 7987 7265 295 9010 4536 7585 4067 133 8082 1978 7853 786 2264 1299
6843 4183 6549 3700 3023 4834 7779 6744 4567 3227 6387 5772 3791 9134 818 8653 9717 4900 5690 9231 275 8476 131 7520 6532 7451 7267 3089 2762 1546 8702 7400 504 9294 5808 9937 7812 6679 9987 4000 615 1109 3231 5790 6677 9616 7072 7725 8166 5723 9798 6834 8374 411 8533 139 6504 1504 500 5019 3280 3494 5111 2297 3332 9724 7535 6963 8153 8943 6993 7467 7373 6229 2649 9795 8690 5808 2695 3500 9249 3463 8738 8240 8265 6836 1552 3352 9304 2470 6452 7765 6625 1685 8159 8378 6670 8109 5884 6806
3971 4862 7648 5450 4077 1366 8771 3339 4480 2759 9480 6497 8748 9591 7668 6200 8291 5748 1274 4083 2817 2914 4518 5135 7057 6218 8849 9236 1609 5163 5118 231 368 4044 7746 6122 1310 1479 9074 4734 3906 3257 9559 6160 7225 1037 9475 2803 865 2333 7014 8442 7490 6726 6232 2612 3031 9315 7382 1840 6304 1797 2803 7330 1575 2411 3995 1399 9699 7765 3909 2763 8824 2027 209 5291 1017 2109 6893 9610 3542 9897 4387 5308 6213 1930 1631 6184 9726 3997 2596 4900 4854 743 4637 3222 988 7415 374 6835
692 5644 522 168 2526 2471 2297 2021 5341 8835 2808 9954 6899 7227 7005 6096 2109 711 660 2352 9076 7421 2970 2818 9236 952 1665 2255 6577 6700 5392 4422 2842 3662 6139 6626 6017 6314 734 2199 2896 1207 1174 4595 5448 3724 2815 5481 9237 7191 3652 9247 7255 1871 360 1100 1391 5504 9588 5256 7308 6437 5196 4748 9732 5666 1869 3350 3137 4372 111 1210 2795 3401 7623 2682 7963 1256 1556 7642 4748 6004 7898 4365 9216 1864 4637 7462 7778 170 8222 4269 2444 7763 9355 2717 2583 2414 7945 7217
8461 5397 8076 5812 6154 7798 5590 7831 794 9703 6038 968 5039 6595 6569 3168 344 9246 2909 3957 411 1121 4660 2406 6065 1164 8643 4735 2742 2522 2278 1927 2094 4143 4597 9403 4164 5280 9791 4269 6126 3690 6203 6082 4789 2383 898 8535 8328 4181 3097 5351 1482 5249 3001 6160 3026 9938 6196 5973 1368 2717 9888 669 3501 3127 3700 5764 9880 1603 8061 3264 7548 9430 7809 298 8402 9603 9302 1708 4639 7797 5650 7273 9649 5410 6942 8059 8673 3193 8816 6025 5775 3139 3333 6213 2978 9398 50 485
615 3203 6772 3934 834 4460 9174 9016 1930 1269 6008 4743 6764 5422 5028 5717 8871 8954 3934 4626 7247 3901 9294 8793 142 4767 9521 3762 755 7943 146 3602 4089 2161 4861 9094 1317 9945 7481 3829 3016 9240 4231 2407 9689 6660 8023 2016 6167 6689 8358 4445 9551 1675 5256 1752 3918 3602 444 5285 4597 7378 6044 3335 8848 9716 2289 8347 6698 3430 2529 438 2690 6195 8669 8609 6920 8554 6040 8105 7375 5608 7932 2358 7190 7620 4837 942 7940 1533 1582 9691 5418 6924 5213 1118 4975 3203 6088 8361
2381 6713 7990 5489 973 1557 3915 9729 8056 2049 4978 3965 994 6894 9415 817 7598 4373 2774 1391 6651 9631 8216 4860 5010 1525 9846 1779 7047 2447 1089 2560 130 9703 7304 8549 2689 9710 5199 2093 7062 9152 8052 4573 493 1905 8594 2923 1603 9725 4996 8775 4493 6264 40 3723 4889 4654 6667 9181 8711 4956 7585 9862 1943 9225 9651 2985 2254 2622 6774 8100 49 6085 9999 9828 1382 3544 6474 4154 1620 2651 6805 9409 302 4331 999 4254 4860 2336 144 4492 5364 4686 692 7643 3667 7815 8071 4137
8281 8755 6294 7036 2094 3554 5758 6536 744 9347 3336 6375 4975 3032 6527 5256 4082 93 1795 2458 5951 279 6836 7597 2038 1912 2595 9724 7296 6152 9554 9478 311 3515 60 6344 9903 1268 7303 8292 5059 6241 2102 730 5013 7262 687 2491 5908 1369 4449 8047 9334 940 9342 1109 2267 5019 1950 715 2753 4703 8809 5333 4201 8217 5035 4149 8125 8508 1160 6331 64 5525 4835 5868 1131 9182 7998 3086 8944 6056 2379 4914 4899 4731 619 1570 662 6446 7937 6597 5313 8643 5301 8722 2646 4198 6094 118
7219 7325 7352 7158 5352 4967 9801 1356 3337 9611 4270 3730 257 3364 9096 6088 5142 4185 4751 2119 4585 2182 301 9530 1526 8088 9979 9438 9651 299 9811 1797 8118 9404 9326 7351 6055 2329 8459 5465 860 7151 6137 5538 2241 4511 3069 1876 2599 9783 8012 4341 6276 4640 7821 6477 3189 3954 8946 6670 7800 7568 8473 5073 1963 4887 2522 1445 7030 2926 6947 2582 4732 7798 617 7881 9282 9913 2192 3479 2688 7041 8973 3779 2614 8151 8526 7380 4657 7319 8508 7023 3222 3778 3122 3078 2143 1159 4943 3535
7580 8213 7106 4862 3261 9769 3308 1857 9163 9445 6948 8057 9042 6858 5994 6545 7223 8412 2415 779 3009 5645 9101 8181 8263 4630 6629 7666 1375 7547 7928 4915 8244 9629 1068 4813 7613 3216 5058 3012 5026 5244 5642 8102 6751 6553 2095 4217 9093 8139 5431 7251 1189 2164 7874 763 9559 5488 1014 1094 8152 7478 216 2962 7038 7862 8786 7240 3726 8377 7303 7080 8439 2216 7192 1186 2153 7222 6832 5434 4114 6225 1270 5208 1832 2243 8972 6560 7786 6203 2740 8433 7376 5998 8833 2622 9096 8734 4467 6180
9890 4290 5590 1684 1388 290 3387 7950 4675 3650 3685 9843 8400 6391 610 4765 8695 446 4116 5097 1357 3384 4358 3686 3776 1094 3692 6561 9788 8801 9822 8074 7009 9318 4613 3147 5249 4275 7657 1594 7113 7831 9458 4961 5030 6003 5281 9647 3729 2760 870 148 9967 4610 1625 7164 8180 359 2465 5288 6732 7210 6422 3282 2454 9278 3457 7554 543 2557 2197 5269 3438 4931 7315 9450 4762 5249 7891 7934 2328 3971 3324 3762 8470 464 9775 1241 1888 3972 7507 6336 4179 8571 6118 8071 7430 2081 7352 4752
201 4604 2254 9613 5232 3323 5561 4724 4613 7177 3007 9528 5644 6101 9009 6026 3196 6025 4632 4359 3212 5967 3401 445 3204 4775 7535 6397 1046 7097 1628 9101 479 8257 1024 7656 2014 9487 4824 5410 6628 3934 639 8094 7782 6284 4351 1847 6598 867 6830 4043 8864 3592 9062 8726 6283 9202 5092 7433 5043 5267 7406 8624 1231 4630 6007 3387 2512 6562 9710 6252 6053 6064 5368 7431 3677 6564 8872 915 2845 7215 5182 5743 9158 9889 4394 2196 7532 1519 4279 6927 6570 2546 2442 8164 5959 2993 239 8471
9247 3277 9990 1630 4222 5786 7700 4755 865 9790 386 7799 5083 4192 5670 4824 3261 2323 4325 8807 9788 1020 8434 5858 6391 6216 8804 8763 6644 7580 4209 8228 4175 9052 273 7194 6906 592 6225 6412 922 6567 9582 5188 1928 3020 5634 2069 4397 995 5740 3132 3567 8325 8350 539 4973 3221 7581 3195 7191 7282 4432 968 4409 7940 9282 7769 6785 7904 7512 2169 4483 2918 3403 8308 2649 5707 5197 5985 8443 2531 3870 6723 327 680 2038 1930 1091 8048 3780 7973 4008 4571 1866 3922 5883 4358 6718 2145
4394 9006 7089 8951 5951 6975 4227 7584 298 5884 1055 1077 8639 2724 4874 5309 2606 8774 8298 7276 278 1228 8523 6570 1861 8020 9039 8406 3809 1884 3301 3052 545 9201 273 9949 119 1754 1422 4204 2336 9806 9300 2135 4795 7289 5664 6895 7419 2384 5306 3408 2911 7977 8058 9374 5018 3679 2807 7987 393 2620 5533 1913 5449 7385 1634 8218 914 6904 4118 1040 7737 611 6216 6366 8422 7888 8347 5700 5494 2877 9059 7637 3415 8500 1326 3077 8773 828 8886 7258 6794 3167 7744 1882 5349 5822 9634 8635
5460 969 2548 9139 8375 3756 319 4116 757 5161 4785 4348 682 3127 2136 9153 9520 1554 5985 7731 26 6721 2378 2546 6339 9438 9666 5377 8702 833 4336 1652 4035 4022 5723 5051 8135 9881 6609 9569 7175 4409 7159 5566 4952 174 5008 9636 7572 6172 1646 8775 1697 6731 1164 3434 9389 1700 8121 6284 1372 62 8192 7972 8957 923 6506 9135 9295 7857 7575 4665 3247 3721 4842 9555 9093 545 9727 109 9877 7543 4845 8368 7983 9267 9509 9169 8682 8174 9966 8431 1643 2136 404 4383 3703 6212 137 7163
6835 7070 4125 5831 1049 3004 6959 2622 2391 5962 4016 4260 5178 6097 209 4835 5048 1145 6993 1757 7741 8367 96 277 8628 618 2701 8650 6763 2277 3562 345 3914 7978 995 4781 4796 2724 2824 5524 2045 1293 1422 450 2270 2534 9085 742 895 2259 5297 7781 6736 8179 568 2107 6690 9596 3560 8116 1547 676 6546 3435 8590 7348 4066 3782 4279 3354 6011 6268 8238 3080 5431 3744 5361 5511 5413 9794 3468 6870 8636 2839 4066 8895 7139 8817 586 4582 8208 140 401 7585 7598 2347 9663 44 2960 3098
250 5586 7607 8858 2489 6729 1424 3167 2656 6411 1850 2169 8875 978 741 545 7125 7178 997 8370 8275 5259 5059 6739 2138 7460 7709 9922 9212 8299 9357 1599 7051 4011 2631 4760 6693 5063 9297 8729 5283 4978 2098 6972 3871 2363 8265 7711 1403 3677 575 3047 5499 8218 8818 1621 770 1639 5172 3893 3661 794 6912 6606 5408 8454 7399 5635 635 5596 6639 737 6478 3229 4005 9452 2162 644 8854 792 25 7486 3454 9685 4903 5717 6125 5970 6376 3683 4283 7463 1910 6121 5346 5893 7338 8183 8866 9201
1981 7651 7783 9076 5317 1077 9162 4514 152 919 4709 2573 5663 8465 8360 7252 7666 6451 668 4068 3632 1091 8039 5911 2086 8601 7672 5945 8945 1524 9522 5959 3771 5853 6739 1192 5038 6035 4818 4902 5182 220 3786 1824 7252 4417 2997 5780 6901 3128 4594 1195 3224 7774 440 6899 1013 3825 197 5708 3140 4262 9671 4995 3416 2098 6818 4722 6332 7203 7231 2912 213 6396 3314 2870 2319 5922 5421 4620 3557 2720 2716 6916 879 8534 5332 3548 7247 7296 720 9673 7057 1688 912 7354 8952 5749 4767 4795
9606 100 110 7521 7602 5267 5315 5816 2966 2607 6 8759 1617 3223 752 4683 8092 83 7324 7721 2456 237 8886 5916 1590 8025 1127 9642 7857 7477 4504 634 3639 8152 7028 3568 3822 6320 7916 6136 296 3239 7420 6822 1378 5220 9207 1771 3608 2908 6201 603 6174 3398 2637 1962 5603 6684 9780 8345 9188 6319 5422 6996 3716 1106 2190 6915 6466 3708 9822 3526 8097 9671 9210 145 5570 631 8193 6920 5360 4555 7606 4801 7897 65 2858 3564 7676 6472 5859 8590 7423 521 9526 3501 8164 3974 4156 1416
3946 7872 8579 2645 9061 7613 7968 6298 1710 1030 8659 9634 1097 9712 7497 3104 2287 4937 1434 9444 9317 214 8151 3190 8496 9281 8749 6620 5112 1378 173 3092 342 6271 5544 6241 4704 2234 8070 6764 4002 4407 1553 7773 6673 6256 70 2737 8682 5317 2807 8581 6820 3038 3233 1976 3746 4373 4822 3269 3428 6952 7645 6997 8375 8819 546 4172 9296 8858 4517 55 8435 6523 2938 7204 4347 2435 527 2436 7899 7723 2949 7314 1643 4202 8767 2093 6029 5128 931 3401 2962 6893 3393 2628 5216 4617 9213 3447
4238 7929 8243 5964 4888 7849 2509 2368 2815 4995 2143 5586 2914 4217 449 9924 5831 5915 981 2692 2584 285 6358 6043 7288 4182 4380 6289 4033 7430 60 3635 5043 4904 4588 1354 1638 4373 4525 7425 6846 3893 9587 7388 4998 1796 140 2879 8762 7002 7718 4945 2047 9304 206 155 3780 7334 3715 8502 5952 3401 2917 2596 793 9965 1451 5771 7973 3351 4564 380 619 5388 1226 1460 2372 6686 2564 8046 6365 8783 9251 6306 3295 8742 6416 3576 3396 9106 797 4313 7396 420 599 8848 5840 359 2261 8375
5086 2095 450 7535 7741 523 9829 2991 1219 7122 4982 7072 4340 1294 1833 5404 595 9794 8169 6061 5197 5136 728 435 626 5037 8731 2573 9939 7526 1102 893 3128 7274 7423 6413 1799 8142 8095 4526 6923 626 255 9432 4265 6805 1576 386 689 4719 8152 492 9783 3557 5040 4294 755 9447 2151 3657 4911 9981 3818 9507 1944 3466 4553 220 2382 1653 6620 6824 4206 8267 7389 531 103 8181 1427 5297 9003 7166 1767 1386 8748 1078 9891 9708 2315 4709 3171 6584 5075 1605 9931 7035 4769 3434 3106 620
5212 6253 1221 4392 213 5435 1996 4022 2998 4991 1990 5422 8290 6767 1297 9541 7449 8636 5436 4470 4440 3255 8276 4958 3904 184 4861 7781 5665 6823 6519 6424 328 5659 2651 7794 2741 4051 2332 843 2731 8665 5046 3917 4754 3800 8421 5015 7720 4767 8472 2345 5297 1150 2609 1688 6623 7500 7325 6328 4778 5218 1135 5465 2512 685 5587 3716 684 8041 6369 2949 6183 5075 9611 7840 5071 9323 2244 3958 9319 6327 843 8700 3841 7007 863 2643 2888 7360 8199 1108 6704 9123 4061 211 5445 1262 5144 5516
3880 8385 2931 74 5469 3384 3732 132 7254 4901 878 1010 6699 7009 5190 544 8004 250 3449 118 6532 1207 4078 1163 3327 2803 6441 9022 6953 1069 8835 5237 1764 9383 6280 4252 2667 9110 6194 297 8197 469 354 9189 5488 7293 7427 8961 4876 8315 9637 212 1526 642 8811 8102 5127 266 8905 8225 2032 8258 6101 1503 1621 784 1275 8079 4116 6824 9009 6179 3821 5078 436 9981 3686 9982 38 405 6639 9601 8527 6094 4536 7514 3021 3540 4880 3810 9711 592 6918 6701 7218 3223 9871 9789 8996 5788
6201 7151 174 6096 4090 9159 2981 1475 6579 2792 66 1534 991 3263 1426 4410 3602 8313 3128 3037 7481 5529 3530 9022 8180 3528 6298 8332 898 6308 5081 2394 5873 3251 5978 1150 5973 639 4162 3930 9689 5757 8091 3895 8212 9323 7917 4916 1165 9345 6386 4139 1898 5277 6867 3780 7188 5765 537 8340 2925 808 3880 1863 1415 6885 8191 3125 4153 3188 8680 1546 8773 3190 6931 7821 954 3269 6193 7680 765 526 4134 6630 9435 5131 3754 4682 3588 2549 7052 5867 7705 664 8309 4663 9865 4952 6179 4340
4758 6404 4704 3749 1161 644 895 7534 3873 9086 6227 3302 732 3992 8321 6648 8393 7478 6621 2454 1447 9823 3016 8118 8872 4959 1733 6484 5924 675 2636 2492 4439 4673 6419 7718 8732 2686 9261 7906 4373 2714 4011 2945 7470 7775 1525 8843 8086 9404 2922 9308 6245 1835 5788 7917 2787 5793 4557 8155 4149 7391 1358 2901 5373 8528 452 3796 7422 4171 311 7313 2239 1115 4787 5460 2834 882 9021 4809 8634 8435 2500 9782 5065 9530 7785 6345 4368 2575 9830 4517 494 3398 4379 6135 6863 5141 5666 1434
2305 1431 4782 6214 4184 4640 6355 5006 812 5162 6575 2562 5785 341 7193 6125 31 2977 5103 1054 8271 1893 8083 3461 1674 3865 3619 4216 2521 2658 4955 5846 2909 7745 1094 8004 2380 6981 6074 549 1419 472 6279 2460 3776 3792 8246 466 7560 4876 4618 2210 474 167 6466 2749 3890 5388 1562 2877 6722 5009 8683 5351 7563 2680 8915 4092 5275 1259 5238 5976 7923 1008 4333 7446 4953 4543 9116 3444 2039 7472 9725 8743 1280 8164 5284 590 3588 6962 3061 3391 961 7264 7405 3151 5851 4973 3194 1451
6871 523 8351 8411 2583 1860 7724 9843 9113 2918 8863 5434 8602 3561 2656 9823 3583 9833 2563 4790 4824 2938 4855 4781 2994 7447 3580 6156 4043 4470 4741 3029 9961 3314 3342 3711 2615 5394 7099 2591 404 8057 8910 824 927 1416 4897 6409 4563 1010 4910 5957 5292 3735 9885 9114 3681 540 831 6948 8871 3386 1178 799 672 5286 2188 7675 7384 4787 5784 4751 1319 229 471 2743 2587 3546 2582 818 9614 9464 1416 4860 3290 5270 389 6199 7784 4346 942 5205 2024 1881 9551 8000 2583 1947 714 3848
8293 1063 6141 558 6699 25 2910 9075 5718 562 6832 4402 7079 8552 9400 823 2713 5619 4066 6455 6128 3729 182 2885 3880 1061 9444 1295 8476 3416 2343 3228 4647 3289 1207 5235 2116 5904 5860 1460 8696 1427 345 8842 319 4422 8439 3528 2786 6609 8283 4787 6415 7413 4695 1795 6219 6384 1274 1850 6764 6062 6918 707 4333 6260 5439 6802 695 5609 7637 4242 2827 1494 1291 7285 3442 7983 2188 2248 7553 9600 3062 9422 1287 1942 6003 4090 2559 6492 4855 4151 345 2538 5064 4285 7730 5213 5449 9035
6325 7233 7289 5840 6179 9524 2189 2398 4680 9201 6496 694 9138 5386 6263 5637 7907 1663 2644 5211 4930 1767 2896 4 1606 4035 3115 183 845 1968 5038 1383 2510 4033 4366 7904 3788 1064 1645 3099 1807 4200 9670 9202 5754 3836 3497 7889 2996 7919 7666 4324 2923 6954 2425 1323 4962 3504 2990 1789 9828 1848 5138 6328 4638 8848 9962 9401 6119 1633 3031 7853 5803 8382 8180 9875 9422 7974 7267 4963 2483 3960 4042 7317 9692 5343 6095 6086 3291 3097 1312 928 5418 4900 3856 7240 6477 6187 37 7044
4462 1609 1394 855 7857 5641 5920 209 7794 9704 8529 6490 5054 2792 5894 1464 1096 6914 4934 4109 4177 4716 1737 9189 4269 4570 5052 3722 2894 8167 9444 2061 7720 3937 8846 5647 7003 9188 2913 378 3970 1238 5450 7591 9645 8699 7547 8487 3927 2405 2018 6444 9406 6177 4988 3441 6020 5613 4968 2065 4490 8322 9313 151 8940 8272 7647 3042 8430 8688 6327 8427 7337 5187 9031 5548 181 8963 9075 8348 813 9959 4365 6597 6455 8377 6084 4067 8164 6452 142 2173 5462 3228 7097 9618 4504 8989 5301 6899
6801 377 8520 5635 6715 2511 2772 1673 6532 9137 8821 170 6325 5020 3816 560 502 5415 1316 2865 7475 3955 6305 4865 8770 7542 906 4067 3757 103 7305 3650 3761 6345 9548 6366 9739 6513 5575 5833 1438 5826 8634 6669 3853 4180 3648 5461 1741 5903 3857 7296 6838 9278 2768 6141 7316 6232 1860 8993 3597 2596 8991 7662 5398 6961 9211 6277 6348 9088 7239 8342 9279 966 1415 7752 2464 2378 1240 3879 2191 4265 1014 3611 5619 8579 29 9796 6562 5072 3884 345 8616 2313 1689 4355 8162 9140 139 3224
2113 3435 2248 218 3431 1397 2366 9769 3985 3454 7850 440 8068 9065 3840 1305 7091 2509 5957 2511 6983 7239 4212 3213 4272 8405 8058 8467 7266 579 5875 9130 1386 4053 7593 421 1056 8664 628 8542 487 80 6063 1453 1761 9723 1335 4526 3120 1310 4924 247 1718 5273 1770 6096 1104 8672 7445 9866 1510 8805 7080 3728 5010 6650 837 1550 5686 9983 1078 4770 4704 4569 4434 2106 88 2256 9928 526 5019 2328 5429 1827 110 8808 1076 6616 1190 379 1558 7581 1009 4273 7932 8001 9443 6037 5661 6574
7468 9165 55 5415 1891 3406 694 1825 2163 48 3531 2365 2807 5097 6225 5802 7853 480 1939 9957 5744 326 3692 3254 4336 3833 881 9416 7540 2226 6352 6507 2626 7667 7308 3677 2999 8702 3039 2829 6227 3527 5568 7409 9704 3413 1779 9159 5428 5804 4167 8044 8534 5515 160 3886 6317 9408 6586 1109 7765 284 95 5655 6388 1527 7057 5794 7984 5987 9536 6212 4754 5409 701 6160 1323 7094 1817 6644 7753 181 4102 9164 4396 2123 7365 9260 4374 3729 6014 5375 1556 4065 665 2515 9316 8476 2153 4068
9606 5747 1371 883 2194 5405 4111 9098 7109 1749 9113 4114 2129 3005 2233 2363 8250 553 294 2926 7481 4920 2188 3438 9623 5439 7664 1264 9713 6273 5086 822 1566 3289 4882 1826 3996 8261 5339 9150 4284 5464 8491 66 4887 8734 3990 5706 4292 1202 6516 9466 7450 7386 9885 7650 8104 7633 9571 7146 6616 3157 5391 5465 9783 3674 3298 1408 6312 6957 2870 1172 1508 6193 7137 5583 4011 4021 714 3267 4670 9909 242 8929 8109 1367 914 2409 9399 3986 5828 5312 549 2768 4331 4305 7092 7467 8658 2584
8261 847 7747 6938 874 4881 2609 3247 4684 3636 8772 6689 7995 5607 7364 3500 6588 692 200 2621 3750 4622 6090 995 4183 7430 1494 5415 2252 4061 9172 6303 4909 6741 7995 9182 345 2580 4913 7104 8288 4282 7217 2769 3693 5014 9368 66 2504 5572 2217 9810 8451 3688 35 3875 9464 1049 809 6976 3080 4483 7976 28 6672 67 4352 3278 1940 8308 9968 752 8556 6000 5562 3796 6843 1200 2742 6742 7965 2671 9725 3508 1714 9436 2577 2755 3469 8727 7041 5376 5500 7528 6604 675 8467 7945 19 8245
8750 2365 8132 4198 9193 5218 7990 4226 3233 2716 8708 7108 8126 724 1939 1839 1477 2087 8858 1303 3531 5564 2625 4171 8585 2494 1462 8357 4517 8040 9679 1787 4662 6873 2048 740 6723 7837 2956 3918 8339 3897 6346 9933 6903 1162 3920 4304 5246 2400 3543 9830 5589 18 5207 8384 5333 2637 3680 7373 7539 9155 1938 6966 6236 8057 5455 3335 6917 5446 6355 1752 674 9363 8216 6437 1457 3334 3112 5735 9142 9541 2182 3512 4867 9756 5038 1237 7270 3071 2843 9220 9342 6456 1600 1979 8612 3856 6152 4372
9102 5740 3053 4983 4644 7731 8962 7677 5597 4087 5787 7681 7391 1130 4555 5271 2504 910 5683 416 4698 7174 6356 8626 2711 5448 9814 5540 7568 5424 6112 8355 2343 6173 2706 3760 5588 1560 9017 7679 9754 8100 4392 5377 8918 8731 9188 1744 2102 3990 1589 9853 222 219 5976 2597 7434 808 235 647 8826 1120 8485 1796 8774 1810 3661 1215 3557 3398 801 4461 7847 1093 3202 5172 5490 8697 9147 4087 6984 8807 1416 3997 2594 5688 1086 8546 1379 4550 9233 4300 4673 2113 9941 9730 4044 8248 6468 5961
648 4423 4586 9033 5641 1981 2209 5168 5861 3023 427 6408 1736 3472 8550 8517 6227 5484 7729 1776 8598 9597 4350 3001 272 7463 7107 9599 5791 8876 2736 8449 2684 7848 6175 9893 642 4037 7920 3976 9653 7410 1556 7039 1285 3444 6271 2445 1541 4106 8213 1077 4909 5880 7459 737 3201 5200 7460 8084 8977 3765 9102 9192 2151 8744 751 9615 6761 429 3147 6342 5276 5715 6701 5932 7265 6697 881 1390 2441 4644 2402 2094 7858 9157 4347 5107 2212 3363 5278 244 3073 3463 5757 9713 6446 8831 794 8371
4304 7241 8791 2015 5188 8886 4328 2580 3342 233 7088 5468 3912 4204 8495 9111 4522 9453 9979 6691 582 8528 5963 1611 2143 9448 6608 2935 5828 1692 6703 8163 833 8123 7257 1045 5817 1894 2948 9044 8775 5680 5119 6492 2492 1311 2902 7453 9846 6260 557 3999 7457 8994 7949 7795 3676 1340 9287 7823 2092 8482 156 8273 9759 1279 6035 1476 5217 3426 182 6558 5620 1645 6482 7514 4760 2631 4469 5168 8214 3510 9676 7280 5212 3154 9407 9195 5469 8778 1352 4422 3637 6182 2517 4728 9655 1098 355 1653
9155 4373 2514 8962 502 294 7629 8463 5469 8629 8195 5127 8031 9447 8203 9654 985 5826 1741 3677 9207 1666 254 7920 2520 8016 5674 3456 4766 8507 1245 5632 2154 3747 7165 3124 1419 5790 7683 5559 599 885 7713 6246 170 6307 5654 1486 6321 6152 8643 8466 9776 5804 1205 1172 573 9448 2151 1991 9199 2419 7172 831 2995 7757 8511 6947 3961 8406 2901 550 2075 2186 2949 5514 1174 2112 9730 1569 2090 7297 149 5817 5540 5080 172 1782 2498 4839 3976 7989 7383 6240 6905 9887 951 8259 1583 416
8213 1278 3136 4762 7971 3820 1255 7348 9381 5105 4102 2855 1927 8254 4188 4763 6601 5261 2469 1994 4478 7924 2717 7938 7788 6868 1505 9946 544 7509 4905 1100 1652 6537 5617 1301 6203 964 9728 7482 9844 8240 7194 7603 6879 8060 2122 2525 2251 2704 8024 5363 635 1114 5389 9818 6608 1672 3833 6037 8072 5582 435 9549 6075 9992 8544 1300 610 1714 7219 4976 1994 901 1404 2920 4899 2352 1594 2004 6623 5639 1960 2919 2918 6194 5315 1891 7889 6461 9320 4757 8016 6203 9958 1444 2052 3839 2493 2471
7739 942 1544 2264 6867 5607 7111 1152 3304 5106 5262 4708 2417 8904 6383 5975 923 4755 9367 433 1550 2488 9659 6394 8530 809 8558 5023 3729 450 4495 8524 2610 1765 5775 5749 8967 1392 9497 4641 8603 2367 566 1269 806 264 9110 5830 8150 2094 8035 8553 8444 2401 2964 7442 4044 6572 7664 5411 3271 1855 3869 5547 9439 6064 5056 717 4733 3124 9081 6553 9433 6343 3154 1434 9127 972 6590 386 5606 9880 9654 4880 1993 6590 9022 6817 2847 5797 6818 9815 1224 3919 9948 743 231 7865 5006 768
7590 8654 4476 6747 322 7837 5578 6975 2600 3903 582 2628 1265 3423 1148 9205 3605 4125 9364 1341 8999 4209 4615 1703 305 45 1471 2562 6567 2579 1862 918 4404 4885 3664 9363 3491 605 7059 5417 421 17 6551 2859 2724 1398 1262 1584 307 4526 9582 8482 6380 394 8075 7874 7434 9721 4729 3647 6915 823 1859 5638 5719 3225 1263 3658 4715 3663 6403 8968 9982 2620 9770 9039 5053 8066 9667 3959 4013 4570 3026 1004 9139 9586 9090 6570 5804 7254 3420 3410 7340 8747 7798 3989 8981 2238 153 6210
567 5378 1688 1473 6653 7842 7824 9243 1106 749 9990 2624 3427 5630 5816 4616 2687 9620 1838 5074 4243 5262 8010 5200 7778 9009 1922 4195 1483 191 578 2624 8785 4151 4202 8283 9601 4273 8909 110 8912 8620 888 5155 7680 8419 970 3160 3537 1076 8141 4832 2602 5145 6116 6940 7428 3434 1575 5855 6321 6767 1433 4833 1812 8073 50 6515 8061 8713 100 5074 5187 3699 9879 5443 3765 3427 7507 2110 8290 5345 889 5062 5208 8416 3043 6403 6454 7442 4056 5338 2812 9132 4508 107 683 3579 5103 6824
3352 4847 1587 5891 1108 4865 5933 6109 2704 5564 6015 5606 7379 5657 2796 7668 5052 3621 3888 3208 3434 5193 815 2646 9043 5830 4754 5547 1537 3308 5890 9310 3074 3705 4847 9584 3173 8745 2996 2787 3663 9751 5579 5453 9946 3783 5490 5282 3381 3889 7595 1616 2867 7366 8825 7470 936 8317 9093 5607 6173 4987 154 9851 4516 4808 6026 5187 6766 9581 9425 6752 2628 3998 9139 8819 7574 3710 8475 7587 760 3521 5503 6050 6358 8718 332 2263 4441 584 7500 3009 2758 3767 3454 9484 5261 1707 1222 4727
498 6586 750 9974 3310 2351 2890 4749 2489 5779 9643 1375 2697 2412 4281 9117 5795 2590 3643 8989 492 1651 6796 6100 7465 4171 2388 9292 2186 8744 1611 9903 920 42 859 6277 9011 2038 8241 1208 2151 2169 1463 3582 2591 9248 5095 6010 3890 5373 8066 7146 8300 1289 9692 4561 3489 4502 8525 9798 2556 8197 4357 7689 90 4181 1180 3694 8331 5563 6786 7146 903 2146 6891 9603 9110 3801 812 7906 5525 4116 8083 2799 5466 265 4571 2120 6408 6046 8219 9619 1239 5381 1695 2971 6380 8840 8033 2259
4953 2838 3051 2543 9229 4510 6279 4757 5814 6306 4696 494 8500 9277 3351 6974 7634 9383 5606 5907 5013 1982 6771 2772 9028 7652 7790 9434 2667 6906 2899 8821 9243 9971 5560 8827 6410 1357 9382 2113 5845 2670 7240 7590 9282 2701 7813 8682 1578 7849 6856 8260 8361 5241 1391 7341 2996 7417 6864 9646 2209 4346 5300 3162 9125 6449 1799 6609 2366 2171 2931 8358 7796 8898 7399 7340 1535 8531 2635 9360 5330 9811 967 1513 3838 6509 6424 1292 5831 6075 580 8293 6389 1691 702 1654 4249 3065 9296 725
1294 8037 3847 2511 5612 7238 6363 7200 1836 7137 7524 251 7542 791 4166 4157 751 7429 7715 5226 5809 592 7985 7123 670 8233 3904 6214 8387 1563 2857 5141 8960 9860 6759 8117 9591 6993 4870 1779 199 3103 9710 5542 4604 6967 8412 8922 5489 1259 2848 7337 7395 2028 8638 6190 9246 2535 8668 1508 9491 8610 7435 3636 6854 6149 7545 100 9521 7572 8932 8241 4225 2890 1551 2055 5890 4638 1575 2622 2314 8580 8626 1946 539 3169 5052 8883 6263 9397 8890 1372 5309 6023 6341 9413 6398 1477 7316 8443
8571 3637 55 1103 9201 1063 7233 7815 3974 493 3244 8445 3189 7184 5164 8283 8756 3181 6997 397 9555 2645 5003 6370 6407 6441 9301 5103 955 7012 5394 7041 4018 8136 8934 5822 547 5197 1655 3221 7722 696 3488 755 8698 5680 8333 7175 516 6416 5865 6555 3138 5373 5125 2800 7492 1664 6456 3410 9935 1284 5493 8728 8976 7432 4533 5455 3231 1871 6535 237 562 5004 9278 2486 509 6330 5027 2654 420 6164 3732 5757 1320 103 3843 1364 4575 2019 6929 6329 1466 227 4367 1436 2847 6894 2605 9041
6068 3211 8430 2336 6334 3835 102 8935 2589 8042 6752 9637 2517 4769 3610 7341 8189 6298 4618 1946 1493 5213 1637 1706 6847 6777 4748 2711 9859 6134 9170 3342 7078 9816 4196 1199 905 6371 2166 4167 2206 1124 2742 2503 6754 3294 9218 9598 2436 5182 998 3076 2059 7956 8169 635 6813 6987 4328 419 2716 4226 4576 3037 677 9877 4737 7696 82 9430 7853 4145 4526 974 9650 567 9925 4452 8427 8283 8093 4291 8722 7582 2377 4322 9850 2928 9828 2263 3217 5619 6384 4527 1339 5993 6153 7870 2771 2342
7114 1002 6334 2807 4570 3216 667 5785 3230 2956 6297 2627 1004 5528 3517 8400 751 9737 1646 9630 5514 3497 5163 8669 699 3522 9471 1232 2742 2076 7008 7571 314 1154 9459 3037 1194 9155 7591 8975 3274 4673 282 6554 6469 7414 4779 6719 7400 3393 3441 1124 5381 3696 7991 5323 1270 1212 6512 527 5710 1063 2288 4146 7401 1153 5602 4439 6549 87 7391 1384 841 1037 77 2458 8798 227 480 1578 9140 8835 77 3237 6091 1849 7859 4220 311 5248 7056 3878 1998 8656 7433 3887 6126 5257 7851 4812
3726 5041 9485 1015 5457 616 6631 353 2780 1459 2598 5421 4867 5206 3095 4768 8566 3055 5908 9232 7384 9504 1241 2638 5323 2193 6217 2951 9749 2942 6673 8002 3447 9582 7051 8404 6514 5046 4659 5824 8199 480 8901 8876 6363 3475 8548 1534 8990 4151 4498 1522 723 3638 7581 9468 751 7186 3091 2459 4537 6491 7228 5384 7260 8390 3259 1819 5675 390 7317 3889 521 3478 2094 6583 2797 9896 253 1805 167 6906 1010 7938 7621 3597 2395 8415 1898 1749 998 8452 3708 5983 547 1853 6342 8387 4951 5629
4410 9660 4367 1983 4974 8927 7550 5119 7145 7725 1056 5239 7792 8321 7429 193 2601 633 8136 9656 8906 555 2673 8027 4678 1629 4039 4177 9853 2895 6428 921 3081 4953 7323 982 8051 1922 5644 9661 4136 8917 3435 7166 7259 7585 1050 9473 2523 1009 6019 1225 5364 5248 7244 8608 244 8676 5204 4762 2418 907 319 393 5036 9373 510 6429 4081 6505 6467 9096 4926 3112 377 1024 9192 6655 9088 1074 7368 2579 6771 5048 785 8435 1094 7243 2500 2084 3859 6978 4928 6797 519 4693 8100 8203 1405 2039
3854 3 8202 1606 9600 3992 3114 1014 3502 3443 414 2523 7770 9754 7314 2647 8296 3476 3605 3840 776 2148 9996 6303 6633 8508 6268 4318 1008 877 6594 2939 328 6662 1009 8201 6480 5006 2830 9384 6372 7672 9981 7247 4094 2723 247 7816 7301 6527 7647 5625 8687 4405 956 4090 1316 1805 504 6983 7984 5829 5662 9695 7462 6377 1304 8269 4439 8589 1956 5194 3418 9030 9900 8235 7791 3699 5664 7859 9501 9369 715 9872 6560 9673 4345 6497 5791 5872 5718 8471 4869 4847 8165 5212 4284 2435 865 2852
8467 7734 8292 2659 4427 7759 7758 6751 8294 3757 7251 1941 1121 1829 5335 6420 5446 6380 3763 6087 1669 6617 1591 9213 9627 812 2216 8361 5365 116 7823 3612 8147 1236 5494 3963 8276 1722 5716 3105 7755 8698 6942 9513 5206 3267 9807 129 358 4402 3407 6746 997 7837 3527 5146 7740 7289 269 4619 5115 4909 1451 5746 5590 6811 4428 7647 4889 3117 4725 681 8514 9408 3791 3669 9271 2634 744 3879 4479 9563 1227 2369 639 1670 8310 9986 7869 778 7062 1021 7588 8208 5182 493 5468 6632 9450 5869
9611 7391 962 4450 7769 9004 7461 8977 7642 1976 158 8204 2721 7505 7564 1553 1967 5971 5445 6174 7602 1636 3355 2527 3330 9902 3762 9502 834 1981 8427 3260 581 2676 9654 5628 4738 5809 8887 1803 9711 500 9412 151 9552 3579 6875 9145 2836 4829 8483 9868 5344 9355 9242 8669 3366 6855 6840 8127 6246 9787 5652 5754 1012 4555 3398 852 6504 4241 3068 9772 4099 2046 1179 1495 9706 7208 4005 3231 1136 6 6450 9410 6802 6104 4675 8716 301 3441 5893 5982 4260 8058 5808 2275 6544 4749 903 1824
3426 4740 1757 8584 1429 9368 3009 4983 759 2296 3563 3913 7223 2938 7907 3746 7495 9092 637 9587 5296 8387 1305 7525 3616 2440 2935 3621 3181 9661 622 3551 3644 3668 8603 3014 458 5645 5138 4456 4486 1204 9256 1248 4022 707 856 1205 3620 1997 3037 2092 8516 4080 1474 9376 9301 268 9512 7773 9679 7563 8910 409 3455 1622 2167 664 9992 2811 8080 4563 8401 5669 5888 2293 7736 1682 4103 1873 8724 3081 7961 7979 4759 5716 3984 1657 8425 9622 8898 7019 256 3173 1364 8369 2865 851 2937 9115
2004 2935 5329 7963 8340 5918 4898 5003 9577 8553 7689 8919 248 8038 2495 5263 8062 7502 6291 9895 4700 514 6871 7707 9756 4211 9601 947 9616 1229 2573 6122 501 957 9232 8236 1171 4041 6336 6791 8048 3882 7506 423 1195 682 140 3078 5332 441 5722 6337 185 8053 7281 1595 209 3414 3514 6254 6748 2518 1409 9573 3954 7673 5042 8047 5920 6321 2239 5180 5975 1174 2791 7398 16 1975 8941 8212 2350 3105 4784 333 4720 1279 84 9105 6337 715 3101 4991 6418 3504 1574 1678 6311 4175 2643 9229
9138 6643 5647 2642 2656 6158 2424 6319 8852 7714 7491 8974 2089 597 6277 3130 3931 7992 2331 2065 7573 2639 4467 1580 1939 3122 3500 4559 3361 1888 2101 2497 5106 6963 6197 4128 3092 4646 9044 9087 8862 3729 4179 5119 2065 6572 6993 3373 2902 1966 114 9241 3800 8780 1138 7524 253 511 2570 8168 8061 9165 6408 2727 3250 8541 1415 1415 8469 847 4848 68 9442 572 185 4662 921 2281 1983 8289 6186 6935 2724 4525 9397 6103 4071 841 8719 1678 6270 4537 1841 6466 9800 3472 9447 6649 5618 6749
2117 1109 1475 6018 8398 875 5920 9306 8202 3650 5672 6706 1096 4752 4951 6125 2512 8123 5209 1837 912 7254 8046 9263 59 6313 5808 7746 1756 8360 170 1852 9925 1354 9502 3297 6290 6687 8699 7849 9397 4091 7900 2625 9284 2827 8670 4366 4205 1679 7444 2769 2029 7922 9163 1222 249 7729 1439 8073 6563 7424 2618 7677 5643 4120 9308 171 4050 1644 125 7746 2902 4263 9362 7911 1582 3222 9393 7012 3346 2593 7439 1633 2767 494 3454 4417 7947 3094 8897 8951 7012 3357 1136 5151 419 9012 3 1909
1527 3975 1750 9842 4621 9638 6613 8664 9743 8146 5830 6335 864 2400 4170 8087 9224 821 3878 4531 2109 6312 4349 419 809 3819 292 1924 1572 3174 9494 8400 2754 7944 1714 9182 4623 8576 1363 9832 6098 7549 7103 5308 4992 6350 1065 9798 1442 9806 3921 142 1591 5907 9786 2665 1465 7933 2219 307 7959 5525 7966 458 9650 4295 8818 8250 8319 9882 2740 8583 3921 3769 9199 94 5551 7672 2932 6532 2612 2863 2918 8705 1562 705 1809 6693 9346 5399 6896 6692 3701 3749 3532 2262 4513 9110 7823 3084
7761 4800 1449 7970 4675 6833 8171 6669 2269 3886 6961 5191 7450 2202 2331 6828 2249 9065 1776 2313 3434 8478 7331 8812 4516 8822 8124 3868 7388 1151 4656 7242 8886 5943 1593 8720 1523 7082 3038 6865 4249 3228 9750 6008 1878 4751 1473 5699 4482 2037 3861 1713 4137 9767 9933 7932 133 6151 6944 8278 5898 6006 1975 8752 9705 5585 458 195 2803 5285 2953 8005 486 6390 598 3004 4308 3016 1229 4289 3584 2214 7480 8239 1008 2274 1819 4130 8284 6781 1845 9117 7213 2952 7312 4501 200 6053 2991 440
7152 5158 6606 889 6323 7224 1333 2733 1723 8664 9672 6053 7610 4402 6563 6954 8757 2877 4510 6105 1456 1580 5989 4306 1099 9761 8457 7548 828 5017 5802 7780 470 4446 8298 573 9718 9480 1450 7336 638 5439 8755 1527 542 4634 4707 337 7886 3447 1438 4686 8038 8532 4096 1110 5973 5189 4793 7239 6172 7941 5212 4849 6650 7946 2326 8222 2759 3459 2020 287 6140 3711 9575 4838 2440 2794 4592 5966 4503 7653 1557 9599 2660 1122 5841 1219 3016 3220 4985 1346 2123 7762 4797 6161 7915 6479 7700 3993
1083 1916 3535 2578 3533 6797 484 8920 281 2745 5906 1497 3225 4513 6320 9962 7257 9446 2450 9456 7145 8045 7051 7418 4338 7289 7520 2119 9817 7095 5107 2481 2714 9655 5621 4197 5332 4978 9579 4371 6342 1409 3686 6020 4863 7794 945 3153 9887 8358 4799 7097 2879 3784 7834 3242 7721 5092 5012 8692 8537 1199 2582 377 6982 9388 4916 1445 7198 412 3952 8895 2484 8127 2573 7405 2984 6516 2017 3863 5769 4122 7608 5175 1090 6948 1210 1638 6956 5037 1833 8361 6078 4709 5228 1323 3233 7686 5966 4159
6268 9488 5387 1358 2321 9567 940 3278 8746 6869 9174 3686 2032 4886 5592 4584 8151 1187 7143 8539 5954 6010 6405 8624 9413 4848 7342 7357 1429 6086 4959 1764 6664 2761 2559 8180 3578 2984 1822 6748 4539 2931 1730 2914 5293 3623 247 7736 4591 7390 3537 8236 4887 6419 1169 8033 9296 4593 3596 2937 7094 1717 7508 9958 5578 4956 545 1910 6613 1515 2987 2429 2359 1128 6397 5730 5600 7472 4809 5596 9943 9328 873 8258 3267 8251 1867 9359 1071 7429 5956 8674 9883 3276 5606 1426 689 3620 6124 5932
11 7506 8335 384 3590 8336 1952 1329 4049 1917 9442 3327 6008 7903 7088 777 30 3020 9023 3859 6670 9687 436 2771 2048 3164 2340 4681 3083 4042 6467 6633 3970 8266 6977 1470 7707 8469 4636 6939 5226 4882 6308 3418 839 9465 6491 229 8248 7803 8039 2112 952 5529 291 332 3116 4683 9547 8625 5133 9561 403 4855 8628 5216 2892 9514 8533 1574 1902 876 5681 7767 2316 8704 3662 7945 622 8636 1717 3504 5640 8418 5262 7657 2533 3883 2767 7724 3111 6547 9589 4243 1314 6697 9998 5620 9878 1667
4471 9368 6793 8163 8411 1820 6925 4854 3547 8288 3663 8045 2969 3063 8572 2413 1857 5663 2373 649 587 9041 4332 3486 1721 6690 1829 5774 8763 2823 5082 4926 8950 2927 5882 2451 3370 2988 6036 1965 2967 8597 9861 2289 2918 1132 8517 6521 1954 2629 8775 1668 2288 1380 3831 9831 5518 6927 4774 3548 2648 2016 8585 1099 380 9162 2550 6967 9471 7160 5108 2147 4861 195 4001 9930 9915 1035 703 277 6758 3504 4946 1321 6016 999 3281 85 6626 6309 3671 5161 6861 5600 5373 5916 7901 816 5592 5480
6370 1166 9215 59 514 4263 6093 311 1811 5316 4168 2554 5060 8253 733 8019 5285 6558 1163 9034 9120 9001 9533 1849 2268 5596 9629 4313 7010 893 7776 2098 9844 4192 3349 9082 230 1001 1682 720 159 1881 99 6531 995 598 8011 1167 5004 1570 4191 6921 5781 485 3700 4073 1123 9499 6326 8722 7731 2554 2693 9896 1272 1663 1502 1957 5324 6798 1198 5431 7527 6304 7436 3841 1895 7037 6380 7731 5191 2418 6969 7958 9651 9168 2035 1253 9589 6348 5759 7820 2898 5754 9649 4663 3511 5797 1009 6572
736 6901 3432 788 2882 5393 4358 8548 5455 7098 2636 7920 2954 4661 3859 9693 9108 724 9839 2378 7127 4939 9440 7567 8922 8312 975 2308 9567 9590 6432 7254 7582 6770 5817 4069 9704 4889 2471 8308 1021 2557 6536 7105 2507 5541 8910 9343 6328 1733 5595 3209 3115 2105 314 9034 3558 6356 924 2230 8794 5204 4387 600 4700 4145 4041 531 8565 7730 7966 2724 9914 2013 3176 1232 3270 829 8983 2136 6633 9457 3082 1787 2348 3834 2075 8498 1081 1778 979 3294 5544 1395 7632 5756 6587 8927 9067 3473
1444 445 7402 8546 9298 6714 7947 6403 7119 5581 214 7270 3345 2528 7777 446 1152 6994 8488 2018 2211 2364 8752 6299 605 5113 5739 4568 1441 9126 6383 5441 1137 4646 5390 5681 5096 6751 9310 6845 1544 6938 8468 7578 6121 3676 3311 5626 5875 4092 8261 1118 1492 8590 2557 9006 6324 7157 1323 4176 783 9620 3307 1202 7693 7267 917 5699 6500 3605 5856 9743 939 2651 1328 8822 7554 9336 7031 5915 1809 5054 4277 9776 7014 9277 2167 9599 1523 1124 8173 2420 6740 4282 1759 2088 9216 1753 5779 9679
1572 5418 2574 8981 8489 8139 1307 9396 5438 798 3076 9797 9058 7610 5058 7900 6054 8952 6739 4394 5927 2403 450 6018 8101 8820 5537 6012 5270 8663 8141 1155 196 5971 4218 165 174 8952 215 3085 3895 9378 6153 1044 102 2304 2886 7827 6764 2578 6852 2009 156 2754 9692 5774 7534 5465 1254 1008 9803 6300 3421 2843 7451 3244 2390 691 833 3358 8650 7187 1482 6315 939 6740 2451 8877 5322 3493 2077 6072 5514 1406 181 1813 8822 3503 9751 6691 3967 2832 3806 3659 3034 5358 2192 7189 1095 7775
9930 93 6709 7213 5533 8155 6242 4006 9013 9021 5645 2318 6444 1054 1429 8509 6720 6320 9151 5671 2434 2317 2714 9213 1687 6011 4827 9234 2742 7867 1909 9683 3322 6620 667 1157 7048 6778 4457 2851 2796 393 5294 1826 5705 1336 5636 9441 6304 4888 3880 4480 9443 8137 1680 5703 7778 7451 7616 4148 2496 5665 9115 3120 9834 8363 5015 7768 6119 2628 3413 9317 2758 8821 7257 6519 1737 6264 2081 1496 4745 1842 1281 7655 4911 4346 977 1320 5538 873 1912 9427 9737 4071 5493 875 6629 8334 9243 2231
6590 6482 4942 8752 7073 9679 1304 8360 5247 4822 9783 3862 4722 4200 4500 3203 5984 623 1832 8265 9026 6747 5978 5834 2786 4844 828 3221 3204 3691 9849 8489 1124 274 3577 4070 5743 4785 296 5527 3423 5505 7602 8835 7463 268 5826 3371 8423 3851 8556 9200 3931 6772 4409 9231 622 2608 5461 4346 7138 4425 4048 8740 521 1355 2567 2327 9725 7474 901 32 5885 7660 4680 1270 4266 7 5546 7575 8703 5364 9849 8004 8738 3619 228 1703 4110 2073 5421 7272 8159 4142 2888 180 7356 2325 3714 9352
512 6655 3113 3320 8111 8467 8647 2837 6788 702 4057 6328 7839 9307 973 3332 1920 4430 5677 7738 6351 9301 8635 6836 9596 8103 4214 3383 6886 4101 238 8242 7712 9172 8829 3983 6053 2578 7291 44 4693 9632 6580 3845 6309 7478 6108 6022 5792 2839 6442 9828 508 2672 5679 6558 9635 3982 8194 6096 1142 1142 2154 595 5950 1930 2738 8314 30 6888 5705 3326 6460 7510 9947 4490 9909 5245 3669 4845 8010 6638 96 25 824 8089 3920 6833 6408 2496 4603 9957 8947 4755 7213 8208 2839 7153 9138 6325
1636 399 7864 654 8612 6899 3595 1245 4759 613 3262 1455 7127 1017 2074 590 249 7733 841 5260 3282 1261 482 2279 8445 1974 5390 4105 627 3617 1400 850 6617 7399 8939 4337 5958 152 3534 9689 669 9501 8291 6110 2241 3528 2397 3433 3455 1851 624 157 9990 774 8351 5413 3884 1039 7388 3878 3152 3611 5443 7139 1480 7587 9821 2241 8191 4940 1987 2158 1933 8772 8368 8077 9500 3670 5022 8153 9471 8395 1934 4688 4266 6489 1127 9917 5098 8457 2725 5191 662 6870 3003 6941 6421 2102 9203 6093
7726 6951 6098 8961 7161 9409 2477 5009 5575 8555 7971 4908 7940 7654 8763 7936 509 2970 209 7096 8524 1477 4149 6127 4734 1764 5846 6068 2358 1402 4558 8728 5927 460 6454 8465 7196 2284 7949 2527 1421 7013 5414 1714 9321 3543 7380 8610 1475 2317 1357 4258 6171 5227 1849 584 1685 778 2063 2341 2949 52 8818 4000 4389 1238 3127 387 6560 8915 143 9567 3872 1296 8562 5626 10 4963 9912 277 8117 615 5802 1170 7501 7585 3413 3701 4167 1748 6169 1131 5326 8259 8444 360 704 7336 8489 1625
3763 5741 4372 6566 4536 3359 3533 3849 940 5773 4192 7365 2293 8133 5540 5009 1158 7096 7889 6542 8966 8660 4282 213 6047 6545 1614 9975 9574 6296 1676 9001 8061 9952 8647 7888 4081 3450 2649 3558 418 2914 4670 9092 4455 9368 603 1936 7541 4405 6128 352 618 5623 8651 9655 3368 6123 9483 1107 2064 2438 3119 9159 4143 428 1714 8957 9434 7872 6967 1038 6446 7949 3292 4318 8413 6321 7653 7360 7707 6304 162 5091 1745 322 6992 2347 8024 2890 5808 7087 3732 4802 764 5354 5813 8968 9153 5708
5034 7055 8937 4552 480 7109 1463 5752 7697 2554 1514 2545 6846 798 7322 7418 9376 2058 5367 1372 5776 4616 7400 6283 5018 8849 491 9135 1437 2780 1655 6369 3887 2136 5971 4071 1062 9803 4675 4328 894 796 908 3016 5958 960 57 2524 2098 1608 8860 83 9082 4037 6256 8394 8896 1677 3779 3992 7670 2411 7906 582 2101 205 6039 8739 2633 946 5647 1286 7896 2304 4404 7027 5599 5973 6479 8926 7171 7618 6613 292 8255 5163 6004 4648 3790 4890 4994 7772 3875 3076 7122 8929 2110 2690 7198 3194
5288 2909 3086 9278 8763 9312 8361 6065 903 8360 8859 2767 9790 6014 2530 1788 3474 5175 3232 5834 6432 9062 6171 831 7556 838 776 9789 461 991 2007 9914 9695 7053 9996 3627 9615 2254 2614 4100 1366 2347 5491 4483 2673 1436 5589 1493 305 2959 6946 3709 4127 668 3482 6019 1397 4515 4442 8701 5237 2439 2523 5612 2348 1892 3058 3527 3425 5086 3755 8378 8023 3761 8700 350 1496 2867 4272 108 4538 946 1711 5119 3333 2553 6263 6197 4468 2245 3574 5679 2188 1392 1924 4103 2819 4313 7080 5798
4686 7359 4824 879 2381 6302 3980 5704 3341 796 1013 8722 476 9247 3461 4084 6744 9231 4069 9862 2195 7867 6211 8309 7066 812 3837 3615 50 9204 9127 4911 4364 19 8795 1680 6217 561 5779 4705 4893 2160 3142 4736 5660 5657 643 4493 2844 5525 7512 9882 9301 112 2068 5958 8379 7237 8575 9646 8662 3678 5378 2488 1830 4119 7870 777 7456 9717 2647 9532 9006 8241 2583 7340 9671 5316 6086 1296 9519 6561 6459 7483 2646 5662 1212 1087 6736 8597 7534 2 3875 5280 9703 6904 2342 3460 4153 5325
2879 2666 8946 9934 5992 9524 7004 4587 5611 322 4957 6065 6855 8379 2023 2733 1639 812 1230 5831 8817 2557 5801 1323 959 454 187 3620 3227 3098 742 6037 6245 7891 1642 4801 4933 9450 380 711 3239 909 9310 380 196 8151 474 6916 3458 1321 5139 1562 4650 8339 8332 8883 6939 2953 9473 4824 6043 6553 1032 1291 7209 8976 4789 6133 3686 550 5362 7430 1084 3034 2019 9790 3933 8841 125 7335 7605 8227 4685 6646 5244 9849 9270 7915 3989 5104 3744 8804 9233 8164 3798 2109 3394 12 5230 5341
8773 5422 784 4734 7249 880 4361 6056 652 3868 1178 9649 1257 4460 7259 1594 9178 2661 734 6908 8939 4649 1129 9939 1907 4310 249 6136 9162 3957 7499 2609 5918 9773 1334 7989 1800 3588 4139 5108 2733 2070 9536 2995 7067 5426 9713 5277 4504 5684 1339 2954 1977 6703 6963 161 672 3922 6279 3371 9543 161 9472 6742 2932 4532 1514 5871 8585 761 141 2612 8108 5206 3252 5908 1464 1859 3186 5432 2884 1214 5746 1095 1041 8615 5933 3507 3808 569 4099 2419 6875 7843 6896 816 3751 3104 1454 566
4987 9059 3388 3966 6386 9659 5020 1627 948 8537 1236 6656 271 497 3636 6299 2210 966 3473 3752 8610 6555 6568 4695 4077 1962 8707 3303 5346 2158 9504 7906 5230 2782 4632 6971 2817 404 4786 4528 6580 9514 5612 458 4333 8862 1106 3495 210 5661 4981 8755 6433 2374 8844 58 2853 2869 1619 6500 8903 1546 6391 1124 5551 7997 6666 1207 7156 4746 4870 5254 3371 8421 1528 8134 3195 3846 9200 4432 7208 3981 1457 3885 1180 935 229 1411 1685 8429 49 6396 1826 7597 2254 5974 9893 5719 403 4595
4293 1100 6661 6156 7490 9768 7262 2056 2931 5433 6077 1771 6750 604 6112 2615 5156 7801 3719 1421 525 8741 7211 3756 892 5925 9028 3966 9965 5274 3685 9401 5010 6301 8466 3760 228 1805 443 2445 8716 9329 5380 4513 3326 5251 6197 3804 2409 9248 3252 8491 1263 378 6413 255 5545 1807 6327 5829 7346 5393 6172 1636 2949 2600 5118 9259 4469 2717 5118 427 3168 234 3087 916 7525 8044 7657 6879 1083 8303 7089 9418 2252 1483 2581 3237 8793 4908 98 796 7400 9060 1090 8485 3921 8791 172 3989
5255 6915 6988 204 9331 7624 1795 7870 1818 9596 191 5229 3093 204 1665 1028 4657 1271 3827 3395 4794 7104 831 5486 7661 648 2992 6549 7824 1875 6606 9018 6466 6316 4217 253 9171 7119 3105 8462 2917 8108 1401 3943 5756 1949 9010 3123 3234 1514 2348 6616 6237 8528 7129 8168 9607 8887 1122 9197 4766 2282 7596 5116 9954 4661 5414 1231 2693 89 1273 3998 8935 7398 7349 8156 480 8204 4713 2991 2915 3309 1413 2911 2320 4075 4138 7803 6767 6898 7154 8181 650 9592 899 1966 7550 1209 1469 6855
9019 7733 3503 486 7231 3826 7276 7325 9062 6723 601 4107 721 6156 8799 8036 9730 8511 1797 6570 7311 7302 9967 5103 3869 5137 9259 4743 4006 2309 6774 7714 4775 3697 3327 8062 6696 6278 9845 3743 4615 1108 375 8002 5177 8590 9774 9894 8965 3778 8253 8926 6880 5755 1444 7061 2298 9664 2214 3157 4888 8180 3152 4433 3311 5446 3023 8383 350 9884 1106 9231 4629 6774 5379 3159 1572 6419 2877 9096 8336 8081 1189 823 4616 6246 9448 9033 7379 4603 7933 3931 6 3468 7893 6143 63 8348 1811 4386
2538 3825 4841 2916 2648 6855 9352 2400 5390 9643 7281 8297 8237 6545 857 4529 2716 9631 5931 6129 8060 8005 3614 6339 2017 4260 2489 7147 7501 6771 9140 3032 6845 950 8400 6892 551 6269 2757 3958 2658 5784 8687 1600 9062 6592
