7992 3742 890 8415 4873 6837 8680 1123 6234 3716 2523 3053 3829 33 3192 9608 5379 7870 9416 8155 3298 5170 3816 1607 5180 9863 6654 2271 6042 9195 6721 53 5845 2555 7153 658 8366 7768 1219 2745 7696 3739 4945 1045 4308 7431 2029 9765 4333 5542 6463 9335 5675 672 5189 1567 6374 4400 8816 1610 1745 8076 5966 7947 8073 7615 7346 2310 5179 5367 3769 8603 6648 4722 9838 7374 3180 7584 3646 1374 9897 9441 1064 8550 8436 3505 787 9744 6201 5484 1823 1438 4134 6298 2486 7932 9932 2086 5484 172
4752 7187 470 4264 7071 6648 4426 1423 8280 3731 5288 3501 2800 2150 665 5593 7641 4680 7539 8057 7167 6807 4907 2110 4304 2195 367 8030 6275 5645 7822 5954 2405 7406 2236 671 6353 6534 761 1266 6672 7085 9646 1904 1669 7182 8850 6202 511 7931 257 8918 2077 3491 4534 1086 3136 8747 4372 8575 3697 9620 664 7428 9326 6492 5197 8126 4888 3118 2921 2518 5564 7894 518 2336 9040 8131 77 5697 5271 6880 2337 1103 9361 6494 8568 5189 5586 3221 3385 3380 9209 7373 6656 9834 373 3730 7205 2869
8285 9206 4692 9356 987 9708 1714 8896 7462 7965 42 2593 1421 5742 501 6647 9885 9153 251 3476 5973 1686 1349 2685 4193 7049 7842 9729 8082 8553 5770 6959 617 3009 5041 498 2104 7270 1275 6182 3073 134 8361 3057 7424 7172 3873 5126 5016 5645 81 4285 2481 8584 2359 4571 4644 6803 1044 6021 229 551 7146 622 1250 6476 4928 2173 9088 2125 2587 4623 6688 1825 7588 92 4240 7431 3936 7219 531 5954 1304 6313 6695 6050 2740 7466 7650 3353 4688 4779 69 2269 2777 383 1772 6208 5475 9753
7704 9015 1596 1417 9439 9653 7940 8146 4161 4934 1928 2393 3843 9597 2625 2099 1633 8265 5977 119 1738 5552 4580 1045 2812 5642 2193 2229 8662 5146 8254 2072 7263 4286 3394 4374 4377 6110 7468 134 9648 632 1589 5962 4624 1840 1834 6115 3116 3118 5490 1141 738 6309 5907 5456 8754 163 8688 6940 2498 6414 2339 9358 6778 2632 5329 4326 8838 2296 3154 4903 5098 1349 743 9087 6296 8485 5945 2650 5755 8361 9370 3290 9669 2256 8960 2761 9350 4257 7885 7143 1537 7798 13 466 889 3294 2844 8530
8867 912 1887 9430 1024 6360 125 6896 4291 1952 9295 8651 9053 9358 5767 2399 9136 2900 2208 5062 793 5687 3325 1049 5113 5692 6047 5737 5435 4770 608 6042 825 8828 3957 7530 3068 3802 374 713 8292 7043 5352 6889 7511 6156 212 2858 9297 3135 6128 8774 8742 659 5724 2819 1609 3012 5873 3094 3697 910 6835 8982 9773 8003 3990 7847 3654 1433 3548 6350 840 6912 2764 7049 9597 1974 2083 18 9918 2819 4498 8960 2073 1569 1863 8357 4126 1012 389 8800 2104 5919 6632 1777 1288 6724 3930 3366
2468 6058 1638 9970 9146 8638 7702 3292 9734 153 8018 4862 1591 8663 6351 6927 7059 263 3530 4531 3357 5541 1685 3718 6600 2070 4446 5115 7701 8182 2415 3899 6993 231 6836 7891 393 621 3639 8927 5829 4905 6341 2168 4436 1730 8110 8421 8142 7400 7502 1737 6130 1673 5817 3855 4616 564 7579 860 1828 6199 2979 8479 930 6942 430 7283 614 3417 2470 6474 7964 9845 7692 743 3295 8169 787 8668 2981 1512 5112 4787 1177 9102 9609 8386 2005 5041 7015 9161 4925 1068 1564 8039 751 1118 4991 6118
1282 7090 1991 8115 5540 7866 7631 4667 5877 8967 2640 1100 7023 1065 1750 7699 3445 3649 1777 2343 2049 4066 6669 4395 745 4722 4592 664 3033 4847 2274 8752 9784 3962 6967 9548 8008 5912 9649 1526 9349 8629 3383 1562 9223 4757 9355 2644 6781 7700 8759 96 7022 6652 8899 7969 6224 8906 9405 672 3390 6913 8627 8395 9639 8445 9816 7281 7049 3521 8238 5804 8638 2190 4962 8312 1447 4894 4591 4855 7966 7053 4194 6861 102 3287 8521 1851 9821 543 2308 8004 8367 4844 7198 4745 9708 6216 3569 43
3215 3813 2673 2437 4049 9010 7928 7517 1911 1838 4370 3422 5256 3545 5537 2443 9420 1514 765 688 890 5988 576 4192 9930 4678 9238 8579 2524 5475 8628 5251 5471 2485 861 6091 1699 130 7764 4263 5950 1518 6919 3024 4139 2294 1954 663 2133 6021 325 7132 5888 1938 4939 790 6221 4841 8731 8675 9056 4355 4960 9090 1758 5326 3683 1015 1489 1270 2355 1917 3707 8295 9982 1242 2274 4002 6525 6648 9289 3545 1099 9109 7486 2782 9812 1747 6202 5372 4977 5956 477 9261 7046 220 2914 1533 2982 2810
3767 6034 5782 5017 6879 7072 269 8300 2839 3857 8857 120 4256 8177 1469 2351 7090 2743 6774 9116 5085 1847 4544 5118 8241 9977 5726 9288 8795 1906 7214 1860 9345 554 3731 316 3268 6606 7539 5744 3566 369 7235 9880 8161 8339 3471 92 7610 7648 2895 5289 2625 5482 2753 5206 414 5547 5569 491 265 6323 8909 5873 0 447 4827 1908 8482 7875 6876 5769 2054 5580 1178 6963 1843 3828 7390 3687 7285 4108 2949 7827 2786 1262 2400 692 7981 2844 40 7178 3448 6780 8961 2631 1269 2135 6941 3654
3707 6053 4888 6178 3064 3441 7453 5698 3689 7948 7281 9670 2644 869 8551 5846 5347 480 1962 1118 1835 9037 9524 2031 4104 4813 7447 678 88 7633 5830 1861 6824 3658 4834 5862 3025 1635 3230 6598 5937 2336 8665 5193 1775 5118 8614 9840 8412 5222 6951 1321 4758 4337 7468 8549 1368 1288 3991 3437 5645 6016 7572 7268 9175 1390 9434 6172 5286 5125 7183 2734 3381 1172 7678 2729 6810 5 8695 894 1235 5109 9621 9655 503 8350 2486 1288 3614 3759 324 5274 6982 776 3231 7463 6249 5785 8022 6743
9586 8285 1541 8062 4148 6643 635 4670 7124 3219 9699 4630 3716 8089 570 9590 7954 4782 8448 2746 2508 7040 8741 7525 5454 8288 8502 9439 5900 3001 2115 4807 3272 1218 6251 7943 5892 3302 6833 7339 9370 1167 7387 3759 3316 1008 26 4561 2041 6271 8683 3701 8694 6246 6272 1650 5080 8495 5644 3906 9785 3906 5324 1088 7808 6624 3108 4721 238 4350 8774 3024 3127 6013 5734 8380 8818 5615 601 9228 142 3636 6592 4318 6527 119 8986 4058 510 2663 8912 1435 5209 6428 7992 6055 391 1785 7340 3503
6935 8860 6259 9515 6964 9072 3120 5884 5811 7399 7811 1735 7976 2404 1444 7770 2476 3620 5309 4313 7032 1949 7982 5096 9385 225 1873 1728 5853 7217 8180 3600 3135 6138 881 7777 8554 3708 874 2572 7552 2935 4241 5853 5746 2257 3241 5041 605 1401 3404 9297 4444 7774 5307 2004 2143 9459 4800 9275 4792 2619 3468 7654 2567 1081 5582 5234 5684 5980 3669 2941 517 8532 8373 4573 8793 724 221 2434 6292 8124 8881 4005 9634 6303 578 5958 3826 7149 2398 8979 1165 9110 6347 1689 6717 6108 9448 3279
8326 9504 7103 8004 2840 5324 208 3789 1415 6169 9624 871 1767 4508 3710 2247 7661 1217 7743 2391 5829 1066 5889 5957 396 9113 2927 7905 6684 8844 3608 1778 9866 7152 3906 8468 7114 2930 7746 9284 3037 3108 6538 7084 9236 3336 9280 7194 6309 6122 8376 2923 5701 5247 2096 3504 4609 1279 7077 4471 3137 8308 1919 6009 2999 789 1685 1164 2762 895 7629 7556 6221 3305 6532 4130 7349 2741 2013 9589 2114 1031 6709 2659 578 3252 7285 6595 7807 7937 5110 6223 5938 1831 6844 4813 555 2989 8819 5341
7808 314 9260 4177 8872 48 5895 3462 64 5776 6860 2507 2657 6773 1908 2884 2307 9289 7890 5272 9841 7156 308 6287 9888 4188 96 7262 8686 2237 4670 4453 3933 6357 326 1876 1225 8775 9041 3185 2644 1755 931 464 9240 2155 4972 3338 9671 4694 7902 7661 8443 4631 6157 6753 1110 9017 3032 646 2917 9628 9026 5162 6098 3598 8188 1056 6138 7210 6348 7058 6223 3414 1849 2922 1902 4053 9590 2557 8548 7555 7051 2918 4217 2084 5344 7971 6901 786 4108 47 7665 7020 4385 7940 214 2736 5760 9473
7903 4779 2270 197 403 5225 3478 5602 5033 1601 7120 3041 7883 4876 9551 535 1570 2148 524 7276 4485 1656 9667 5002 9243 9904 6712 3341 8244 4267 3499 6620 1180 8712 8736 1347 7513 2825 8474 3846 9165 9859 2388 7030 4829 1738 9599 2718 9841 4757 278 2063 4219 1327 6446 2678 751 762 4159 8177 9137 5957 3910 4750 888 4434 9493 1980 9887 8498 4697 7016 2726 4487 3833 6218 7032 9458 2583 6493 1590 9066 5724 7759 433 1901 86 5349 9680 6571 6288 3615 2943 6426 851 8106 1774 5862 6610 1876
4079 3417 5842 5526 9538 3978 5648 5025 2056 5476 925 4675 7018 5953 1299 4191 4964 6503 5272 1119 3578 1681 2235 2259 8651 2115 2260 4896 6189 3821 1968 4698 469 8096 1437 3954 8617 4157 9541 7004 2128 1037 4552 6842 3708 4089 3185 1734 2617 598 5150 7554 907 9655 1628 1507 7396 3518 8761 7755 7974 8257 2930 5883 5061 5330 2996 6253 8821 4207 5110 6571 2600 921 1263 141 1656 1713 6779 3798 9101 2726 6797 7669 1802 6540 8713 9981 9696 778 7482 739 5655 8667 5529 6076 4294 1547 1201 4209
3992 4314 8692 2891 3560 7376 4362 2455 8454 6852 8346 3133 3919 6965 1902 3959 6874 370 4240 9133 796 4138 73 9818 5936 203 6811 8838 6408 249 1125 3824 3963 4879 7974 590 665 7498 124 942 2832 8415 4820 4405 3434 670 3308 2445 2375 4873 6375 516 4389 2822 3786 5218 3225 9336 6508 4546 6932 50 5146 9556 3147 5131 8986 3505 7348 3629 185 5957 8033 2862 8899 4613 2547 7241 1466 3659 266 6204 4089 5798 7169 2734 5769 2474 2991 163 5529 1439 9819 8604 1589 2217 5758 6788 7740 1989
641 2175 9306 3513 5876 6216 2460 4707 6856 6113 9233 3752 2248 222 7513 2791 7263 9708 2004 2190 2118 6095 3513 620 3502 2136 4233 2641 3279 9388 598 7439 9365 5311 1829 2931 650 1383 1040 871 9869 2581 321 1527 258 8512 1672 3762 1286 9412 8643 2065 8369 5074 8361 8928 9620 8138 3192 6585 1569 3850 9161 5378 9175 6914 8327 8195 3157 2715 7554 5943 3297 5920 3723 1617 7207 3366 2993 2096 9377 7789 9725 288 3487 4535 8696 4569 7402 662 7247 1843 1293 1499 8502 5058 9998 9342 8176 7021
2325 8571 1070 4825 177 6049 7124 6890 1382 35 7999 9517 5498 6154 26 3537 2079 118 9106 2175 4996 3986 1594 4265 1177 1149 6621 2618 4449 7886 8132 9097 2344 1332 3035 1153 8412 5355 1131 4825 6413 7070 1455 4912 1729 7840 7485 7988 764 1343 5556 8438 9421 2783 9860 4726 5092 6089 2188 1238 7448 9953 6230 6354 7076 3721 2716 2526 9873 7135 9018 4846 4394 5840 4791 3437 1592 2854 2429 4078 1392 3751 3874 6442 6091 8325 9266 3139 9114 4508 1770 672 1331 9150 6387 6268 9962 7922 7751 362
8653 7873 9734 7867 3602 1250 1688 5584 9039 4910 6665 7395 5847 7919 3314 4978 1451 702 2110 6016 9107 4734 3619 468 2632 1739 193 583 2398 3085 8492 5286 5041 4132 3221 721 7434 8064 1366 8844 6883 1028 330 4256 2721 6153 8003 9404 7916 4145 2419 8667 2457 2541 2785 2875 8667 3718 8753 3467 1075 425 5379 6662 8340 3961 2931 4468 5663 7664 118 9264 7276 6278 7819 8454 6455 6583 8129 1970 9794 5145 8429 1404 3253 4629 2612 2141 4655 102 9464 3766 2709 1043 5190 9355 2200 4783 5329 2130
9249 7915 7436 1634 4383 9640 8845 8212 361 9300 699 5606 9438 5154 6158 117 6154 8873 3256 3238 2593 465 2629 2294 6987 9038 9399 8044 2484 8666 6516 3906 2019 8406 7218 8854 1169 6479 8884 8765 4858 9483 8691 2651 5671 2971 8858 6829 7808 1760 6946 5819 5707 7985 4982 979 2199 5428 1565 3120 1576 9730 1389 6748 5712 3647 9231 1452 4666 5912 7191 5824 4701 454 3062 3233 8274 7075 3122 1973 6133 2948 8155 3187 404 5658 8816 2110 1351 8161 364 9770 3222 6587 2412 5681 4592 4734 8912 8672
8869 8312 2032 3507 2428 1850 6997 6572 4134 1698 2644 2543 8646 8082 5443 1920 4490 7657 6422 9794 9231 284 3673 2724 821 4328 3079 1675 5739 8475 9797 6843 7040 3755 8042 4851 3849 2780 7706 3469 4741 9675 288 4508 7464 4412 6215 5412 1946 2326 2480 2067 2057 1232 1232 8664 3263 2019 6969 7490 218 1320 7042 7544 5778 1723 7538 1969 7840 9136 7441 4770 1268 2395 6224 7418 3873 5375 738 5935 138 3045 2069 2913 9615 3149 4436 3055 589 9732 1205 9395 9579 4781 9818 5331 2515 3182 3536 6467
5740 3075 3097 6454 188 2418 9440 8221 4917 5899 9350 1289 5638 1806 7553 7449 3483 8367 3522 7846 2613 4989 5498 126 9345 2951 6809 151 3944 7101 7187 964 6059 4789 8114 2203 1819 4045 8214 3233 853 6775 3268 2837 8438 8669 4833 815 8504 4167 4849 4401 4041 5915 4849 4681 8352 9265 9619 2051 2282 3511 2093 856 436 2519 9699 3834 7758 4280 1320 6902 1038 2451 1571 5236 6401 6807 2663 3614 6722 2830 7843 6281 8276 5298 1534 4420 2005 7082 8751 4098 9323 5305 8274 5186 2321 13 3824 4446
897 8206 454 5997 5304 9366 763 3942 3789 8790 9314 3927 1919 2350 7427 3620 2661 9158 2593 92 6717 2406 9231 5856 4012 79 9696 2205 7154 9711 6190 3471 7407 1081 9377 9809 7541 1743 7793 1095 7034 991 2227 7018 4047 2636 1230 4873 5367 6447 2135 8311 1511 7349 4467 1394 1537 8620 9916 1672 3983 1493 2354 3566 3810 8531 4733 3838 2417 5821 5681 609 1910 5569 7359 2044 2182 4824 4453 5889 7402 8702 2912 8629 5982 1285 815 3298 3060 3046 3701 4900 9748 5788 5314 8107 1930 3686 4905 3246
8579 9566 2030 4170 8871 5297 5433 6761 7474 4998 5625 3469 856 8279 9468 6032 1925 9355 2177 9590 8719 3137 9592 4077 6782 2590 7119 3806 8009 897 8509 3348 4538 7317 7824 547 284 2998 8266 2658 8843 2919 8614 9158 5695 9344 3626 218 7625 3429 2401 5799 5972 893 7266 9960 3015 3061 4436 8575 2184 6603 9434 1723 279 1685 672 849 4695 9200 5209 7497 358 3246 4435 394 7552 8777 4614 2902 1233 4349 268 438 603 7721 2417 5582 2664 8728 9571 6455 5088 4335 1982 3601 1340 8016 5475 4331
9385 5848 5611 3565 6457 613 8631 2575 891 8214 8391 1133 8425 3875 7628 3961 9344 1923 4697 1866 6981 1065 6786 1750 1803 9648 9614 5915 6874 7587 9468 3087 2400 539 8694 4787 8771 1119 7506 1619 4806 8153 9368 8311 7955 3449 1044 6645 5286 2997 6505 4956 8005 49 5586 3401 6883 3055 815 4962 3535 9378 2979 1689 8392 7895 2307 5232 9975 1011 2483 1714 2394 1291 9135 4211 2727 4125 7125 5481 9401 7380 9427 6844 7603 552 6853 688 4322 7973 5059 9516 1413 2906 2020 7358 3610 9387 5054 5777
3523 7643 720 4556 6215 8638 8481 6763 4402 4728 4801 2833 5814 9262 2756 5526 5811 4143 5932 3708 7741 3777 1208 7320 5095 3549 5225 2443 2079 5655 5945 2882 9655 3494 5791 595 781 1270 9483 5571 6493 4033 1201 4123 8231 3572 7954 3867 8376 4995 6962 6482 193 48 6789 1785 1553 7708 5374 2719 7095 8004 9319 9001 8622 6846 9238 3751 6227 6362 3661 2982 7565 8712 4484 8828 2707 7886 879 2092 2520 6624 945 2248 3818 7186 3591 3848 7177 4453 6299 2831 5641 854 2727 122 538 2983 4490 6694
6677 8076 2186 7226 9913 4702 902 3127 7829 3268 4540 5735 1152 4128 4804 8400 7063 7814 6042 9498 7055 3014 7832 7395 9081 7653 8194 2752 2766 9828 8184 8886 7967 5645 8834 8244 2478 4134 441 9964 6009 4054 7418 3932 4485 6692 5841 5692 6534 208 1408 7209 952 3800 2414 9198 1975 6968 9682 9268 8084 6098 3169 9144 324 4075 5789 7616 745 1846 9370 3492 3795 2662 7609 8219 7270 6707 897 9039 5399 9055 2157 6164 1243 3835 4768 8861 2829 7371 6257 3677 6945 4817 8789 9720 3873 9524 8826 661
8514 4683 5566 4401 7436 6829 3843 2202 618 8492 3999 1537 3299 1652 9333 8990 814 5936 4558 1764 9399 3722 5652 6565 4400 2596 9827 730 4098 3591 879 7969 3250 2514 2947 9031 7236 9420 798 1907 7607 402 9163 2168 2740 3001 4817 3950 2314 7753 2140 8082 4220 1203 9589 3326 1441 986 1158 8879 7161 4690 689 336 3442 9606 688 9886 7852 2104 6072 3435 1943 8790 9382 1508 3805 5471 9526 2297 1936 2398 7633 8649 8078 3012 6598 372 6395 6665 8123 5103 4808 3557 3503 1853 7274 2717 9703 1727
6317 7092 3386 4679 3600 7519 1178 9516 356 2342 9168 8184 1386 4581 3955 2667 5018 7872 2106 1471 8375 5250 4208 2768 5462 2100 4746 8789 4024 4145 9210 2043 4814 9421 7504 3905 8422 1901 1820 9630 7075 1454 5797 3231 9502 3661 5673 9921 8331 8454 1393 4645 5114 8543 6736 5384 8056 5061 1995 7142 9208 7462 7382 1573 8451 4802 3819 7380 854 2095 1809 7482 9007 5078 6450 6657 1141 8652 6093 6741 1017 403 8949 2414 1619 5134 3895 5911 6413 272 8832 5116 9293 7725 7454 1192 9959 9100 1695 4201
6642 3859 2318 6737 5664 7096 9877 7452 203 9147 8908 3701 28 7649 2463 9084 9619 5614 4951 2608 4872 3378 4160 2527 4897 8519 5590 550 2692 6566 9838 8613 5641 3893 3804 1499 5107 9144 2646 1706 2689 9417 6087 8801 3062 9352 6584 2590 6059 5548 9241 2443 7975 8779 2824 1202 8447 709 8525 4842 2211 9800 3905 6451 4148 9961 3996 303 3336 8272 6981 7361 9644 6186 1242 9145 3751 3103 7200 3710 831 2573 6821 4653 4130 7899 114 9996 9213 8205 5585 6337 68 5309 9492 5779 2175 2752 6042 8260
6 1634 6994 5254 42 4973 3137 9642 8441 3946 939 6393 744 5917 6433 6403 4636 3663 4412 3915 8738 8923 3446 362 1195 4745 1364 3610 6112 6639 7644 3129 2845 1019 6513 882 2138 1253 5004 5898 626 5977 5166 8766 4428 1064 2956 1859 1145 4144 7633 8828 9404 8356 7288 4639 8910 8557 1607 9905 206 1337 4915 2196 441 7356 1843 675 1722 9084 605 3469 7880 8361 2548 8216 3968 7472 5939 8992 3460 9096 3810 293 3007 1084 3619 6784 7089 4107 4335 1934 9082 9198 6237 9587 5097 8884 6545 5892
6469 3823 4954 965 8891 7485 7077 9989 3846 3038 6715 4723 8825 4083 4977 9547 773 2423 4872 7062 9583 1288 6633 7976 4651 5950 4503 194 9258 3366 1492 4624 2220 6391 569 5791 4009 2155 1946 2803 3835 8694 5059 6917 4023 6117 605 9377 6270 7108 406 8852 5349 6813 423 9732 9800 7041 8874 4239 6706 1373 9238 5934 7746 5277 2019 8470 6357 2504 5903 8834 6904 246 8389 6463 5022 3782 5012 4410 1228 1444 4185 657 1791 7507 5001 1565 2103 9012 439 4804 8343 2044 4167 9339 4246 7106 7010 6073
6944 2721 694 711 730 4121 963 3753 8646 6162 9987 3112 9933 660 8545 5890 9186 5866 1285 4039 781 7884 5584 9568 7629 3956 4251 7182 1875 2314 6229 5654 7944 9900 7298 3936 1711 603 9042 5860 614 3921 8811 1215 9593 6849 6848 8992 1164 7239 8879 9186 4703 2554 4706 5849 4640 3551 346 6616 8752 9118 2456 5311 9656 5234 9152 5046 7139 6385 4562 5491 3223 6526 940 8931 7423 2411 8069 883 5714 6426 2242 9774 8156 7888 8413 7343 1032 1945 7107 5618 3510 3745 1336 862 3497 6105 7616 3850
123 2044 4662 5455 2803 2576 7056 1965 1062 9559 7013 3852 307 4060 6261 6093 8714 5309 4983 9331 6136 7224 2173 9861 6207 5220 3007 2858 1607 8657 5778 700 1259 3961 3085 5050 1624 661 6022 6135 327 4092 9422 3268 2899 1662 7808 5758 383 8100 1634 4716 7895 5793 9817 515 5838 8512 2843 7257 5602 4219 7973 3086 3625 6963 2786 1140 258 7773 1527 4397 4260 6070 6673 2101 3434 8633 1351 5891 1485 3524 6900 7876 8350 2018 7292 9868 8006 964 472 8670 1174 4886 5864 3317 7141 4102 6017 8845
9019 6299 2401 9665 6035 8651 3521 7807 7353 1958 8077 8902 8044 6601 6958 4807 4625 4312 133 8961 8344 1491 7129 7628 5508 5561 8699 7111 3273 6559 2506 8405 2694 6400 2782 5083 2004 5863 4797 9261 7544 1939 4636 9006 8855 254 2785 4860 2123 1977 2434 3749 9705 6936 7392 9847 2744 4105 518 2361 475 8539 9544 2103 8643 33 5621 6641 5675 801 2821 7783 2111 3141 5462 3971 9367 4741 7500 3609 9493 330 8908 5366 9063 4090 5167 1341 4418 1148 1038 6250 2387 488 4512 3935 2627 3828 911 4751
3257 7885 3860 3248 4570 4117 412 1402 6125 2075 3377 8337 5639 402 7025 4509 6818 1221 970 9704 118 5541 7728 4029 7858 3484 517 1543 6136 1892 5182 1742 4583 3490 4552 4360 7033 5952 6685 3349 7564 767 200 109 2543 7490 2487 353 4662 6945 4340 3131 364 1287 5050 8515 7706 2001 6352 5488 5924 2041 9811 8695 5606 8955 4318 3176 1598 7920 1652 6182 1145 1640 5263 1038 6538 7912 420 5373 845 6582 7172 1337 9956 6107 4783 8104 3051 8696 1709 9738 9857 6928 4071 6451 1420 8803 3614 5696
7000 881 2460 9826 233 5514 7187 3944 8292 9373 228 1457 8037 3377 7890 365 8387 4610 979 2886 9100 3135 3623 5783 7269 9096 3362 9641 4937 6922 3319 8361 6585 9068 9724 7848 286 2688 1812 6333 6228 1436 7547 4201 549 2622 1065 5397 2481 9424 5251 361 1349 7914 2193 3118 4370 3687 3572 9213 1325 6631 9815 218 1381 5949 1191 983 3323 2001 5872 6189 9670 906 5743 6554 5480 6269 2906 315 5932 5395 3628 9100 1493 8697 8069 5672 9684 2461 8979 4542 8443 7470 8355 7827 6509 3893 9438 7647
6164 8953 5627 9634 8625 9845 3389 2833 9468 5206 3688 6396 4436 940 4295 3785 1599 1604 6339 560 1866 3421 3831 9258 7101 6983 2640 1791 6003 8125 730 5861 8996 4560 7689 1809 2580 8781 2777 9256 1339 3254 9624 5568 97 1118 5053 5225 7246 6782 9446 3399 1634 8705 1395 4403 4670 9683 8822 5771 7234 8178 9133 9792 9574 4713 3481 9515 9410 6659 1813 3603 206 3544 2682 3555 6535 2691 5406 5528 6515 2484 156 9134 3609 3459 3169 4048 8181 5417 5915 9535 1635 8651 8720 5705 6019 93 2014 4217
4923 635 5033 9318 9795 9069 4169 3192 9606 8377 7778 8651 6407 296 8746 2519 6097 3007 3839 2147 2379 7843 7790 6502 9635 7417 5979 8912 5963 8522 8491 7497 6091 4203 2237 3976 3851 108 3116 2647 2755 9149 2368 1588 1964 6675 4045 4346 730 9385 5290 1337 5670 2776 6567 2951 2082 5213 1964 2692 7894 9411 9159 721 4825 8646 6375 147 6062 7537 5882 6095 7193 5964 3884 2381 871 45 3783 9799 6900 6565 5778 5963 8850 9998 8711 2823 6269 532 1794 6007 9971 5530 8116 6618 4398 8569 8396 5048
9151 7333 7896 2562 3698 6104 3794 9548 8913 7190 9976 3627 7808 8879 444 5423 4700 4931 5841 503 8065 5259 9738 8631 8797 3080 9999 8344 7245 7404 6141 2221 778 8667 3977 8681 5613 1808 5922 1915 1104 3993 1177 544 3338 4206 4245 8939 6308 7229 4008 2191 8810 6724 3383 2890 8116 2511 4768 6004 9109 2641 7965 511 2322 9897 6611 7355 9529 2791 6992 2324 6682 4804 1166 3062 806 4889 358 3667 2519 4517 9491 7683 5655 6567 493 348 4247 3035 3834 4353 6488 5675 1375 8324 7109 4602 75 6375
4540 2238 4746 9397 2264 1560 4890 7059 4719 4709 3786 6031 8452 4524 7964 6553 6902 2891 7669 1172 811 4067 2291 7995 3124 5081 5667 2976 369 9668 6421 381 6959 1792 5127 1027 6221 301 4856 8435 9458 8320 1140 4794 2237 8994 3107 1580 791 4995 9815 8064 1330 4175 2023 8035 5415 2865 8307 7478 8934 1788 6626 8228 1402 4980 2816 2123 668 4491 7598 6355 2880 8744 392 4750 7519 3881 5982 7014 686 9687 4269 4373 2708 2310 4845 1978 8790 6355 8937 5117 9099 3521 7842 2787 8837 747 6799 3491
873 5865 2238 6156 7671 5223 8525 6150 9548 2285 2538 3224 7682 5746 8184 3663 1834 4805 8278 667 6847 1547 2678 7078 4347 3874 7741 5895 5650 6871 2706 8729 4518 5517 4008 4999 9253 4789 7763 8945 1047 2272 2992 4123 441 8717 827 6906 8609 5013 6522 8194 6472 2057 114 2239 2013 8823 1869 9336 8042 7439 8112 517 2820 297 1837 9839 5437 2852 4214 4075 5798 7903 3283 9689 7477 5681 9287 7531 6927 2931 4427 4597 647 3503 9198 4192 7926 660 7921 2379 9733 9298 5021 2428 2697 1577 6463 271
4291 7240 8492 3346 2491 2133 5133 3439 7149 3301 1505 7923 8845 2175 7803 7007 601 6553 4811 2086 3146 6380 7986 5176 1633 561 5199 1870 6045 1891 1174 9664 315 6467 8359 7388 2888 9049 7356 947 4916 1084 6863 1168 90 8336 9164 3439 5035 4727 6978 7438 4540 9987 140 2806 3939 463 5393 6096 9915 725 4209 940 7743 5127 947 8658 1579 3246 2726 9748 134 1508 2149 7639 9651 80 2137 237 2258 8546 3176 3390 504 8106 2803 5377 8862 8295 7032 1456 3725 6637 7259 8522 3638 5568 4168 2125
8652 3382 4992 9665 7040 4831 3057 1954 395 9466 9665 4711 9766 6997 7740 4265 7919 2957 9584 1924 6412 5294 3797 9817 4174 8592 8778 2706 6848 4210 1435 5712 3176 3834 8563 5537 8579 7615 2532 9641 2826 7858 3221 9709 4061 798 7002 7040 6475 8655 9286 2668 2297 1061 4371 4477 1473 9516 3492 7227 6234 2104 8833 9184 4936 5440 4972 8985 3113 1922 9230 4801 8675 6134 7772 4164 3031 572 783 4996 7183 8658 3812 8687 4101 8404 3065 732 6449 7964 7809 2019 2336 2188 454 1877 3697 9771 9066 4457
7440 6816 2811 4509 1482 5297 4395 6645 4759 6834 1773 2104 9001 3848 5827 2502 8499 5902 3281 2641 1128 7571 4594 6073 8971 9528 8634 9427 4718 3943 2040 4961 9350 5152 4849 2578 6062 3555 8807 6382 319 5644 6500 7695 7706 1663 8623 7028 8921 6925 4649 9773 4738 8141 5065 4323 3626 7752 8538 4900 6555 8678 8398 2641 350 9844 2204 2072 4431 7206 1487 384 1010 1268 5067 6556 6576 3915 8667 989 5585 2456 2480 9595 7889 9273 7419 9411 1890 1806 1135 6361 5714 2722 2790 7617 434 6430 7126 1681
114 1677 6067 7593 5291 3462 5768 9422 6367 9876 6388 8119 8486 5481 3133 8960 2988 6773 7127 2601 305 5088 9055 7271 3981 6408 2531 2688 4550 5998 7227 2876 6279 8573 6090 101 2808 3535 3934 31 8982 8268 6237 8448 9173 9029 9814 1225 4028 4547 7219 6205 4055 3857 8274 5922 6208 2873 4211 9021 8402 1282 4700 8214 4604 1694 2571 206 3560 6269 471 6243 1209 5372 3654 1533 4967 1452 5601 4715 1234 2703 9691 5750 5684 9598 9033 7271 9346 4138 6912 2025 724 7121 9418 6851 2596 7366 3784 4688
9789 3558 5543 2734 106 9306 4467 3688 2334 4470 9618 7048 3120 3598 68 3281 3329 7050 7802 7032 2897 237 3062 9752 7399 3917 7317 6730 8808 9989 361 5808 7034 1963 6110 8796 8055 6886 8113 5285 6100 6102 108 2015 1365 1264 2731 4508 2135 3640 5320 6410 8406 4750 1384 6851 7688 6397 4008 2688 2919 5921 6587 6624 387 5663 5238 8520 1369 6887 2657 4792 850 3399 630 5532 4160 2664 5651 334 5152 6181 4126 7025 5016 6835 3680 8562 7286 3246 6714 3719 712 9489 4879 318 71 9486 1334 7715
2455 3229 6901 1167 7947 8666 5152 450 2245 2977 2823 3282 9251 4674 7495 7552 187 4191 9025 7082 662 3710 5430 1979 8001 7392 928 1531 9320 252 254 3587 882 2659 5 1315 6841 3343 7912 6633 8009 6873 267 9705 8471 8884 7931 6001 623 552 8119 9585 5906 9055 892 5628 6271 6052 2782 5751 867 1174 2905 0 1280 6012 6000 2122 4282 7624 6687 5495 1871 7851 8296 2233 7664 598 6415 9594 7816 4079 4482 8576 2778 8982 9161 426 3272 4242 6121 5479 1104 5957 7852 7143 1445 9385 9076 3005
1559 4874 7953 8263 3165 209 1107 6984 474 157 4564 6456 7134 5138 3188 9263 699 3324 5863 3943 8217 4514 4421 7026 3479 5714 2913 1122 2141 1775 1015 4510 5263 3796 5976 3729 5556 6639 7091 781 4145 5143 3512 7982 6069 9874 2695 5571 1148 856 2178 6286 6753 6249 6441 2139 9729 2490 5431 38 1953 2910 929 7246 1183 5926 7459 1859 6041 3965 4154 4372 7986 1897 4684 2934 6260 1166 3610 3186 5493 558 8847 5357 5651 9745 6018 2054 2712 3676 904 6241 148 4201 1647 3031 6727 5394 403 6724
2762 322 2340 7572 3875 947 749 5523 2715 2403 8537 4635 7760 5375 7294 9899 8814 6252 2878 1592 1529 3876 9922 4323 3090 8012 4262 4511 4595 3014 3745 4718 6150 8188 1844 9128 9483 1731 8091 9637 9530 5758 4821 4101 5462 4730 7602 6413 5240 7520 7107 8566 7255 7638 5621 8198 1235 6303 6234 1477 6111 4225 7253 5768 1545 7487 4837 8182 567 1458 8382 4438 1609 6181 8519 5382 926 7521 3159 5085 7804 3878 6843 3457 5401 6959 5728 3199 2684 7892 9887 4163 6583 1918 7752 3811 446 1675 3219 5355
2261 1698 7525 4642 6156 1967 8156 9575 627 5395 2990 2069 5323 6297 642 1936 3832 4477 3083 5700 95 8988 219 4915 3304 8486 1665 6326 3985 2207 3052 7802 260 3571 1420 6933 1505 9101 222 6164 838 4588 7990 9383 1505 8965 256 1667 9688 9968 5227 8467 8244 4293 8864 4177 5135 220 755 3736 5476 2008 9381 6002 1889 900 2433 166 2120 2280 8436 6261 8875 9623 3079 1871 3032 5456 2470 5194 9049 7010 2974 1457 2090 4642 3648 5519 3010 8605 2490 7630 9468 9577 3043 8750 5487 1524 859 2878
315 566 1491 5765 6158 8256 4477 2548 3350 7992 5949 7419 9087 5012 2103 261 5368 8030 4103 1939 1383 3335 9151 7158 4102 1389 8127 2993 7258 1199 8338 9508 2733 3827 6947 6048 5044 2168 1399 9244 5898 9915 7154 3853 3011 1934 6921 914 9026 5823 5256 7740 9529 5653 3648 3041 9576 2225 5110 3021 6086 4428 7990 3548 3854 5930 4175 6554 7627 3990 6194 8557 9846 9856 3661 1810 890 1200 8317 617 8364 6304 5764 2012 2225 2293 4720 6158 733 3050 8005 3084 5432 2515 3720 3029 2079 8108 4423 6995
8512 2027 5033 9248 966 3372 9106 9288 2812 5245 4768 3305 3433 9450 458 3927 6474 2186 7118 5795 6842 9649 9439 7667 9797 16 4908 3684 7092 5710 397 8061 6372 7637 2931 7635 9948 6425 9161 91 1367 3476 9817 5313 4376 5770 5617 890 4749 9190 3801 8684 3264 1091 1436 4648 4308 3672 7854 3463 297 7812 5913 4439 3942 9839 7433 4179 832 7900 4806 966 275 5543 5245 8324 5203 1457 8047 453 7571 5235 2126 1135 6377 2514 7850 2683 7067 2738 3440 4293 4066 6235 9333 174 3247 7124 2584 3833
8435 2098 8162 2786 4419 8935 1780 2469 4832 5971 7832 5444 9420 9421 8091 1759 2506 3695 926 1708 4086 4579 836 6676 2656 3549 8760 8357 4369 2235 3149 161 8561 3209 3919 2497 5664 4508 5654 3638 8258 4160 946 9294 3347 7135 4338 9498 5868 4844 5343 3536 1875 2913 926 9700 2461 6446 2066 4189 4287 7008 3993 3171 3143 4801 9715 355 3804 9842 2204 2154 8337 7872 9658 4616 2433 7927 8306 2758 9915 2832 4558 1046 4977 8960 2155 7500 727 7393 9942 546 5494 2999 8903 4263 3560 8597 8551 32
8730 6361 9277 8359 6806 4358 3816 8965 1827 4922 1200 7843 6897 3352 4782 8078 577 9397 1393 5976 1680 681 2119 2956 5389 8560 4850 8860 3192 5252 9741 9074 436 5906 4019 4149 3354 5089 622 4225 558 4102 4178 8427 7003 2742 3881 8512 5560 9240 4706 5559 3859 557 2797 9029 832 7354 1962 1762 6855 4152 9334 5797 4881 9887 8151 6145 8387 773 4856 9620 7108 6922 5174 7316 5972 2074 1809 7170 1107 1803 7309 1612 8415 9666 2529 6960 2723 5220 1183 4336 4370 4981 603 3840 4337 8727 981 4363
1694 3341 6247 6355 6073 847 5798 2313 5728 6758 8976 6626 9770 5513 8597 7544 7851 3344 8726 9824 4487 6464 2518 7829 1227 5152 9265 1638 4019 8905 7393 5798 702 8260 4975 9917 2339 2526 5538 2718 3808 6320 6679 9145 381 1380 6718 2741 1182 3505 6369 3951 4073 2916 6156 6811 350 913 8500 5371 7165 7758 9513 6553 1374 2826 9928 9349 3384 6722 6578 6177 4648 7853 7129 459 2437 8092 1349 3838 4161 1930 6148 68 2881 1591 6415 1128 3583 126 8391 9233 1362 1291 9167 9036 567 9938 6999 5694
2943 8741 1484 9299 3364 3042 675 8306 9956 9690 3056 2396 1611 182 1635 6819 1320 7707 3859 1942 4161 4468 1941 7596 2726 1868 842 6384 7920 9402 1143 3495 3973 9569 7759 7259 6355 2806 1075 6699 4554 2514 7641 5900 4933 9050 6758 789 185 118 5714 4520 7377 2426 3796 8071 449 2272 5578 5513 6948 1803 1921 4592 9338 8562 1905 7593 8865 5620 6480 9078 26 2692 9102 3276 9680 205 6742 5689 151 1941 6352 4290 7890 7859 5161 7927 6602 3479 112 5722 5942 5690 5847 1813 3725 8744 8987 1452
7344 8236 4092 1019 5595 7136 3568 7222 9515 2527 4785 8525 7340 9079 7431 1281 9732 6609 2539 6645 8932 1268 1671 5888 9800 8772 4259 4196 9584 9813 380 9471 757 1496 5623 1887 6977 9540 5743 2054 6208 2757 3693 3501 1942 6719 4006 461 5838 7583 9505 5394 3757 3292 1716 1057 4128 9815 4290 7676 5835 5255 1969 4412 1490 7121 804 2833 9338 327 2756 3979 2536 8936 9078 5676 9235 7001 1655 3402 1890 1914 4340 1750 9133 4488 8248 6042 4447 4829 1597 9452 4152 9262 7415 7101 2856 9345 2263 2132
1842 6811 5291 6469 5167 6592 4997 2859 6240 9473 9742 2317 1925 3523 4762 7978 2975 8129 3272 9486 795 7290 1985 3468 9331 3968 6723 22 2231 6001 6438 4742 934 1043 8982 1141 6426 9934 4537 2730 5957 6671 4047 6556 2210 7561 9473 6997 7345 618 5914 6802 1773 779 6661 9086 2071 6241 3607 7901 7006 1856 5430 2915 4098 2272 5879 2029 5350 862 5759 9749 1943 1215 6303 6539 5728 8564 1258 9523 3730 7672 7261 5861 990 6476 9118 7735 5935 1144 2478 4340 1817 1434 7371 3728 930 6624 4797 9621
223 2791 2431 5221 2502 8481 575 8390 8878 7880 5009 3247 4623 5137 9554 1850 7413 7548 5129 149 4805 4667 941 9305 9682 1125 319 8507 1883 1248 1522 7628 3025 9945 5316 7038 3205 2397 9328 1414 5478 2650 2718 8712 8818 241 1511 2076 5437 3868 6187 4355 8354 6344 8385 9441 4159 2814 7270 1825 5673 2923 5329 1424 8042 9416 4343 6963 7796 5950 8841 8725 3607 8747 1123 5311 7033 8618 4497 2315 3969 1590 4193 9275 2396 3463 3724 4001 6663 3692 1227 8376 2221 9232 1697 3770 1390 2257 8248 896
9093 1739 349 4559 1619 401 3114 1384 1734 706 8591 3164 1881 3414 6906 4280 6620 2649 1612 7269 2662 5358 7626 177 8527 1094 5368 548 3236 9598 7278 955 915 579 7404 7854 5451 9606 1614 8418 6292 6647 5829 9008 3069 6569 5848 9946 6877 580 7336 6108 2228 911 5506 7814 2061 2370 6926 6307 9111 268 1818 626 1166 7712 3718 1713 9294 5377 3330 5315 3269 6384 3291 8074 2394 3038 6087 5390 4100 9400 8906 356 4306 1685 2322 2452 8550 4875 5132 238 915 2801 6642 6970 2631 3980 9758 1217
8328 4611 7184 2952 4558 1334 496 7598 4581 3748 561 2878 5093 7995 5683 6341 8522 3953 9419 6917 8618 519 6746 2404 1486 6799 9102 1382 4648 4308 4456 5838 4346 7136 4924 3599 2220 5382 2832 3223 4950 9532 3966 8977 182 239 3772 871 7876 4366 9006 110 9221 4298 9554 7944 8943 1277 3204 9955 4562 256 3826 1107 266 3043 2728 9896 6194 5535 7794 5364 5338 6130 8075 3304 4950 6848 3595 9873 4532 2218 1056 5976 9439 6416 9928 188 6149 820 9286 5863 4229 6854 8356 6169 5060 9271 791 4132
8159 3745 5827 2412 5022 604 1668 5623 6319 4202 5706 7278 2235 601 1614 3489 1256 9645 7137 5948 993 6935 5555 4890 356 4499 8136 8623 2046 817 6566 742 2766 318 3557 4963 3145 6113 2495 5265 6485 7964 1830 9705 8795 1110 4003 610 1414 4423 437 520 5615 8960 6619 9500 8166 4734 4588 8866 6583 6762 1632 6846 6489 7033 8452 6816 9101 4576 3283 7210 4872 9466 8724 8648 2828 5723 1714 6281 8127 3544 201 4115 1523 309 371 1553 1622 8121 6493 3082 2910 7869 2258 5427 1473 6009 8302 748
2299 3905 9729 9204 9606 9942 4958 1901 8199 7770 8208 6543 1725 5253 2395 9512 2528 3700 9612 7517 9611 5402 7713 4755 4263 7396 3630 2744 5876 6943 6629 2889 6872 4789 8652 9989 637 8949 8739 1200 1035 1065 1731 6365 805 7964 6929 234 6794 3304 2821 9776 6189 5869 794 7993 877 4593 6037 9261 2075 6783 3812 2733 3889 6499 3425 799 186 743 7498 1685 8780 6711 804 9633 824 349 1712 3567 2371 7035 4271 9213 7692 5354 4863 2835 2239 4879 6638 9255 7993 3663 4233 4966 4379 7384 3750 7542
1311 6311 469 9219 7098 4454 6007 9250 7811 8422 4047 1059 1236 549 7058 9675 7189 8690 4479 7284 9718 3739 5832 3995 926 1618 1240 1830 5736 749 4002 3113 5131 2777 5301 3673 6906 2785 1540 8467 9465 8252 9613 5385 6301 2864 982 4455 4646 9327 3471 4696 7012 8311 7523 2430 9923 4648 3258 357 4213 9944 4664 2409 6088 3040 5799 3427 4490 1964 7730 4706 2254 3966 4777 7087 4863 5383 3174 9347 2626 3388 1664 9830 4696 6580 3219 3611 2336 2636 4322 1854 4312 7979 8125 527 6801 3817 5011 9732
4327 8615 4505 2948 1906 2994 3603 7623 9335 270 8391 1115 4846 3574 3252 2151 965 6723 6526 5509 7761 4450 2762 5957 7277 5751 648 4321 3966 1929 3813 818 863 9162 4832 5836 8509 6592 5199 520 4791 5011 771 5920 6893 4260 7312 2532 9512 2241 9193 8327 131 19 7439 6318 6536 8580 3617 210 4799 3596 6176 4943 8434 399 4562 1796 7926 4 2736 4978 8804 1286 2896 8103 4518 23 3243 4475 7503 6399 2101 1583 2252 7399 5217 6563 239 2130 253 6025 7505 3434 19 718 2565 9053 3867 4296
5206 1433 7964 3576 1582 7454 5835 3520 5348 9951 4719 8643 5519 7974 7750 8790 7904 3309 6677 8696 9055 1569 7675 6899 5221 5767 1082 1520 4781 7947 1721 9769 4137 9064 6268 950 7233 1428 4384 2439 3961 3520 4563 9830 2507 8605 2667 6090 7111 4802 626 5267 1594 4776 4953 8739 3155 2058 3955 9438 381 1329 2791 1891 7370 3358 4861 9465 1770 7751 7504 7631 4867 5746 2461 4922 2751 3768 9964 9280 977 5733 6240 2590 5036 6405 1568 9820 3645 1701 9532 4899 5831 9348 3953 7000 4105 8838 8480 3669
3757 3438 3020 7848 1274 612 1618 7586 6871 6209 4790 7157 8362 1055 179 8618 4474 8988 8811 7419 2178 5 4741 6463 1101 1451 303 4646 9177 9082 1135 9386 8676 791 9931 9238 3207 8745 1075 723 4649 4953 1321 4790 9637 4160 2380 5970 4850 4545 7492 538 1038 3398 6481 9726 3521 307 5066 6264 6812 9742 1875 3889 7584 7045 1366 1008 127 3757 4587 873 36 6874 9663 1358 4920 271 4674 7259 3963 647 1364 3332 4074 6580 4754 8098 5548 4721 9081 8926 9251 8748 1824 211 4792 8008 1709 8708
8673 8779 1914 7317 7824 8324 1832 9207 5698 2016 5959 1762 6215 1334 8632 5061 1196 680 5586 3830 5064 9000 2609 8372 3004 7179 7249 6705 7678 91 8946 1463 236 7878 6426 1513 3795 7634 8394 6746 5302 6182 6930 425 3298 1467 7173 109 6474 5812 5911 8328 1536 1486 2654 6057 9255 9155 648 6120 9097 2198 9009 8172 437 5942 4467 6860 5284 2165 8756 3152 4008 4015 7263 4295 974 2560 6395 5432 2590 9219 2288 9936 6505 9926 8356 3499 4419 798 3480 9321 8699 4970 3176 1089 2637 5445 5635 7569
4012 8358 3646 5973 3477 5557 2399 9093 60 6950 903 3529 3561 5293 4351 8900 6666 8986 4655 2845 6082 1426 6743 1737 6857 3762 4952 9560 1158 3187 5381 5373 2657 4521 8250 307 378 9821 9390 6206 159 9439 5224 5292 9644 1726 7752 1206 2102 1136 8880 8115 5323 7874 9167 6966 6301 1 8045 1654 6776 8800 3034 841 9801 6525 2075 1076 5374 1387 208 197 2726 7401 126 9785 615 8419 4196 3559 6550 6942 2169 7589 3452 874 7339 237 5109 9796 2101 1535 5362 367 9416 9511 4417 9939 5739 7384
4468 1680 1090 4326 9291 952 3148 964 2275 9581 6270 2141 1378 5446 1526 8502 5406 4566 5467 792 3107 3140 2180 7619 5340 8657 1160 502 2296 5829 2426 3704 7326 1176 5631 2568 1586 9376 5116 4382 9629 1668 7458 1164 738 378 5351 1096 6977 5603 8676 167 9498 7126 2066 4062 7567 1941 7906 2491 5882 105 9290 3151 1093 7889 9717 9566 2160 1795 5476 5444 1235 1314 2803 8917 7296 669 4698 6596 6955 9692 2330 6976 6981 9488 6194 4890 3724 18 3739 7963 7685 9574 4638 6488 5189 2429 9348 4162
2632 6618 38 4090 3010 9891 5540 8142 796 7903 4703 3275 9150 8492 2593 1924 6680 8462 1685 2570 7707 4244 8708 1687 417 4896 9517 854 9034 1408 6644 6392 2370 6020 8556 988 7640 6760 1150 7559 4687 4376 6673 9510 9901 1701 3298 642 2723 8439 9695 7989 6963 7297 9761 4708 8964 4273 5629 5798 6512 7391 7359 3077 8469 4968 3746 6015 6587 2785 1916 783 3167 5139 7709 372 6482 9910 7953 1077 7194 4046 2333 9165 1579 2073 1195 3150 1607 9417 7538 8974 6750 9503 3629 2646 7263 8215 773 6443
1872 4759 8686 2281 5648 6751 2871 7711 8818 1556 1069 8665 4546 9816 1781 8844 6931 3685 9395 3237 3568 5581 2372 7383 3145 9895 4357 9420 4101 3981 4709 8161 3225 1598 2374 2503 2396 9509 2740 2146 2354 680 6669 3844 5179 7863 7175 2624 1242 5597 758 3432 5310 5663 7886 150 6155 9287 1754 6756 7057 5937 4600 1857 4927 8942 5479 6353 7864 3183 6816 1799 8280 1636 2277 8037 2173 7034 7053 9331 8917 1717 5885 6164 9351 4612 1896 7401 9059 7975 7862 8519 5668 3316 4642 5444 4537 1896 4251 3894
4399 6288 463 2404 3997 2531 3121 1820 70 8003 7352 6183 1215 3536 6404 637 8335 454 4495 3412 7234 4559 9835 4949 1883 111 7274 7834 3333 4907 7041 4225 1522 314 7196 5407 5136 1054 2514 1359 4653 687 3213 7783 4484 1752 6629 8390 2711 5137 4027 4220 4927 5444 7245 5269 9432 8796 9784 8129 8451 4627 4257 4829 7485 5070 7334 2903 7096 5366 1241 8643 7501 7765 6919 5445 257 5182 8341 136 6982 5446 5454 6503 5988 6026 9896 2977 2585 1713 6088 9766 2925 9588 3615 6354 4138 1601 8188 6866
4464 6185 3705 9979 6204 6456 6516 3675 1627 1652 1828 4491 2547 7245 277 6176 6920 7821 6168 9212 6507 197 1092 54 554 7986 8505 7008 6700 2309 3986 2199 4977 1425 6665 7468 8431 8646 8221 2966 5331 1786 4556 2453 7626 4772 5790 999 6970 4873 4449 6870 5594 6127 2059 6185 8831 1569 8144 850 983 4276 8977 7072 3838 7941 730 2982 5067 5359 2304 3790 1804 4365 7476 7164 714 8100 7674 8667 4021 7973 5610 6575 1408 9052 2813 9816 7832 2125 6918 1011 8267 5295 3743 8048 1483 3187 5518 9127
3487 9235 8566 6852 9757 8619 1574 4991 8013 5913 8671 1458 7108 3260 5293 4191 6378 3232 7599 7477 4874 9082 3584 1409 9853 1964 7905 5377 1043 932 5189 2227 5528 7034 1702 2136 5819 1686 4057 9636 3069 1672 8142 4813 7828 2630 835 9442 5851 4876 7314 7113 4880 2763 3264 1402 9510 8903 2279 9753 3917 8373 3809 6684 1627 7954 4403 9834 9950 4584 4235 3994 7372 6070 4928 6027 2954 2553 5857 8473 7696 2425 1169 5215 8013 7714 9967 3906 7846 1457 4667 5531 3557 7496 5001 3664 8452 9947 5125 1824
9008 7639 3846 9283 834 9020 9694 6412 2742 879 4484 1410 3610 4498 5637 6633 985 1568 7371 6043 7048 7440 5108 7614 715 194 1308 4912 8585 6157 5908 2718 5854 3598 3267 352 8143 1437 897 6775 4483 6805 865 1681 5272 6059 462 727 138 4173 6549 1910 5465 6758 5297 9368 682 9791 143 8919 3476 4430 5305 2253 8013 4635 1265 8999 6653 1749 4639 3916 5028 6100 1913 9357 1016 8836 7921 9574 3111 4282 8182 2711 4157 1841 1981 9306 7456 2317 3092 1652 8760 3488 8503 3227 5242 8543 3072 1704
4623 3380 8270 1017 3951 5952 2691 2579 8825 5174 9522 5780 5434 3830 6398 9971 6404 2872 8217 7613 8975 3881 2867 4659 4463 970 8788 4428 363 439 9856 2931 6345 9090 5025 4771 9776 7689 1990 1868 4989 6239 2174 9921 9313 1426 1100 4545 1614 4077 7785 1358 6983 5447 3217 6255 9402 9493 684 9454 6579 9159 3784 7357 4758 762 964 8646 3590 939 8105 2652 7197 3114 6593 6787 817 66 4574 2104 9117 7625 9956 9792 7630 9230 5749 6862 802 3774 5303 5480 1915 4369 7882 9328 9473 3976 1101 836
5423 3741 4883 9298 7265 4157 9808 9806 1937 2545 1291 9497 1027 6859 6756 2847 7905 2420 3108 7750 9797 450 7349 359 1935 6648 8417 4536 137 3499 2503 9153 8583 1591 4547 5824 6492 5507 1025 3733 3789 5935 8264 4283 9129 6255 1287 3141 6307 6872 1016 3813 2104 883 2400 8993 4269 7643 5046 3498 8271 1791 5800 5017 3713 1542 7249 4744 2456 9399 2403 5989 3803 6367 2638 7178 123 290 9871 1971 1467 9532 1755 2482 988 8522 3478 1978 1073 6676 8712 4380 8406 3351 7288 2487 1888 2069 4257 7382
2225 2442 552 4278 856 4329 485 9599 8750 5857 6882 5060 9627 4978 3577 7882 3271 6331 707 4676 4278 483 2292 6543 499 8901 5706 1337 8555 9463 5650 829 9448 6368 5884 9970 719 9420 1456 6906 511 6265 7954 9729 1642 3857 2614 4429 7074 5972 5801 8479 5031 5219 9519 6899 8351 1082 555 9169 7865 5787 2915 3976 9591 9330 9517 348 7338 1647 834 3652 2682 9107 7729 6462 2258 477 7430 9708 6294 2913 997 9953 3423 3628 4657 8878 8899 7748 916 9427 6237 5902 6355 238 572 7364 7352 6769
6295 2290 3013 4551 7009 731 5272 2679 5612 3479 4874 6982 7578 2259 280 9805 9648 4764 1284 5254 9757 23 2164 2801 4287 4208 4290 9640 8008 836 3821 6187 7439 8211 6329 69 4065 933 473 6533 7370 8581 1150 9460 1501 5637 594 1605 2055 229 4478 2118 641 9757 4379 1309 3861 2754 3088 544 110 4489 4546 533 9020 6113 5455 6770 8029 978 3811 8913 5032 1306 4073 5778 3658 4927 1289 7946 9617 3995 7194 72 2829 7989 6143 9489 7871 6358 8755 345 7536 2312 2531 9427 4806 6244 5308 5110
2246 6518 2149 4046 5927 9532 3113 6990 6621 7219 3055 3706 7239 1726 9251 1409 682 1685 4893 4108 3334 4655 9050 2107 1203 9422 6247 4450 5048 9859 6224 9857 6934 345 9683 5008 8764 7944 8091 6860 6087 4591 5980 5502 9248 2081 3475 3811 188 1920 9423 9846 2057 6948 5045 6022 5502 3603 2537 2865 484 7474 3147 8414 5866 9190 1119 65 2675 8790 2162 9867 552 4578 2634 4157 77 7375 9708 1964 3524 1928 6102 1945 9401 8791 8576 2912 4847 8358 1321 6818 6383 9996 9611 9734 6706 8135 3059 1388
9605 584 2294 1805 3860 7901 5086 9168 1839 8124 9693 9824 9920 2197 7412 647 8546 4750 931 3693 9619 5108 1764 5893 7867 9013 824 9326 6729 1830 310 2296 8416 4869 1942 2134 7060 8394 921 4558 5594 8242 3873 9216 4424 1626 4887 7948 1863 4174 6792 3354 5912 9544 8393 3655 7531 6258 3669 9653 9031 6042 8992 7428 3757 1425 435 9504 8310 5015 4286 6827 1183 7219 5753 9662 9277 431 8122 2490 8226 7136 4413 6048 1823 9848 3356 8759 3940 5538 6751 408 9195 9780 5979 6014 9292 4709 1546 4656
5900 5007 2102 6675 1050 7981 663 6519 4748 6716 1512 7508 2112 6087 3458 3374 1499 1841 8854 462 6346 5821 8616 7088 119 3010 7016 6770 1882 65 4727 4374 9598 514 2529 7092 3760 6080 73 8298 357 8362 1183 819 6908 6158 5092 5217 1784 8124 284 8849 4075 8316 9346 5556 7370 5021 3228 1718 9093 8791 7955 9817 8595 5968 246 2852 7064 2223 155 9435 5294 3460 4095 5785 4742 2414 8192 6621 4952 1258 4434 6600 6623 858 3379 3587 3483 3232 741 8486 2652 9770 9968 6117 4309 2375 1415 6233
3066 3379 4208 2206 4686 9886 7210 8149 3886 4946 5082 8985 1864 2531 2090 118 3682 2274 6192 3869 1915 268 1489 475 9289 2689 6743 8917 1612 2900 1787 375 4801 166 7896 7604 9451 4884 2346 7048 3599 8594 8559 238 1897 9898 6214 6685 4783 5820 3732 8196 4797 6466 1029 3289 4475 5026 3355 8346 9554 8757 1449 45 8109 8425 2735 139 721 4587 9064 4676 2902 5969 331 6465 5882 437 2072 5786 9090 5143 5387 9184 7338 1560 4619 2260 4277 4618 9711 9155 3046 2038 1000 878 4809 9783 801 7519
2500 4664 4884 2767 9260 6020 8674 8087 765 9779 4414 5890 374 5164 2283 777 3475 9010 9489 252 486 107 6295 2421 9062 2916 8205 388 8396 8636 4915 8012 3399 9126 8994 5785 1657 7029 2631 1581 9468 1709 242 1481 7847 1749 2258 9555 7044 110 6907 9067 7719 8427 2126 3761 4250 7288 8942 71 7730 9953 9003 1685 3477 9027 4554 5858 8188 9277 4955 733 465 2665 6642 4347 6947 2989 6089 137 8200 4193 4078 6761 7121 400 7030 3549 2310 1487 4318 6287 2630 8994 7539 437 5978 6749 4322 6160
6810 5140 9845 8269 3097 9984 2809 2254 4888 3911 3045 8682 9854 3504 9156 1268 9684 7188 9732 599 32 4267 8897 5875 5384 1460 6615 812 3120 5057 604 5017 3098 2813 82 9228 2959 7439 2938 5682 1072 3761 6716 4858 9984 9215 5682 430 7370 3161 1795 3930 9345 5748 7726 9499 1702 7547 7973 6443 9416 57 5792 8999 7961 2853 5144 7564 2215 9167 5596 8726 3887 8175 2915 5399 3835 4991 7455 87 7491 1745 2460 6079 2321 8848 5234 536 1216 5120 9597 4594 828 6353 8182 9943 7 7263 3675 2408
5139 2606 7021 5853 4912 4678 1707 4530 650 6414 7549 2183 3954 414 5359 2250 2600 7687 3861 5288 5071 2904 4962 836 6599 2882 7826 1752 2853 3034 1064 1404 39 1794 4104 8407 7271 9229 2961 5852 519 9616 9941 8990 8467 7622 135 2709 9897 7811 2746 4476 8030 2978 6812 5489 3655 6904 1544 1084 5067 8663 231 2377 5148 5735 8700 4274 3398 6101 2576 4234 4351 2116 9253 4029 6381 3401 1625 691 7179 7483 7454 96 5652 7812 5808 9922 4279 1816 3485 2252 1370 8176 5017 6139 9909 6017 9716 7961
3702 6438 5084 1849 6706 2031 778 3261 2631 2240 3752 1557 9564 2293 6996 9852 2257 4943 6760 6590 8455 8786 2513 4553 3785 2457 208 1129 5369 7494 6349 5700 4320 2916 2251 5460 8834 1177 380 5886 6261 7371 3865 8564 7976 9621 883 9042 3863 80 2951 9672 4639 2533 4366 3487 4033 5900 3628 9559 7592 3263 9733 9228 2111 9587 6040 9084 4365 9874 5159 6303 3547 8090 2532 1144 8536 8345 7215 9735 3772 6178 1918 7983 4758 9384 8729 3187 8201 4439 1583 4016 1480 5268 5960 8197 288 5497 9432 7570
1511 7648 5998 5616 6064 4474 1764 6802 1134 6057 6045 8997 6673 8804 9103 7265 351 9396 5892 7290 5539 1945 1144 1079 9269 7868 3901 5899 3190 2732 4182 5801 8210 1244 9972 5750 7781 18 2077 6031 5609 9398 7920 9877 3231 6426 4562 1213 6175 3125 1343 2581 1161 2731 7966 1088 5911 1268 9440 9280 6275 5725 5819 9176 3317 8458 7068 613 7310 5970 6355 7681 4016 6256 5185 2142 7145 1965 9881 134 2429 3762 9665 2761 4307 8326 2136 4066 8353 170 8899 9018 6082 7293 1175 1953 8940 8974 3127 3717
8602 3175 5480 7648 98 1902 5345 4258 3264 5084 882 1203 2364 287 722 917 3626 4031 7559 4746 4058 2866 6780 826 3163 8193 4843 867 3710 6012 2494 290 7584 2375 6056 2679 9028 4732 2689 2384 7468 1793 890 3200 8920 3298 2489 3222 4115 1424 4592 8967 6357 841 9168 1293 9962 3333 8545 7948 7872 3953 3256 9774 9717 9603 1280 4709 2864 2126 1081 8851 9897 6032 1792 6806 3014 7564 7314 5928 1234 2213 1174 6466 6739 4247 3426 3026 1383 4338 2718 6613 2067 2772 1294 7657 3226 3472 1693 6857
6018 9694 8074 5228 6253 4593 5933 6263 3921 1014 1434 4834 1065 6472 3755 3083 8479 564 5407 9272 8890 8289 3379 3917 6763 5534 9342 7765 963 653 7718 5869 1221 737 8341 9291 9230 3100 2819 6641 1239 7644 9213 9192 9821 1987 8520 1274 9601 9312 8951 9807 2898 5755 2376 8966 2382 4745 8747 4958 9176 2501 3391 7267 896 6098 3303 3008 7731 6324 9739 5194 1268 5871 2397 1707 6957 7663 9500 7315 8364 6758 9752 6435 562 6000 1952 3736 1435 7112 4694 6357 9713 6629 9628 6755 2868 2458 5785 2180
2530 5166 7993 4004 7440 2853 4326 5939 9687 4977 2467 7207 8108 1770 7029 9736 2994 3581 1507 3927 9249 6687 2681 683 3597 9260 3802 4035 279 3488 1366 78 7771 7435 9676 1112 282 3442 6401 1401 1032 5224 3526 214 3592 7998 8859 3271 6649 1846 1292 8972 6680 5729 4620 8260 8808 5458 9458 4886 295 9397 5948 9985 2697 1052 5706 8117 9172 5758 2881 3289 7047 6589 7914 4204 4369 8477 123 4691 3072 1224 2650 6615 5882 2902 9946 2184 7233 5255 4476 3711 3197 1873 560 2224 7149 1816 2996 331
3370 6594 5143 9916 5369 2880 2124 8819 4103 4390 9864 391 2541 8243 8581 9569 2302 4671 4893 9885 7027 6950 3404 396 1476 8291 1917 4277 5772 8992 3583 9684 6069 2556 8066 2080 4103 9819 188 5804 9144 380 1853 4737 9581 2306 6027 448 2383 3988 6899 1039 8648 9789 8268 3721 9912 8767 7924 3323 4941 8676 8741 3817 8374 1248 9075 3025 6747 7720 3933 1049 7699 6865 6941 8267 7402 4177 4898 115 2923 3509 3734 4297 1247 3108 2903 1597 6877 9794 1017 6429 8423 7051 8781 258 922 4478 3144 7387
8670 6631 4267 6556 9831 1486 1085 6274 7941 1992 6610 1122 1055 15 3345 2349 4162 5481 8456 4908 1558 5459 7792 2897 3911 1475 997 215 1162 5733 7381 9035 3311 4902 7492 834 8280 4861 8678 1668 4386 6842 7853 9057 218 7180 9726 8644 4669 7312 2816 4541 5894 4944 8878 1259 8737 4387 4744 3160 6984 2678 1203 4283 3780 5889 493 7797 4140 1434 7270 6681 3840 2097 3642 7965 8342 7958 2186 5962 5481 6002 5378 2837 7435 5709 5153 2740 5036 3999 9749 1028 5564 3808 8283 6359 8160 5076 1631 7651
9407 3033 4622 1796 9012 3677 3303 7492 5139 800 9843 1128 4534 5592 9504 1471 9738 4054 2564 8654 5213 1336 8521 3230 5181 911 4759 2136 3454 3279 5647 2115 6101 474 2188 6158 6414 4370 558 6944 5221 1559 3791 1651 5574 9115 4986 2893 1364 3378 9371 1526 3983 7134 8270 6821 5711 4459 3617 6343 4778 4445 376 5583 5101 1114 5499 9263 592 8397 4788 8392 8509 9672 4008 8754 5236 4757 476 903 6706 4267 1593 3185 5198 290 8624 4448 7073 5961 6240 3550 3206 9736 4054 3229 1311 2626 7581 9218
4475 7516 925 3618 6764 573 1207 8565 8929 4151 6441 7382 6004 3405 8652 893 8720 2892 2872 173 7728 4446 5341 5110 3376 1051 1655 2386 9708 5656 5856 7905 6819 8649 1735 289 4967 9944 2856 3128 2100 1956 8317 8534 9040 9490 3667 8923 1305 663 2001 3017 5042 1307 9414 9933 5508 6693 3777 2664 2065 8754 5977 7488 3368 2047 3797 534 3660 467 8814 898 7998 2784 8666 9729 1268 2989 4373 3916 2216 1870 5204 2657 9105 9455 1657 5924 2668 1949 5552 2771 9017 1475 6061 5250 7579 7849 9868 8115
3427 6211 1259 6724 4310 2070 1519 2455 7785 6319 3331 5796 7957 8587 6948 4184 6784 4193 7721 8574 4176 2540 3919 772 1314 8392 2149 17 4854 6249 4054 3632 6997 1169 9300 1852 5449 6399 7556 8013 5290 9374 3358 4606 5615 9723 7168 6154 9417 499 7804 923 6178 8920 6602 5408 8809 4223 1378 9996 7731 8017 4736 4663 8388 2692 4556 4438 1793 9434 7030 1514 8232 6229 9480 2628 4381 3625 6760 5966 9983 6818 6856 3284 8467 4768 1970 7907 5862 4628 2917 5202 3138 1446 5619 3345 3066 8309 648 3482
1242 2333 3156 3240 3451 4623 5033 1694 1436 2330 6477 5805 2134 377 6740 1927 2677 3754 5318 2776 2598 4491 4956 8142 3588 7730 7861 5706 6746 4414 3086 6934 5699 4819 3415 7166 3831 9508 4827 8130 3527 716 1888 2358 9206 6897 9585 2455 9699 113 7209 2667 4276 2829 3929 3376 3869 9758 5044 8872 3835 6586 2970 1288 4219 283 793 5140 8550 385 6896 3399 3853 2666 870 5803 7542 2888 159 3321 738 6674 390 1023 5997 744 3212 1019 1838 4974 8198 5860 2893 3657 9598 1946 7896 9142 4974 6030
. 149 834 447 430 794 635 735 552 504 271 980 827 238 359 347 979 520 966 800 251 464 320 819 196 385 538 810 816 622 113 725 958 45 665 818 726 931 511 861 647 378 752 91 . 3292 7878 8713 6251 2448 329 7641 2836 5972 6245 6336 2918 3309 9540 7325 4291 2295 7282 9681 9611 4604 2537 6340 461 2620 4575 878 3355 7271 6027 2682 99 2748 3695 2745 7250 6070 5719 318 2584 1027 3010 6439 5231 1858 9634 4973 240 7149 7627 9481 2862 5810 2201 2508
6857 5894 5774 1303 7681 7464 7263 7471 6775 2115 9697 10 720 2000 3949 8570 9062 5179 7042 6654 2966 3311 538 7913 1825 5339 72 1756 2479 7769 6068 6963 9991 4351 4607 2611 4700 8480 7358 7668 731 9178 9873 4551 2631 2719 3115 5826 7884 1627 6507 6784 4450 5292 9324 8239 5147 6645 8120 4057 9145 6887 6135 9654 6899 1953 9243 4092 755 1845 1336 9990 5892 4735 2904 8133 6262 5630 3101 2909 1486 6767 6649 5567 5074 8087 4349 8847 7859 7950 9268 1383 6367 6801 9233 8627 2828 1395 2761 4341
8059 6985 3503 7178 6846 1162 910 56 3016 6328 7836 4377 4095 8694 8200 7294 5173 9760 7124 6106 8269 7582 9900 5590 1191 3085 1303 5898 8036 2891 7445 231 435 2032 2523 213 3148 1618 9 4612 8259 9020 3299 2 7566 4738 5576 2804 5129 713 8547 7622 4343 108 6501 2720 2624 4065 3879 3010 2274 4516 6785 5607 215 5040 6698 914 2778 7762 9992 4425 1310 885 4607 3075 967 3337 8131 367 7229 3676 8132 2647 8683 4481 9042 1074 9938 5602 7288 284 7005 6718 5738 4545 2321 9662 7509 5462
6625 9731 8315 3031 7673 2614 8907 3632 4967 8141 177 6471 4212 6955 1455 8409 5142 704 7270 9486 9798 5916 429 4984 1731 6973 9664 3153 3548 57 5437 354 3262 4720 9163 9554 7154 2989 9165 9959 871 3748 5096 7352 5876 5975 6472 6309 3783 960 5606 8396 5990 4388 5539 744 7438 3941 3143 8071 4368 4636 9615 2988 6572 498 8094 8721 6608 5958 6294 5708 1411 579 1854 2418 3436 9475 4180 3641 90 7593 4559 5166 8606 3960 644 2728 2515 2908 5479 323 327 3354 9238 5408 4616 7353 7437 6802
9764 6782 1311 2591 2389 4399 8369 420 210 8451 7004 7106 9550 8503 5879 3278 2978 4635 3099 5863 3641 6117 5846 8804 431 1211 5207 3641 3152 5090 3122 2839 4640 12 5227 7406 1946 8218 6299 3151 6759 4516 55 6171 8414 7057 6553 4703 5791 2300 1602 2253 1596 8056 999 7865 9818 8614 7360 2544 9708 3037 1019 1724 5835 8465 4010 3097 5421 1273 4672 5419 1670 823 1130 8028 2833 6103 4691 69 4916 2576 425 2206 1479 8501 9476 9798 2661 6934 5496 670 5819 1551 5642 2128 319 8291 8652 8960
206 798 2874 3590 4914 123 3125 8751 9939 8249 6775 1237 6167 6668 6835 2371 7384 9513 7176 7622 9685 3402 7133 2230 5856 8482 4580 5764 6949 5779 1634 4822 1647 4321 5842 9212 7657 9620 6066 4423 2446 4752 2744 4925 3588 5370 7146 3336 4845 2583 4610 3887 8624 7024 7966 6340 3464 9686 8797 4306 3118 234 6181 4877 7613 4683 289 5429 919 1699 8586 7717 7073 9281 5658 578 400 5672 9657 2677 7532 6625 2193 6272 3355 7938 7886 9186 4011 1481 6073 6444 2807 194 8968 2413 7312 517 4583 223
8690 9134 8150 2433 478 5958 2674 1727 6914 4703 234 5439 6634 8184 1368 3889 369 9247 990 8766 6569 3876 4725 7498 2009 9399 3182 8357 9655 9720 4987 3734 8262 5425 8096 4530 973 9701 8205 8503 7475 3304 3513 4368 4475 7459 4664 7700 3767 1799 9056 5295 5337 4976 1279 5474 481 5519 5878 2513 6128 3512 6190 8248 8049 2809 7185 8709 9337 6371 6347 6938 750 946 7939 8758 3428 5085 768 5299 6537 5506 9328 2081 6232 6593 1851 1015 527 2402 6418 3013 1441 3732 9006 8714 1727 1265 938 1716
8480 3291 5651 9925 6031 5486 5952 1148 4260 4993 8640 4228 1673 6023 8269 5058 8124 3179 3744 4761 4504 58 3859 942 6407 8899 1723 6243 6685 8917 4308 738 6993 9529 6345 8071 7707 5965 8597 6333 6255 6611 986 8162 7894 8676 3177 2712 8217 8061 5959 2134 5804 98 4315 5372 2217 2572 3207 2810 3542 5666 1265 5176 6163 4974 9563 2538 8267 8098 5231 9042 2699 881 6436 379 2775 8196 5323 65 3111 8747 8691 4976 7650 7061 8479 6288 6327 996 3068 1050 6045 8489 7418 4285 1031 6438 6638 2197
8857 2044 2416 3818 3263 8343 9295 4743 6892 5163 2494 2363 4634 454 7780 7800 6103 4726 4655 1791 9489 180 274 6007 2732 3118 3034 8188 3784 9396 9997 2155 4750 6023 7716 722 4617 7719 2472 9829 8654 5511 9830 4733 7743 1020 1439 6922 4612 9379 431 181 4976 4996 4815 7418 2214 5370 3751 7468 3586 6818 4384 7428 1681 5287 8069 8893 2020 9680 738 1181 7644 8198 3725 4894 2951 7182 6397 3918 2551 6426 560 7542 8984 6462 6491 2511 7845 1526 7697 8602 2500 5725 2008 3167 607 9035 2538 8064
2746 7856 8242 3356 6339 9509 3242 4587 2514 8592 6499 5182 7522 3958 9775 412 2635 1793 1015 6267 4249 6862 2720 8565 803 6144 7431 8474 7189 4121 9739 5327 8394 865 6314 6853 6027 5664 6958 5903 7755 4683 1434 2760 8320 9702 9483 8343 8879 4357 1404 8881 5363 5638 187 4361 1967 7701 1048 5974 3435 3629 8489 6147 6602 4624 9729 3270 4308 1775 6233 8452 5047 215 6920 7760 5791 9769 4701 4706 1720 9512 7108 7205 1151 5117 1622 8666 8046 5006 3457 5043 3865 8063 9011 4759 5012 3056 3659 3744
8078 9065 8530 6987 441 2717 3150 1025 9741 3557 594 942 248 1694 129 4714 2863 6346 5172 2852 7154 3365 9585 6837 1214 658 3442 4190 1611 964 2712 3310 704 6759 4489 5027 8379 3797 3084 8383 6343 7648 5229 2993 6507 6734 3924 6279 31 2373 9273 1916 9587 8036 8542 802 4547 4901 3978 9443 9151 4095 167 8079 1562 6480 9982 6107 6836 755 1215 6482 6809 4909 3700 9824 3081 7392 3440 5263 3838 6735 7338 2524 2657 9579 901 6176 8225 4700 6631 1766 8904 2828 2463 9763 8141 9914 4830 9175
3367 1475 523 4151 5377 7499 2340 7028 3117 8351 1561 1366 8983 3304 8842 6712 6195 702 7576 8207 2324 2666 9135 3126 7276 5452 8971 35 4771 7298 6268 1507 6884 5511 7937 4940 8821 3545 7083 160 4675 3305 3193 859 3445 6827 9272 7318 9784 1922 3960 6099 7651 889 930 4241 6350 9071 3240 6217 2994 507 7209 594 4516 4572 4183 4029 7679 2407 7590 2986 492 5169 498 1011 9383 5442 2220 2804 3473 8177 3767 4395 1967 8642 8214 7791 2062 3381 5420 7813 6390 9199 8949 6721 7308 6263 2136 3046
2765 7869 4981 3008 6987 5267 3623 3677 5630 1515 4681 8380 1918 6716 4550 1417 3923 8555 1774 9366 6147 8977 1905 6966 1232 9482 1503 5105 2167 7254 3468 7421 2862 7143 5386 908 1631 8719 3421 9032 3799 3817 5990 7561 9316 7294 6247 96 3839 7814 5771 4302 6581 22 1887 4199 6706 5173 7240 6681 1571 669 7406 2460 4344 291 1635 2698 3824 3554 5637 9464 6522 3211 9247 1777 8551 4392 8890 1931 3756 7457 5007 3519 3267 1093 2274 6051 5235 6804 6455 7997 3661 8196 2359 617 6080 8256 5819 6624
7127 9090 9189 8196 114 2339 4603 1864 4694 3150 1106 3288 1216 2509 8881 7047 7970 4651 7206 2793 3410 5643 590 8036 6468 6272 9689 5246 1555 83 1575 459 2408 8606 2119 3984 9506 2765 502 9086 1080 8800 3940 4190 8291 234 647 2227 3698 2369 1300 4218 9013 3968 5786 4944 7770 7455 449 4907 822 1634 4471 960 1320 9845 4054 1422 7166 5366 9501 11 2228 1528 5493 5763 6602 9221 9679 2654 1053 6016 8326 8922 3872 312 275 4246 8852 5963 8586 5579 7856 9321 7192 1941 1299 3974 5232 894
5587 5767 6477 5473 9989 1751 8597 4833 2742 6081 4565 750 8778 1241 181 2827 2087 4291 5481 5888 7366 9264 633 9410 7752 2939 7970 4781 7079 179 1466 693 3032 3450 3839 1036 2929 1557 1777 7954 4406 6397 2381 981 1525 6879 1071 3010 5286 9225 3014 4196 2276 7453 3252 8407 5818 8857 4947 4241 4779 5008 5854 9016 8928 3598 3940 9071 36 6995 7625 7542 7201 9071 7431 9052 2549 6993 333 9638 8059 5007 9084 5238 3059 1190 6480 3300 6438 9671 9915 6338 3965 3036 7244 1006 2532 5879 8395 1515
4003 8064 1045 4367 753 6703 2475 2712 5073 9485 8528 6513 1789 5788 1062 7248 3013 8735 6903 6270 6997 2224 2615 3964 5416 5696 5243 941 6014 51 7048 5254 621 5691 167 8496 2663 4175 6094 8274 5475 3852 1939 6311 2146 2393 4925 5888 4892 1177 2884 8815 6493 5003 602 3218 5558 8588 7860 7994 5999 6635 8004 8658 7568 8090 8612 4388 1622 2976 6726 2644 8342 7779 7879 7452 4795 7615 8363 4567 2952 6310 2652 618 6293 1329 9211 2151 6393 9345 1125 22 5336 6236 278 8338 5925 6552 1705 765
1399 4381 1060 9125 3383 3574 9360 1387 9318 1845 5447 8559 4065 1292 4533 4436 5944 6015 474 4977 7436 1486 1429 9928 6877 6053 4579 6244 2505 2305 1285 5922 108 8036 6892 6770 6873 2713 5107 3285 6636 1136 205 887 6815 7765 2568 1383 7072 741 4068 6505 7850 2591 2551 4030 8807 4397 8129 914 6963 9465 9766 5719 932 3348 7200 8398 1119 3810 5093 3236 7096 4674 7385 2369 7695 2163 2551 1472 2947 4732 5067 2378 9492 3708 232 2113 5470 3297 8356 6587 3676 4504 3153 6535 1069 4494 1341 9418
6727 9587 8670 4264 9866 4367 1321 4168 5544 1436 2889 5343 9433 333 8496 3353 1420 6277 1880 8383 5806 2817 836 8272 5722 5514 3826 454 4870 198 5218 2780 4297 1490 3330 5494 7398 6901 3873 7834 4773 8326 3165 4688 2164 2250 903 2268 2560 4479 6559 9490 8950 7603 9884 2703 7461 9638 829 863 9546 758 4350 4755 7043 5618 1504 537 5480 8552 3378 3419 6158 2547 9461 3433 5337 4075 590 6763 3900 1651 4369 8174 5112 7451 5308 3346 1607 6331 1294 5983 3230 2477 7140 4229 5133 858 1069 8364
4053 1621 1179 9175 2275 9448 5095 9995 5902 8643 9075 7147 5394 1662 2950 8082 3968 3396 7604 9605 3979 1539 9692 8850 569 4701 7837 5962 6584 8398 1351 3939 5774 8312 4170 7 1259 2494 4964 7112 4799 3184 5415 2108 6081 1530 1595 767 2285 155 4988 6410 2473 9357 6548 4748 9967 6000 8853 2440 2295 8854 7590 4357 9807 269 5662 3985 2130 167 2485 8031 3350 768 6227 9667 9310 3955 7581 2049 3732 5815 9316 3814 3894 8081 6408 18 5756 4479 5198 2279 2092 2762 647 8377 8089 480 7522 6637
8332 5216 3815 6097 7866 733 5637 1979 3082 873 9397 6832 933 2857 9331 8885 6181 4117 2916 5049 876 6784 3549 4681 4452 6520 4682 591 4179 4095 8237 3630 4787 6485 5722 7665 3095 8879 5453 4898 5834 4681 5802 6404 6593 5481 7408 7798 6451 8696 8564 6895 9454 5163 6239 26 3314 6633 5346 8174 6103 649 6963 7711 4407 9321 6413 6928 2327 2651 9556 9626 3236 9726 817 3544 1301 1273 6654 1341 9914 7361 3654 6816 5189 3402 6702 3089 8859 7574 4048 9497 6167 387 9196 9776 109 5534 5606 7998
5184 1942 3510 9479 77 4751 8187 1923 8744 8708 4663 8568 7389 5016 3208 9697 5723 5081 9393 6773 6537 4944 6387 531 57 95 7088 6230 5754 2199 7879 9145 9200 5531 9029 9315 1478 7388 1707 5097 3375 7503 2877 2834 638 5111 4344 6193 699 6147 5797 9688 3361 250 6955 2571 1938 507 3425 4279 1437 251 3729 3392 5804 4787 6015 2284 2446 2716 9411 9592 1754 496 9203 8665 3750 7482 4711 7406 4981 513 5415 7933 4794 521 6090 9175 2470 4712 4331 1642 6561 7763 9104 750 1448 4689 6655 3970
2189 9825 3913 7964 4604 3615 672 8422 9010 1468 8130 8358 4877 6112 7537 9583 5526 5140 4198 4040 5128 2407 1336 3929 7305 6665 8497 751 2430 2243 8370 7465 6425 9170 4963 3215 6331 9889 4071 9423 8463 9517 4078 5771 6112 1179 4411 6064 5338 8190 5310 7553 3197 1313 78 3234 5269 9075 9203 3973 8142 1069 8837 3018 0 6502 4747 2972 3701 6050 5850 8215 5504 5272 951 6227 609 1996 7838 5766 2429 9335 9226 7374 6226 6594 3996 3055 1573 1694 8901 8980 4852 2735 9401 9370 5738 7444 7575 6412
8805 416 1858 5459 2562 4025 6261 5368 6557 4374 9545 6041 4281 3536 5201 8563 9172 1257 5902 6847 379 6676 5198 3932 2350 161 6289 4254 4784 9366 2454 3589 8196 8961 4076 5558 5011 7066 9541 3670 3199 7043 4787 1001 2832 1076 6205 845 4981 2080 3984 3 8681 9168 9160 1788 5855 7961 210 7198 9595 9238 2970 8117 9815 5227 9976 1263 763 3916 9223 6393 5070 3836 5436 9530 337 3898 9239 9380 9034 8463 4621 3263 6254 1926 1723 1573 7927 238 1592 8616 9754 3854 4625 4899 7358 910 8011 5877
5318 2334 1294 7499 3765 7109 769 3342 961 419 2221 1182 5381 4935 8788 402 4719 7333 3238 9669 6947 7466 7409 473 3614 3220 2611 9659 2090 6425 1686 2895 2601 3899 2431 8672 4191 5482 5609 5271 5619 9113 5882 5374 6688 2212 7745 8887 3948 6320 3608 5155 1599 7071 1778 1400 6915 8067 501 245 789 3408 159 3513 1814 805 2894 2622 8626 8255 2135 4267 4567 5249 9511 7760 3648 6866 4471 4552 5725 6838 6486 4270 9314 3757 544 5491 5927 7161 9779 3251 6770 7351 9497 8848 5098 5801 4330 2978
9949 569 1705 102 8127 4904 4658 7600 5528 5594 4197 2508 3395 3651 4578 81 7554 9974 7170 2969 1454 8955 2038 4330 9180 7210 1973 9890 5259 9379 4758 7443 1910 390 6773 5348 925 9271 7717 8699 5155 970 4270 8937 795 130 7533 547 8861 9516 3325 8229 4008 2035 3432 8670 5148 8723 8580 5217 4242 3735 2811 4943 2597 2782 7562 1289 6597 2545 6432 350 3023 4682 392 8552 2967 7665 2799 2258 8226 7594 6155 2901 3708 2620 6216 2685 1646 1769 8550 456 5820 1710 2134 5357 5107 2620 1007 2236
3967 6869 8434 347 3714 4340 1819 1748 2358 6646 9484 6881 2222 9680 1179 6644 2107 9904 3273 9304 8334 4980 3406 4572 2693 4267 8217 9932 6342 8942 3341 7609 8884 6755 6183 4428 9226 6441 5102 7851 4340 2245 9370 6486 7005 7758 6571 6914 2785 2653 5221 3922 1046 7763 2536 8424 6539 3015 5216 9526 8728 1344 393 5448 7648 9382 5805 6464 6691 9350 5152 9870 8965 2713 7795 4118 1018 3290 9650 1432 7785 7869 8235 9789 7432 2015 6955 8738 5991 6266 7648 8431 7994 7970 3879 7144 8946 224 8306 1380
9201 181 6770 1853 6134 1381 1513 3809 3739 6212 8926 9563 2051 5869 3369 5275 8178 4423 7844 4022 8525 2472 4011 8043 8426 4272 6915 6868 6092 9665 7522 2681 3631 4867 9798 1619 7127 6056 8920 9266 1249 2485 8233 4009 9028 8797 436 9567 4317 3431 2217 5763 8691 8523 1069 4831 5301 3719 1635 1865 8563 9752 288 9688 6343 1400 6607 9228 1686 9759 8289 9598 2621 3947 4110 306 2432 9264 2303 7740 2173 2042 3177 7781 3370 404 4114 9803 3028 7626 3832 1725 8376 2638 1713 5089 1361 6054 3906 1144
3116 5130 6903 5686 4797 917 2730 3083 6992 5724 9250 6518 4002 9571 8620 4011 7560 9041 6676 9079 4621 1790 4823 8795 1625 6499 9073 9904 7456 9492 2482 5399 7485 8504 7281 2028 4754 6728 8565 3030 5557 9112 765 6449 5784 6596 7644 7181 3099 138 2444 4909 5706 7447 5148 6234 2573 4725 8599 3238 314 8258 3807 7450 8959 3114 6052 2207 1648 58 3141 4090 3852 8841 3001 6727 6362 5102 7294 5581 2442 2722 331 3165 5754 3475 5848 2300 4097 3669 7747 5774 2801 9681 2259 8902 533 8293 8488 846
3471 3360 5680 110 8219 5906 8726 3054 1882 2557 3504 9320 3123 8053 891 8308 773 4993 5477 3254 3258 1805 9956 3426 9293 3529 8264 3694 3402 8166 2121 8 9140 82 8049 9006 5630 9838 1814 1852 5463 6037 569 2165 7433 6382 8439 5077 6910 5479 8013 8974 2503 3739 7478 6291 1551 5769 671 8171 3980 3788 1597 7809 5157 6353 2926 875 6144 6931 2384 3490 4252 4339 6090 7587 6714 7918 4922 7240 8194 6785 1950 7290 3992 6123 919 8048 9061 5017 2757 1825 9276 5591 2376 7411 7750 6136 6313 8979
3054 9320 5546 3455 6613 7888 8081 8660 4900 8425 3167 4960 5181 446 4751 2314 4499 5149 8285 9638 1744 662 7050 7526 4372 387 1974 6960 9730 3064 3646 3291 4954 4270 505 6245 9397 1153 7664 3715 6101 9077 4579 3320 4217 3996 5917 6365 2635 7309 6764 1204 2714 736 9614 4463 1644 6096 3449 4948 5914 9590 6951 1448 4097 5128 7031 5738 1220 9176 9173 7389 8123 4369 8074 6007 8327 3868 4754 8968 7154 1732 1893 7058 2593 7727 3476 6323 3736 4023 6614 682 8833 8945 1424 8907 6440 5433 3473 304
1873 4072 5630 6139 7127 4045 8694 416 1677 6209 7609 567 5514 9645 6713 1342 7039 5205 1813 155 190 4399 467 5426 2888 8606 5268 2931 7235 6054 6529 3119 5340 1484 8917 2865 7768 1336 7158 175 3693 3395 9305 6132 7177 2292 4302 2267 6622 8175 889 6322 762 5680 3755 4678 7945 6318 300 2979 8982 276 6045 5666 2140 3771 1998 376 4915 7574 4351 6033 2699 1877 3905 3302 4833 4072 4829 4322 48 851 4504 2475 894 2985 2690 3642 1677 480 6822 5559 2069 1565 9850 6166 4622 9208 3146 3696
8228 3547 8521 2417 5697 7919 2151 3998 4245 9614 1652 3171 1286 7484 3988 5458 4578 8187 6770 6778 8248 676 5563 1546 6232 4003 4762 3532 7979 8657 1046 5826 5406 8461 7861 6023 234 139 1083 9653 3416 1548 9007 1606 5942 2300 3757 7425 7854 3176 5116 7393 7413 2499 2463 4972 353 6095 479 5764 4983 6414 2571 3426 9753 1593 7037 1269 961 3405 1449 3536 9999 8944 6619 7813 201 1217 3111 340 9093 2803 9851 9850 8621 5901 6694 509 1616 9004 5123 8837 296 1834 1267 8173 6991 7757 1115 1753
6709 8732 7306 4099 81 9889 4208 6128 5993 7345 9943 7462 121 8551 7955 3077 1690 1059 6292 9544 5695 1339 2745 1226 1663 2113 867 3743 6804 5354 4884 7309 5610 868 2396 9562 84 3977 9255 6535 9529 4548 3864 9530 286 5198 2434 5550 5967 5869 7503 8587 4978 6953 1694 9873 7629 5380 1898 8670 8761 6776 9717 3840 3091 7115 9658 6222 9742 7261 3185 977 1709 6738 5278 2065 8032 6351 8980 1868 2818 9773 12 5330 9239 2500 8158 6744 1072 1571 1309 1014 9537 8348 319 6169 8943 9842 7062 1305
4054 6914 6492 7477 647 852 1381 4668 1153 487 7142 2698 6620 7261 2251 8908 4623 412 7224 4426 35 1608 6030 7732 3518 4869 1832 7698 8960 7221 9750 4349 7317 1322 8582 3472 1539 2204 9392 9388 2873 87 6699 7273 2903 2298 2115 8822 8552 8227 4763 3504 663 9655 5474 5866 2373 8988 8432 5020 5747 9253 2713 2244 4161 7711 7350 4322 9004 4861 5773 2324 4208 3526 4998 7467 7334 9003 5079 9940 8275 6597 4229 7939 8968 2191 3861 1905 9323 2133 8253 7183 8237 7070 755 2483 1692 7015 1398 5808
5512 3904 3192 3755 4713 2269 2602 8981 3108 55 7165 6305 6068 6970 9953 9711 292 2324 9919 552 1309 9768 6344 8381 2131 3033 9611 2236 9901 6107 6023 8368 7456 8470 3798 8325 171 3718 5327 2263 1068 6067 7995 3506 2216 4335 9170 781 6939 4968 3290 5559 6362 1616 2075 9888 5667 1110 3407 5476 6703 1887 2835 62 5432 6450 6466 9167 1384 6546 373 6992 2777 931 1243 7291 9794 6658 6490 102 4032 9551 7612 6556 7468 8020 8703 925 9461 6330 873 9064 5251 2021 4386 7177 2707 9475 4550 6352
3908 2795 9151 3737 8541 4541 6852 9157 7545 4436 1865 6130 6423 1897 6049 241 5519 7646 2264 7317 361 7696 8043 1795 437 2014 4163 4663 8852 9750 1956 9253 6087 6587 6021 7213 9112 8610 3428 1501 6650 3097 8493 8491 3468 7160 3137 6186 1025 8600 5427 9217 9767 9427 239 4581 2834 7353 2275 1889 368 9173 365 2957 7425 2769 4127 3813 3756 4107 1269 1772 8441 6842 6699 6530 1905 9925 8910 247 9508 9214 1710 7468 3926 7800 2899 3518 9894 9221 4836 829 9098 1161 5464 8335 4176 7902 1986 7828
8961 9239 6685 1273 2716 3630 9130 7381 727 3941 7936 5111 9563 8737 2309 7601 8374 3278 8726 5719 8103 7985 2876 1466 3926 2267 3196 2107 4649 8946 8291 931 8238 9129 2168 1509 9716 8595 8474 6587 1779 4503 6067 4040 2919 1518 852 3572 8500 2038 8389 7294 9113 1018 9071 3232 899 9362 2628 1345 951 1486 3309 9400 7315 1955 9985 1764 2794 261 2636 3574 2099 4481 1378 3077 8454 7094 3982 5703 5651 3601 3432 8062 4647 2752 9919 7271 2784 3608 4555 4147 5625 4148 4422 2143 5325 8922 6483 2853
5078 7058 8177 4865 3414 1945 8577 2198 8945 1654 8950 4347 1981 4678 4239 3035 4632 6163 1448 2409 602 9831 2161 6723 3863 3774 97 4001 9461 2216 5778 8394 1307 1234 9302 4239 7926 866 217 1028 1451 4431 1848 8696 4363 5465 4899 4621 4857 971 9401 4763 6536 2125 3134 6188 4582 790 2394 376 2603 7698 6437 4148 8052 6588 2201 2448 1788 84 2664 8574 7685 3716 8143 66 420 2859 2009 5750 5216 3676 6498 8302 9045 3078 2083 8276 4772 5251 6199 4912 4329 5451 1475 4595 7573 8135 3137 7809
8630 792 5554 7813 4394 6294 5709 9430 670 1491 5581 8692 1874 2729 4724 1968 9045 9261 6221 5408 5083 1422 6509 8899 8224 2698 1428 4182 5837 8728 7268 7784 7497 5684 4280 5281 4617 1464 7629 5035 4795 701 2974 4621 5202 6342 5270 6451 286 9698 6804 5063 5685 5412 1939 6411 1880 1832 5839 8046 5904 8730 5879 8192 1485 844 7719 3655 5628 2833 430 4762 3923 1920 4660 5479 1540 951 5975 1165 9586 3072 3925 3808 5242 7307 5260 8320 4383 3892 6446 4735 6952 7982 2439 8556 178 447 4674 6134
159 8944 5725 5742 5371 8685 6109 1408 703 3401 971 5344 6255 2984 9882 6573 8069 7351 6249 7426 1304 1200 6523 163 472 3456 7353 3811 8257 3964 6519 1807 478 3545 6616 2152 5884 6031 4878 1776 6168 6962 4945 3865 7359 9384 8582 2629 3065 8692 8757 799 9962 9745 2155 840 7617 3938 1342 4708 9818 8547 59 1100 2247 4800 1556 945 1012 3890 6070 3548 3597 9114 5461 7421 3890 7237 2502 2777 830 9601 954 8914 6319 5495 8241 7539 274 0 3076 3236 1873 9665 6404 9566 7610 3456 8944 1339
7340 7612 9494 8733 5293 5113 7646 1259 7159 7295 2916 2663 7186 5992 2019 3139 9796 6928 2933 8589 1000 772 8831 7398 2751 6902 4812 5194 9704 8551 6041 2286 360 3516 9649 5805 9232 2654 5693 595 7359 9053 8228 9125 3168 4925 207 9717 7737 1058 7472 7276 4820 8282 8754 6888 810 7528 8203 4093 529 9527 335 1145 6278 8228 9249 2705 7786 8760 8513 7302 2537 6984 3237 6220 572 5327 2765 3710 2152 2051 7982 5379 5886 8219 4822 8334 3623 1788 5646 4767 379 7916 1697 8969 7555 9741 1145 3694
9479 819 7875 9010 1086 3587 7297 1804 1772 4756 2915 6956 2186 5992 9253 4166 909 6482 5537 4087 6514 3107 1791 1586 8630 3551 1397 5576 450 6999 2042 5668 9315 1101 8503 7492 1547 6740 515 918 2864 4996 7203 1256 6053 9940 7279 5744 7935 5179 607 8859 1153 8677 4490 4806 559 7679 2230 8849 8951 9998 3882 6409 4285 2441 7523 2535 2031 5029 1251 8263 5879 866 4195 6149 4074 9091 248 1887 5567 4851 4758 5436 9979 6377 3264 6036 8323 8896 6272 8040 5010 566 5377 3161 5005 7662 3034 5243
3975 7176 3527 7028 9995 762 3421 6996 2912 908 6433 2441 8127 3967 3398 9712 5766 2857 3788 9679 9672 4913 2884 3322 6347 7352 7281 6337 941 779 898 3124 456 3606 4557 29 3077 222 7287 5320 4821 5117 9271 2126 1087 2099 5905 2770 7270 9828 2203 3971 6734 1313 4140 1098 8999 5836 9713 2795 9763 7953 9608 6541 5916 4898 3713 9598 238 4212 5587 7134 9274 9356 3197 2531 1448 6563 4443 8711 6124 5558 1825 4892 7891 8945 4547 7820 7852 4360 8150 9153 1673 7395 480 2389 7730 8443 972 6082
4366 3395 9137 428 1570 9926 852 6861 8469 7355 2505 8218 2908 6212 9654 5192 7180 1105 5019 5023 5189 8974 9406 4749 8082 6673 6546 3095 8578 1413 1388 1807 28 126 6242 914 558 4927 7269 2402 5366 4453 6509 2748 8566 9249 7267 3111 8505 444 8757 4755 1081 5214 9140 8612 1568 3548 7128 3914 4454 4458 7522 4708 4309 8871 2881 8331 9908 3715 5449 6446 8374 2973 730 9083 4180 3739 1617 5310 4437 1474 6353 2693 8502 3151 4049 5636 7633 1691 1640 5597 5606 3697 6429 6907 5556 1104 4265 7262
6925 2594 2916 2597 4572 2711 4554 637 7973 2279 2300 6678 9143 737 1297 9015 1356 276 5953 2739 8452 4957 7098 6997 4954 9326 2819 7980 1347 356 2446 3930 8014 1495 8448 7389 7744 8526 6445 1230 6992 4250 3508 1209 7592 1322 1365 6218 5049 3080 1094 2469 6823 1653 99 921 5385 1307 8100 312 6051 8936 716 4862 7990 1987 7821 9464 3681 5377 3321 5284 4448 3526 4121 6119 1075 6956 6064 3771 3764 9743 5035 5206 5902 2647 5072 5465 402 8245 608 9816 4339 8631 2633 4270 8509 4294 6577 8361
1024 9013 4796 8218 9017 1247 479 2316 5841 9206 5479 8176 4951 6089 6286 6620 3769 6355 3484 9482 1798 5818 2879 7508 7343 2712 9787 9478 1705 3144 2629 1081 3 5299 3302 3156 5505 8464 8105 6653 2235 1290 7871 3479 1044 4458 1549 293 4827 8427 59 1987 5315 2680 4528 4936 8844 7007 3581 8982 306 2603 8321 9500 366 3677 5195 4639 9531 7611 8081 4446 7594 2133 7709 6458 2979 4776 9048 7112 1033 2010 2469 7977 2398 4909 4590 3098 7202 2162 3312 7340 6618 1354 4498 8927 9055 2882 5066 9913
9050 1833 5892 6730 3593 9406 2288 7930 6510 7777 8341 8543 36 6671 643 8798 4122 6495 4314 4282 5752 5070 5563 2647 3182 679 1110 581 7870 3509 1069 1220 4244 698 4853 2737 4106 1051 2309 8565 3319 216 4261 8712 889 6102 9134 7061 837 3227 6131 9939 7315 7141 1339 4516 9960 1712 719 405 157 842 7031 2907 6050 5327 5175 2755 7573 8906 2545 7437 409 7204 9421 437 2411 1048 1609 1277 2747 8259 1145 8486 2500 3661 7875 7867 1464 9519 7084 8353 4631 3668 9463 9003 6532 7624 3099 8970
3036 3778 4776 4458 7873 6881 3095 5613 4412 7232 5085 5705 2343 4344 1208 2284 507 3584 6483 471 4054 7867 4206 6903 2101 9159 7535 3891 7037 5466 2518 992 2555 227 8682 808 974 4862 6310 7860 7448 1643 4339 4556 9335 2660 1920 646 6037 8631 5802 1547 7974 2003 5791 6236 3250 9497 1566 1772 6279 3569 7865 28 4791 138 7502 1152 9505 8714 5854 528 1565 9175 516 2046 2367 260 8356 1274 8788 7151 9793 9256 9017 6657 310 5493 285 1652 714 3667 7845 2649 8497 44 8746 2293 6202 6686
4801 7287 4562 1345 7696 4967 979 642 4114 2360 9362 492 5311 9422 5280 5378 1308 1510 2919 2542 6296 2166 3950 356 9709 6869 422 8214 3647 1728 4292 1515 9125 3249 2457 9906 6088 1016 8904 8560 2767 8709 7766 1216 4401 1502 3420 7566 6049 1768 4638 9241 720 6839 4186 2485 7870 1579 9426 7509 3448 1667 485 9186 3937 5145 3854 563 4857 8329 2649 4551 2026 5725 53 5811 3990 6829 9360 7856 9041 6110 5777 6253 3874 6804 2880 4257 4124 5965 2637 8375 2884 2798 5189 6360 9414 5509 4677 4543
9315 8594 1868 3138 6140 1257 5464 3486 2186 5774 982 4787 4554 6547 5864 4626 2836 9558 4990 2540 7029 1416 1274 6641 6421 954 1723 9248 6520 8211 4447 6536 5407 3948 4297 1862 8440 3222 4170 2608 4131 692 8616 8303 5233 5593 2790 3098 2833 1252 106 715 8676 2189 6227 5556 5855 465 7128 1165 4369 5350 7394 1205 3270 532 9590 2734 2743 6451 9848 7856 1629 8986 2801 9784 906 585 5868 5184 8841 1013 6187 1850 7261 900 3866 4172 1327 3775 3523 1215 2364 9166 7384 7716 9137 3837 5639 7085
9493 8073 8624 6805 805 2731 9672 649 9361 3848 1522 891 2932 7408 5824 2922 826 876 1317 3509 7195 8257 1121 3203 5704 6094 852 7356 764 5365 4666 6295 4550 5572 2900 9730 3269 2277 2079 6589 8502 6152 4289 5749 7684 1110 6959 9309 9629 995 6734 6222 9736 6354 6706 6459 3752 4561 6628 3031 4850 6402 81 5208 7960 7732 1955 3588 1530 7808 8167 2214 9912 7386 6329 4443 882 5396 7298 6947 5476 3194 6945 1733 5209 2647 3722 1146 8731 1025 1496 1951 3487 7773 7736 659 3053 9484 3121 1648
4234 5158 2310 7335 9908 5514 6007 5865 4540 3146 4195 4001 7446 4379 5516 942 26 9263 3329 3389 1872 3896 9883 4116 7803 3288 306 2676 2959 4665 7997 3031 4037 2473 4338 5806 9934 2697 4090 609 417 7615 8699 7931 8642 5800 6996 4089 5728 1507 2918 9862 3371 6494 5301 5122 514 9815 637 395 8563 179 9438 7556 4226 3144 8169 4031 7128 1924 7347 4831 1235 1903 854 1546 9671 4579 239 6950 7291 1746 1761 4619 7907 7855 6805 3872 1058 8335 8546 7672 9121 9927 5415 7362 8139 648 6432 5609
6180 5394 8236 3550 6590 7421 9633 3050 3948 6013 8996 5308 4964 9640 2210 4307 1172 8442 6356 1442 9679 4558 60 4650 8740 9634 4387 5865 2758 5369 4200 3842 1468 1025 3110 6231 8189 8069 1421 7279 2294 4356 7106 3253 1594 4572 4128 6244 3920 487 7492 3 8618 2557 8449 3220 3663 6673 9578 8107 6636 3314 2267 2667 7051 9114 621 4367 2751 8640 2835 7582 8915 2517 883 2046 9891 5386 2746 9331 5742 4406 8424 1162 4203 731 1977 7258 9979 9277 5785 899 1752 2475 1281 3766 7555 1793 3510 3931
4530 771 2679 7156 2485 2524 4511 6041 2540 474 4098 6039 1117 7773 8067 1074 8950 9814 325 7165 5053 3197 2730 2942 8299 4459 3412 8177 1474 5616 1573 3762 9975 9500 8511 4501 8309 6389 3870 1142 1453 4945 2756 6023 2342 620 928 1952 3631 8761 1263 2361 613 1910 1628 4768 2489 9772 9844 6843 2226 8398 6648 4149 1531 3761 7530 8402 1948 6352 3381 8927 9559 886 1205 2343 3865 9322 5644 6055 6551 7760 4316 8321 4014 3751 7970 4464 7355 675 8776 1467 1983 1858 5483 1420 2350 7454 333 630
2118 6661 2638 5650 3718 1634 3419 6929 1878 511 1663 5743 7313 4603 2752 268 1221 931 2510 1228 2813 1550 6712 2546 1028 442 2678 3821 7204 6520 3819 9636 5888 4125 3162 5773 6930 8867 399 7131 6987 3908 1184 4968 4960 9620 1488 2397 1716 4563 4092 7350 3904 7783 278 3724 1659 3791 4117 5885 7450 9613 2183 8285 5514 3530 4530 8385 4804 6678 8324 3861 4201 2496 4805 7634 2475 2220 8667 6625 7983 7555 5187 2218 3739 1911 1859 6840 9140 9631 7726 4652 803 1322 795 6801 2265 9534 8445 6220
9369 4413 2549 4163 5347 5998 3324 266 3899 4432 7424 7278 2892 912 8283 4089 8215 1831 7779 9072 9700 2674 2969 311 2854 4041 7656 8193 9929 6128 6199 7360 3798 8477 4119 1965 8151 6175 8373 5265 5239 5949 980 3638 9572 5419 8407 4839 7639 4859 2995 7132 7463 1741 7735 2335 1147 9880 5030 3471 3719 9657 5940 7229 7083 3847 525 7060 8470 1897 3069 4363 9105 9565 5477 4772 376 2235 1122 4636 7315 5205 2053 4472 1833 1557 7401 5815 1349 2162 9609 2636 6030 6940 4410 8197 9744 2802 5118 4587
3826 8726 36 9168 9412 532 9596 5993 3974 7484 9806 6660 2825 2037 8568 5402 4571 6425 8366 9500 7386 2308 1741 4474 9444 3854 9718 2492 7423 6110 238 8421 1192 4747 7504 9188 8241 6097 6624 9199 4754 5972 7137 7833 6508 6646 3167 4313 6184 5880 2045 6862 1519 4186 5661 2257 7791 3297 4573 5674 4780 8661 484 4212 6523 318 9983 8985 5040 5752 2921 4273 1025 2664 7754 5566 7980 9340 8050 9123 6633 3943 8633 9366 1667 5766 4180 8075 3394 7856 6608 8029 4262 8542 7872 9879 6294 323 7832 4891
6474 472 4902 2752 8705 8022 7618 6766 8621 694 393 6338 2936 1297 962 3948 5035 6928 4417 8021 8529 8171 5073 7640 6373 6160 6115 6740 1218 1103 5965 3189 2436 3908 2656 4722 6534 7147 4828 5278 8716 4976 4663 4403 6280 2581 3324 7859 7009 8025 1029 7430 2455 5893 8521 2246 4420 4419 5784 1172 1840 8703 7940 8885 2479 7444 2752 4389 7883 8779 5920 6367 4952 7518 6634 8902 1176 8924 2565 9551 5346 8381 5526 7528 5397 1199 9299 6030 9866 3313 9062 2626 7422 6035 1956 3272 6524 3129 2894 8058
1594 3329 6150 3348 4025 718 1034 9765 7467 2254 530 4445 4375 1832 8547 6482 8219 5298 403 9473 1115 299 5262 1581 4372 5335 6644 7695 795 1782 5250 6124 1338 8131 9242 5537 82 3109 74 3304 7534 7722 8269 1995 9472 9200 1288 8203 2905 5852 2709 5255 970 7885 5038 5791 6584 7607 5842 3142 2824 9909 1724 9327 6919 2586 7169 6007 8066 2432 8865 2715 2388 5514 8496 6031 5912 3130 6386 9194 1070 5192 6787 3839 2936 823 4009 6162 5748 6904 9223 8196 4019 1223 2715 1143 8443 9453 6861 4344
6725 2710 4000 7564 2686 5934 1891 8920 3749 8304 5716 4732 5613 5685 4160 8624 4453 5279 2462 9014 6596 7876 7683 3842 7849 5033 2750 4004 7355 3018 7362 2687 9311 8628 9331 6903 3076 9927 2257 2493 898 9076 2167 9268 429 2948 7884 4063 7431 6095 4160 4794 8184 1792 4239 631 8299 1342 8129 8799 3096 439 4611 1474 6547 3832 4621 67 7432 2527 9708 8723 5606 6975 2684 1774 2204 3313 1287 5290 3135 315 6204 7529 9293 5133 8174 8242 786 8727 2304 9904 1726 6261 3863 4291 7834 2771 6906 4993
4589 4012 8572 5408 6211 7807 3654 449 2867 8869 6693 9443 2091 3189 1807 3506 1265 4962 2226 2382 7967 4194 5288 3047 9686 8866 8692 1106 2297 3576 2370 6722 7373 1786 6891 449 990 307 460 5558 8835 9181 5908 679 9362 7948 7106 6023 641 7272 5266 2396 9307 7518 9789 584 9156 8533 9306 1602 9495 441 7288 8393 947 170 1513 6327 4598 3878 1782 8992 7219 1660 5479 5622 606 4423 627 7689 6840 4067 9253 417 9136 7185 5263 3785 5241 9209 2589 4310 2037 9657 7631 8547 6096 8655 8651 9552
2227 2144 8463 5084 1639 5801 9439 1189 7020 4832 7426 6470 8650 3897 6301 1093 9601 3094 6272 8542 7746 2180 2980 4539 684 2562 6135 554 4628 4744 4946 6622 9787 369 8710 4123 5118 6250 8690 959 5228 823 8044 8522 1815 9772 6035 9528 6200 145 6272 9807 5839 498 4196 993 687 3234 6929 4418 3880 1306 6493 5245 5772 5810 181 8417 4099 9414 2501 8155 5565 2176 2370 9507 2246 8382 195 33 5290 3021 4299 7377 5533 5508 3119 4937 6382 970 7306 4037 4111 9498 6693 7734 4009 7881 6659 8321
5911 366 9281 6190 1786 1483 6279 8326 4296 6048 1306 8032 5598 7543 7594 2233 2987 2736 8203 5307 1268 1145 3668 4697 5655 8550 2081 5017 7510 6602 6951 3631 9180 4282 1589 7325 9566 794 8479 5956 2341 3909 2790 1795 7946 7452 5841 5685 5775 2572 9795 2602 6386 7515 9885 9998 9553 4552 435 1984 742 8568 9669 5952 7045 3902 8698 6775 9398 6514 5847 9568 5930 5729 1734 6361 2826 7237 5244 9691 2901 4608 1329 6616 4541 7078 3718 5362 8174 968 7711 1064 7811 6009 1412 7408 5405 9777 8153 2726
2121 858 7069 6256 4557 618 2916 9323 9785 3056 3287 4537 396 4497 1392 4444 5482 9653 2996 6179 3531 8439 1453 1116 6586 5702 6170 6296 3344 7034 7717 2853 7644 4113 8848 1591 1079 3470 8835 7673 9805 9259 7377 1514 9228 588 5582 5922 9380 8283 5501 1928 9640 4582 1395 6691 9912 8328 9975 2954 2335 937 3598 7188 1425 4599 434 1446 1020 7592 7766 1112 2680 2781 3938 801 5709 3610 4949 4669 6149 3074 8865 8707 4701 2212 4316 4506 3341 8070 9232 6245 5438 1530 1665 481 7861 6722 8421 9715
401 6337 9491 5329 4937 7166 4849 597 3306 8600 6930 163 720 6691 1244 7751 1096 4045 5148 9351 4716 5441 8934 9267 831 6828 7578 8061 5416 2922 583 1168 3230 7324 6357 4938 8998 6085 8303 1988 9500 789 7052 9914 197 7349 914 3138 6415 2117 4100 3808 4845 959 4880 2532 8729 6844 1435 1717 764 8380 3517 7010 5876 8568 8101 8361 9421 162 3637 9239 1093 125 8844 5093 1917 3045 6190 1298 5091 6192 7338 1505 6361 964 1793 8892 2301 7104 6635 5810 570 2483 2084 3979 7802 1994 4365 6084
3836 5577 2139 1957 3282 3066 3317 7417 678 9566 4408 9715 8386 9246 6451 7946 5950 2804 3156 2065 819 1914 5216 7255 8210 2767 8291 638 9215 6235 6504 5349 8400 437 1414 5523 8468 9633 8828 2698 3643 4118 2476 2301 8708 245 390 8774 244 9051 9791 908 3319 586 6487 9783 8098 9095 4663 8191 5414 2603 7789 2065 6541 9786 2428 3221 9486 3080 8076 7607 5164 2586 7053 9163 4664 2626 5131 8267 4885 2966 372 3456 1333 322 1162 9673 8197 2019 33 8002 741 8383 1352 1588 3249 4851 9776 6735
3457 2691 9633 6837 5638 7058 8152 3821 7058 1039 8161 5006 2443 8792 8523 3768 9648 8553 3877 4721 973 8490 7734 4789 9648 8481 7263 2700 8851 1148 4240 834 8483 6172 5542 9505 4259 822 5079 4091 751 1051 9609 8333 3706 4446 5891 3490 3649 8366 8713 9873 3951 4202 8638 1113 6391 8993 3511 2561 5649 960 4063 7085 5952 5385 5811 6667 4154 3416 8700 817 1283 9090 7404 8199 3967 5769 722 8705 9232 6345 9820 4107 5455 9400 2856 7163 4574 8719 2630 9325 8515 2951 4255 5666 7998 882 3645 9454
7832 7636 6672 9350 2537 331 8849 5178 1344 9174 7487 4247 3086 5086 5431 7467 7586 7792 2800 4045 5693 617 5751 5832 149 5483 6067 3388 336 5257 9576 5365 6921 9985 7119 226 8551 7926 1154 2784 701 6938 6457 7268 2964 1952 6967 9886 4018 7186 3286 2907 9408 9163 4206 7396 9694 3498 745 3241 8693 9456 8777 7309 6504 7494 1935 4038 925 5134 4620 2122 9874 7553 8444 1917 2248 8009 4594 1893 1798 5216 4062 8987 289 6716 7998 8017 725 3282 1588 5607 2681 5622 5908 316 5038 5401 4835 7602
5424 1111 3464 1702 7605 9186 2779 8470 9548 4931 2879 2430 2885 1638 8563 9972 9006 9541 8510 7231 1165 5702 1064 5316 6758 5696 7469 9005 3287 6280 8104 8312 2383 4698 1984 8469 5904 6300 5345 741 2654 3421 1328 311 7652 1120 7088 4540 7402 2705 5863 4075 8292 480 3950 9345 4086 6020 3016 2933 5523 306 4104 5152 4399 6726 7438 6650 8460 9306 5859 4230 2990 5752 1250 4255 217 5584 9884 9342 6567 2452 4117 4469 807 4557 6467 9920 8118 1022 54 4101 4037 5500 123 7127 4528 4053 9128 8566
2297 3206 1907 7923 6305 8244 2703 796 1460 6004 1456 2043 7566 5538 7214 6089 6813 5576 9226 2868 4584 2268 8549 499 5080 1286 9322 3754 2208 5337 8791 4129 9172 7052 2662 3995 8231 3764 2287 7493 3184 7242 8424 6546 9514 8103 1457 8386 7327 9630 4365 4787 7905 1556 9857 2881 7127 804 1268 8499 4415 1349 4232 2424 1141 1198 7737 6788 1532 438 9742 3441 348 9679 4598 5900 4995 7150 2916 1817 7277 4529 5374 2520 9060 6255 9212 7929 3133 4828 95 1102 6910 955 8295 3479 9117 6005 2677 1423
4882 1183 5724 4438 457 917 8721 709 6683 6901 9049 2576 3470 2991 515 2148 8171 1031 6482 7348 2187 2278 7575 1215 3448 5088 1034 6142 1555 1539 7749 8460 1820 4803 3835 8349 8642 1661 3253 6244 6092 5345 6830 2624 3084 1337 2333 917 867 7571 3395 8882 1051 1616 5350 3171 8423 3547 2360 1449 3040 4566 1794 4606 7567 9280 5543 7218 5480 1767 3761 439 8434 9611 1482 130 4477 9402 1712 3860 4178 5301 975 6790 9217 9743 1935 2660 7189 8504 8311 5335 9346 5416 3333 7769 3005 5385 4351 4029
4468 4008 1941 4550 7077 5701 9136 1897 249 5286 980 1301 6414 5160 7040 5288 2510 7106 4848 5128 3082 6734 6252 3003 3094 2377 3402 6070 4249 73 2769 9754 4829 9686 8727 1710 4874 8601 825 5605 4037 5014 2210 3535 8629 352 5574 8766 917 9809 8144 7915 1239 7468 222 3072 2528 3443 4478 8146 7776 6007 4748 3003 2119 3164 1927 2483 6001 8712 7847 7083 7388 1148 5766 4414 6051 9997 6895 7260 1739 1534 9427 8166 3266 4583 4423 2772 1743 3886 5492 1558 3187 7245 8442 6581 2637 1607 7132 7149
1538 2260 5812 6543 4757 1191 9734 8300 5095 9364 845 2090 114 781 2005 6984 7951 3924 3728 768 7262 8261 2021 9389 9971 7289 4407 7016 8745 3741 3271 366 1585 6037 844 522 698 6214 3035 436 3409 4673 2902 8734 3423 3158 424 6253 8390 2704 1655 7568 7174 8699 7724 9746 3233 2511 1641 7365 4213 2383 3869 7394 9588 8837 5067 5459 8990 5083 375 1259 4825 5022 1440 2531 9935 3560 7175 705 4612 7348 752 3840 3880 5700 2484 3820 248 9318 8803 7608 4333 3388 9721 6338 5347 1498 7152 8005
1156 7621 1018 6313 4583 8560 9025 7969 3099 4282 4765 2990 3921 768 1511 8656 576 9702 8643 5728 9239 6396 2656 8225 5320 5180 4246 3844 2514 8223 986 1023 3839 1002 4145 457 9972 9774 5062 2436 3851 806 1914 4536 6847 8062 7206 771 8714 2410 8729 1755 8389 6637 233 6079 7304 7053 7226 3657 5712 7130 8755 261 7651 8140 2803 4641 8759 7788 7234 3358 5100 6197 787 9616 3656 1266 4513 9757 6126 1765 6497 1943 34 9976 7753 7037 8130 4225 6113 5348 4870 2344 7865 5178 7465 9623 3325 2620
852 8814 6145 7295 5614 3410 1282 9476 2161 3056 8384 5324 3196 6224 7544 7984 4345 6002 5462 6647 3430 8588 9763 9923 1527 3161 348 3544 5407 4112 1359 9315 5653 9605 9052 5087 7722 3897 3687 3503 3340 3053 8642 5866 98 9281 2372 7159 1228 366 6957 9309 9082 6342 4854 1686 7688 3478 2776 7932 5555 7624 5316 6066 6653 8324 6029 6226 32 2905 2630 8365 906 4129 813 2271 3668 4350 5410 617 7547 5033 2209 8333 8290 9834 5426 8827 8993 384 4986 6684 5178 9807 123 398 8795 3664 2005 9113
3177 8567 8086 2455 5450 7552 2412 8925 7633 5496 78 6582 8723 6336 9094 5859 4384 7313 9763 9149 9334 3791 5088 217 4565 5596 5691 3156 8303 2076 8204 9823 1024 4678 6128 5448 7663 9752 4113 9646 4480 3643 4857 4472 7569 5821 8764 4878 5111 9820 4956 8529 7019 9301 5274 3285 5479 6511 819 8911 924 2473 504 1920 7490 9539 6584 2602 2546 2452 128 9199 724 5505 7284 6330 1000 7002 3134 7819 5589 5432 6093 4296 7818 9205 4156 2954 6227 4273 8828 1099 1100 492 4747 5766 3974 4778 5433 6069
5135 695 9752 9509 719 2431 8441 1944 7484 4372 6911 7261 2294 4318 9959 5781 7034 9333 8148 6741 7650 1597 7512 3526 2006 3978 3161 4052 8240 1098 1011 1294 1936 1455 9335 1965 8445 8482 644 4781 9142 1409 1894 2537 1253 9263 6696 6254 4491 3565 5296 432 3261 739 3082 4593 5763 278 2613 4221 9810 4699 4914 4624 2792 7564 5340 6720 1644 4591 9866 7717 9316 2691 5902 1037 69 6597 4527 5498 5433 6404 453 9648 675 2843 813 7945 916 6994 7475 4822 2593 3739 1709 6169 9438 6394 3267 1865
7758 2985 2267 1005 4704 198 1952 8710 3153 7122 2033 9361 3525 9807 1834 9787 2981 6346 9034 356 2528 7748 456 8448 2847 5779 6893 3537 9927 5750 2574 7374 4042 3135 2575 1868 7076 1795 4352 7781 4626 8857 3542 3008 4440 5447 120 2781 5933 5439 5920 8194 6112 5027 3548 7602 498 7870 1109 3478 1216 8886 4601 607 9870 3418 7162 9907 9434 9090 1385 5586 2626 281 3299 776 3227 1037 3495 6183 5419 7935 4294 1445 5301 3289 4444 6975 2356 374 3018 5328 5082 4827 5449 6471 6376 1917 9966 7750
9610 2016 3030 9451 6223 2887 3036 3790 9481 265 7757 5736 8398 9827 4158 3007 6122 1146 8635 5358 9234 5431 7971 3655 2582 6377 4252 9948 3539 7014 141 1274 2615 1003 2228 3875 6889 8974 2942 1984 6802 6902 6487 9905 8433 4174 1626 2894 8897 1258 502 4032 9885 2563 131 4721 716 5628 2368 9279 6892 5612 3500 5758 3352 7600 7649 9222 3128 1448 9912 674 9319 6171 9741 2126 2548 3199 3266 2193 4825 2084 7716 5283 2170 5924 3901 2316 4285 2848 1391 2801 867 2490 573 1315 1740 627 683 4138
8818 9292 7538 3427 8356 9285 2097 7289 9107 4974 7399 9703 4594 4257 8854 7210 7362 5901 4458 6347 7524 9667 1524 6768 9946 5337 3814 6629 6780 4137 5022 6374 6717 5782 2902 5185 5577 2754 3310 7911 3430 1477 6952 8714 3888 875 6487 3104 3845 7467 4098 8789 7908 9854 3308 5943 8531 2250 6841 3268 2408 4403 9399 7752 3964 300 6543 8423 8610 6717 5948 1232 2256 1868 3452 7522 6827 6857 6535 6120 2879 4035 51 5552 1471 5440 5260 1707 8832 3003 7097 5694 5156 1998 8230 2943 6655 6126 8494 6810
9685 743 5348 1860 3513 2404 512 9963 7676 7618 8637 7143 8643 2734 3192 8727 9574 2446 3550 4057 5739 895 2927 3080 3041 4887 9664 7603 2836 867 1328 5014 4392 7806 8508 963 3288 9028 1040 12 5354 8429 632 5770 1953 2472 7296 7288 6674 235 1801 5234 7621 4464 6198 5818 2269 9688 4954 302 6745 2341 9124 9604 599 5264 5362 9906 9146 9608 7606 7306 5893 2343 6702 6306 1033 5279 4061 8499 6485 7101 6521 4905 1146 4762 5778 6973 1710 51 2440 3987 414 2151 1148 7569 4885 3772 187 3895
6857 7120 7561 5965 8503 3464 5303 9206 6339 6752 9958 6359 5781 7678 9829 1050 5681 3429 9702 8123 1304 8257 7494 1398 9739 1360 3088 8681 761 5058 1030 27 9402 1461 5338 9289 1024 871 2644 1164 8382 7994 4503 8753 2090 4150 4381 8101 4152 3482 1165 8460 7247 427 6634 4713 6124 3147 2168 7150 8764 5844 6254 3046 2433 7695 8866 7829 7752 6118 3374 6233 3553 7984 1765 2945 3197 1336 9434 9556 4077 4823 7403 3613 2630 5230 9522 6111 9483 3535 1901 4778 7999 95 5799 1772 7389 7657 7542 3247
4658 6554 3698 7639 3885 2858 2714 4868 7997 932 3955 5489 8354 4355 3657 9847 4459 1115 7591 3004 2862 5740 2353 2140 8633 9547 9272 5314 608 2030 124 2003 3947 6571 4461 2231 3883 5705 5999 6480 6484 7867 6100 6480 6520 3752 3119 4407 5461 8142 9137 7269 3376 4636 7440 7055 9932 8541 7735 3077 8901 24 2676 6730 7621 3670 7409 7071 5150 5766 1047 2475 2301 2386 2204 2196 7604 4719 7320 1018 5387 9505 1782 6984 2093 5959 4941 2492 9840 2467 5753 7374 644 1889 6788 4537 5228 8233 7963 7034
4051 1401 5550 7885 5816 2639 2689 8379 5112 7908 6979 2530 1572 4569 9800 9452 8319 3186 6619 4070 5796 2169 59 1669 5072 9250 9736 4684 989 1444 7280 2394 1760 8059 2343 2870 450 5059 8077 2585 4785 4410 9540 9113 5742 5704 2006 7284 3781 5882 8548 2657 4018 3036 1412 580 8483 2341 9788 291 7266 6313 2144 3756 2030 2928 8094 1966 1414 9547 6743 8358 7780 2691 1256 3250 6524 8612 6688 7648 4536 324 273 94 5107 3632 9442 710 4135 9899 5498 33 9369 9178 3275 761 4265 4520 4972 1801
1385 3926 3376 3844 9703 1994 3071 5766 4841 2720 7987 2730 2240 1011 4750 2382 2966 4359 714 842 26 6557 885 3131 3898 6497 3508 9053 5431 1983 5588 1165 4666 3755 7321 6534 5379 3832 9822 9158 3633 730 6747 9440 1685 4380 514 5230 8092 4113 7219 8227 4360 8734 2768 8427 9093 587 6372 1841 1023 2405 9686 2177 3903 8496 4496 9145 6370 3729 4016 3705 1491 9396 6107 3151 5393 7338 5426 2798 1811 882 4812 2754 2099 5211 1781 1587 1399 3047 608 2104 8765 3662 6973 9099 984 2431 5697 5529
5075 1536 101 7824 2210 4746 8704 6187 840 8558 6499 9258 4741 2982 4064 7809 1301 2033 1312 8585 6406 380 7322 8524 4071 6275 7804 460 6320 507 289 9155 833 6037 5317 6915 215 234 6994 1824 6648 3668 8266 2938 2839 2476 3554 4817 8173 988 2633 4905 1790 6474 6411 7280 9402 974 5793 7309 1904 8404 3014 1668 9213 5932 6266 3058 3749 8666 1031 2096 6484 2515 6331 5683 4731 2770 4518 6427 5407 6799 7520 7947 8182 2914 4262 7560 6543 4261 2991 4513 9295 3057 7583 2074 7115 1905 7304 2706
1726 9639 1459 7980 3446 7251 1251 5832 8799 1228 8975 7262 3250 9499 786 3484 7847 9735 3447 1914 8101 5755 4483 2378 7413 475 3450 5701 8106 1417 2505 9230 2397 9361 2184 3846 4596 7786 374 9087 9136 4850 3440 8322 6252 6427 7702 4385 7114 2523 7319 8159 9943 9056 9532 7970 9608 9363 1486 4882 5110 9635 6956 3241 2350 6873 6378 4168 8075 8145 8380 8678 4009 2810 8230 4725 6699 7189 6766 3877 8408 9594 5590 4578 1437 3685 9314 6692 9629 6074 3456 1782 7612 5474 4359 8092 9286 8261 7999 9739
8208 1793 1505 4838 6337 7493 1858 6922 7333 2118 5794 3119 1352 8679 5507 7552 3444 6488 9469 6827 7010 4874 5970 2522 3110 8309 7197 3098 3318 832 4951 4507 8230 8920 345 4574 2735 4811 5879 5919 493 8395 3860 7915 7895 6612 7930 6067 1255 4136 4384 2314 4812 5765 6230 3492 7891 7665 8128 3157 2094 5948 6177 39 2807 4018 8435 4625 1592 7245 8732 8878 4839 5994 6338 6021 1456 7100 6306 3731 1173 2492 9851 6719 9365 2817 4688 7272 9106 6118 498 6835 6612 3661 9030 9882 3419 7780 9465 2588
1504 1277 8857 8991 3868 2535 7217 6326 6652 8587 3655 5078 777 1758 681 6070 3944 6346 7231 7928 5983 3481 2531 5239 7148 7466 2441 6991 6008 5400 137 9652 5924 9896 3910 3944 2990 1397 5950 5013 3117 2659 8408 5375 4410 6394 3705 6646 9662 9111 4987 9813 3384 7371 5110 6479 2850 2784 9539 8228 1843 5939 1934 826 671 7675 6885 9844 5640 8863 4988 1987 8552 7083 8898 7115 1180 647 2757 5544 6426 9923 8160 3225 2888 192 2183 1399 2441 473 9555 4519 2483 9136 9806 5764 1320 4639 6193 326
416 3177 6180 8227 2437 8294 3952 8299 9569 5210 779 1226 6202 6028 5439 3782 4064 9733 8313 9341 7094 6850 6799 6624 3891 3783 6642 8071 385 824 8511 4740 569 417 5539 9183 6881 747 1 3045 4374 1063 6039 1711 3335 3147 5902 9708 2663 6137 5307 2784 1757 2212 9527 7349 4426 8176 3843 1049 8277 4358 8533 256 926 1738 9782 3238 9693 1076 4700 579 4423 3931 9413 4495 4978 9843 2817 6880 9139 405 8598 3013 8006 1705 8468 7049 1787 944 9034 72 4629 7665 162 7934 4208 5235 9057 3973
6314 6083 9857 3847 2527 6989 2874 1226 3492 1721 7302 8347 6509 2537 8957 8807 4371 8182 3922 645 1199 217 1248 9530 3805 1321 8362 4276 9214 493 3824 2109 6386 7551 9117 2332 1393 9324 2371 8299 6394 7813 1900 3366 9756 2686 7376 4391 8346 7287 3325 4223 5011 480 1248 2253 7247 9386 470 7431 7717 4897 242 1649 6319 2456 1068 773 2327 8472 7446 9003 9068 4478 2164 2005 9319 9050 6485 2519 6392 6305 4549 6804 4554 4502 3211 2530 5590 7503 8902 3540 4044 3592 1857 766 7703 7640 6389 8279
1063 5998 9851 8115 7651 6941 5879 4100 9521 378 9032 6392 3661 7263 4879 4388 22 9207 4985 9269 7002 119 2014 9336 8259 5853 6757 8964 8003 4912 7796 658 4757 1296 1877 2295 8245 8076 2496 6996 8016 7702 9778 9133 4084 1600 2675 6626 9094 7050 8000 9211 8790 4302 9131 5050 1712 5152 7446 5977 1225 8171 8654 4577 8486 1922 2792 6909 3182 5414 8009 8785 43 2353 9997 3638 8728 8926 6727 4016 1161 9827 8241 2046 2473 1270 9580 8966 4977 7039 8859 2123 2163 7779 7402 205 6444 2352 9979 5330
4311 6144 4821 2331 6020 7080 8821 620 134 4322 2124 7292 6406 1689 1290 7290 3170 2977 401 1567 6131 731 5828 1414 3330 6078 4606 88 2383 4836 6222 1989 8894 3934 511 9462 1488 5833 4881 6290 8995 2510 6790 3182 2319 9628 1233 533 1284 5739 611 7684 6000 6019 7378 1443 4582 2632 3602 9655 9423 1860 563 5059 5513 2515 5093 7135 305 1381 2591 9996 4939 5413 7299 3368 1806 3874 3096 8071 473 8792 5241 999 6786 3637 5234 606 8684 1977 5707 8178 4587 5037 9340 4839 1240 161 2387 477
713 7230 6497 4070 4372 8245 5263 5553 8265 5967 8945 3529 5919 6617 2214 9825 808 1507 4956 4632 3307 9555 1007 1555 1789 9858 7417 5826 9773 3077 4332 3050 1300 8733 7086 6736 574 9997 5151 2512 5176 3789 7778 1573 9474 5272 9516 3956 5780 8354 1718 6984 9425 5492 3993 5184 7823 7774 7395 8545 9058 9954 1632 2764 110 701 2748 1284 478 9824 7467 9863 8862 2456 7966 4625 3051 2907 6002 2752 8675 6756 9370 1869 8336 9031 1999 581 841 9890 7783 2078 8032 8435 3138 3384 9174 1113 6062 4694
8659 6464 7528 697 2919 1553 9807 3279 5245 1454 7625 537 1407 2312 8277 5098 3784 2888 5903 2706 7368 1313 3483 6229 1647 5167 7918 8508 6250 5321 5808 8508 9064 1350 586 2222 4752 7586 5043 5558 6577 8104 9107 8960 7578 5047 5373 9857 2232 1915 481 1707 448 4563 7040 8419 7244 1113 7790 2500 9027 6324 7211 9297 2202 1634 1580 7789 5697 979 5704 260 8761 9072 454 9916 8871 2349 5970 4027 4780 6943 6007 8942 2175 7185 6123 7119 3241 4568 3266 7620 5928 2408 4284 2458 1318 5410 616 8441
6074 8484 2349 8239 6720 5818 4865 6243 4603 8837 5964 9303 5986 1180 2197 6048 7691 5712 231 1157 8210 4484 2999 9407 1937 7645 2834 2944 5464 4584 4047 6981 9866 4664 9658 7497 2550 8462 8412 1786 1189 1241 24 8522 2931 281 1531 6439 4496 5566 2189 1561 2406 8683 7945 7244 3515 9864 6791 9390 3855 1442 4524 3779 584 125 7357 1171 5199 1010 2214 4794 6056 6863 3436 2226 7939 5182 4394 8179 4337 2810 7733 5778 5131 2136 8362 3977 2353 2474 9951 713 398 176 1649 4417 4429 4616 4985 1887
500 2079 831 9243 6675 4113 7629 2277 160 855 8373 4809 620 6629 1179 3996 230 4849 7567 2630 9020 387 1595 9250 5268 5559 9524 6200 5661 7243 1622 4918 1441 365 9888 9739 3608 9654 7082 8040 5408 6469 5442 3605 8678 5388 7960 5223 6630 8009 11 331 2363 228 9089 9228 8273 2657 3565 5956 9500 2092 7940 8113 8241 2720 8322 8071 876 9445 6967 822 2293 7207 4009 463 2248 917 3829 3789 152 4157 7440 3774 6871 7034 6703 7184 2405 4388 9299 8499 513 2410 78 9802 6601 4461 7618 2308
1360 3623 5095 4851 1696 9515 219 1374 8454 7265 2874 2525 3051 3639 2262 6009 9335 8691 5831 8314 6873 6016 8004 6769 9350 9578 5560 5635 3010 2857 1811 2459 462 5901 5489 9035 2494 5885 1776 2857 1557 6434 7902 2901 9515 8806 350 9916 7396 3986 1984 7033 5842 1354 9496 8510 4684 766 6460 2655 3784 3639 410 2280 9393 1913 6204 4018 708 1608 5476 5123 428 8732 3816 4545 293 7622 6606 5986 9977 4233 9905 1658 4469 1658 3059 5873 5138 3171 8966 5502 2409 3687 7104 2295 805 1049 3462 690
9286 8406 4 2269 637 3789 3404 5248 35 8500 8049 2642 5767 7198 1010 2038 8377 8392 7116 5115 2086 2883 3405 3240 2518 7150 4553 6256 3953 1452 8555 3543 2761 8703 4856 9831 727 7388 3505 6194 8649 5878 156 4850 3986 542 6228 9512 675 2826 2834 9268 4059 5589 6579 1040 6406 44 3430 3196 1534 1713 7969 5007 7939 7434 9470 9371 4591 814 1118 2830 4931 2291 9082 3603 8074 246 4155 599 753 8540 9977 6080 4713 699 2789 2101 3907 4593 20 4 7554 9222 4739 5254 9507 9470 3908 5941
7324 8583 1441 7982 8967 2170 8648 1806 5050 927 2376 5059 7660 4106 4042 593 8516 3034 4099 3736 6559 728 2666 7590 2273 9372 3803 9681 4721 7442 6856 5914 4438 3168 223 7567 8324 150 8380 403 1385 3002 7182 4783 4147 2855 9689 1410 1965 8518 5407 5317 2169 4232 2686 4392 5996 3161 3838 2439 2646 9152 8685 6255 6588 4258 6429 7039 8914 3752 8806 7060 8440 3334 5471 8288 126 7651 1218 4834 375 2513 8397 2041 8868 5369 1198 2935 9380 5513 7504 1007 8150 5520 4313 1777 2741 1262 5952 1117
3263 3084 5675 984 5301 7709 4995 409 556 4959 4922 4384 4306 6030 2260 7716 3274 5075 3811 7089 3801 4895 834 5407 252 9128 1019 216 9450 4502 3721 8274 6704 4616 1394 678 9463 284 9636 3140 6430 333 5561 213 8068
