8841 8180 6969 8134 964 7302 3664 1425 6651 6388 2704 6804 5326 6994 4959 1606 9107 4180 9660 925 7985 4925 4972 773 1361 8252 2350 978 6767 7817 7064 167 460 5300 2966 2770 2594 362 7206 4016 7731 1559 5164 5726 1485 2884 4922 3120 6398 563 7130 5961 7004 2376 3025 7751 1212 7802 7675 6576 3449 7973 7634 7785 1229 4192 4449 3472 6263 2626 9865 172 5443 19 2355 4269 8319 493 3771 603 9464 6405 9963 7222 4880 800 2505 1199 9027 9628 7778 3215 7042 7021 1364 7098 2685 7710 3420 4289
2225 5879 3790 3047 3424 1588 3717 8886 3272 4713 4211 7606 1457 8921 3457 2914 2287 4598 9854 4826 8633 4010 9975 6274 7936 8658 829 9974 7632 3564 7054 8550 1632 4663 9266 7297 745 7880 6141 6539 7936 6013 4325 5647 148 8792 9333 5772 4356 6014 5903 5007 4420 7566 6677 4526 7215 9706 3500 862 5918 1257 9267 4024 3659 696 5265 9251 7329 3625 9340 6900 853 8413 160 5839 1130 8280 7525 8975 4918 6361 6233 816 1945 1583 1527 8087 1649 235 2091 2245 6952 3555 1893 9806 1354 7374 4160 4787
5319 6944 9421 8209 8021 5316 6470 3429 7525 635 6619 8159 2931 9681 7414 8884 9412 3955 3580 573 3169 2785 9714 2252 9092 9578 4994 9459 8426 8525 2185 719 4967 4437 969 4001 8171 3058 2365 8507 6849 8952 6927 4314 2734 28 4571 2556 6704 8419 119 2369 9615 2775 825 8982 6619 4212 8293 340 990 106 443 1408 5756 3621 5860 3652 442 1471 1354 8421 6204 8926 2523 7050 6184 5317 3298 2365 9811 5200 227 6418 2497 4926 5829 4057 8772 8105 9650 2213 6112 8950 4290 11 4268 3550 2940 617
4329 5340 4944 7245 1339 4176 2160 6866 6034 9411 3841 8557 2610 665 4845 7634 8326 6472 1053 6660 7576 4273 1881 7432 3827 9620 749 2125 4839 450 7394 5782 3578 7021 6752 4318 5047 8056 6739 1808 6753 3118 7237 7478 5684 1775 8846 2599 5365 9961 7448 8062 9395 8745 9489 4160 3295 7361 4510 1837 8960 8367 3924 7766 9828 3297 6350 263 9938 6113 728 1276 9198 4238 3205 4819 8152 4676 3673 495 3495 9568 98 6680 6384 8075 2601 3180 6229 3149 970 3588 1927 5449 5641 9448 5096 1514 8195 3252
1395 4630 4263 7516 4153 6464 187 4294 6625 3830 1683 6147 999 5888 3079 9797 5723 2992 9911 1742 9090 8387 1844 9003 6596 742 5303 7568 5305 2202 2893 5724 4848 2797 5283 8802 3473 2287 9814 6219 7702 4839 2978 1827 964 3193 7806 928 7534 5228 4791 6518 6491 1751 988 7603 2448 6700 7055 6914 5417 6407 6129 6354 1198 7320 3712 9513 3984 2550 9765 4005 3372 5012 1611 6712 9261 1285 2490 4704 8702 9951 7686 3644 2338 2191 3436 9171 4334 5517 7639 3898 3460 1688 9319 6742 5335 6216 6870 3213
9265 9287 9107 9112 7633 1763 7597 8544 2117 7975 8548 4918 7478 5770 9182 6984 5033 8710 2036 2409 6472 2147 5892 384 9960 825 1775 1980 6613 7298 3833 8556 2575 2072 8444 4926 5555 9159 9622 4148 3623 738 5107 2485 1753 1820 165 3591 8664 8461 9887 9713 6576 3380 506 2682 8870 5241 8578 9394 2734 3747 2271 5035 8998 2563 9487 2124 5832 3088 8174 2911 4451 8733 7265 9799 6162 8588 1243 4662 2385 3454 8517 6645 4016 7882 8274 6833 6273 3081 6220 8269 5234 4060 9613 6482 6682 7015 6232 2481
2438 864 5257 7240 6272 3528 3202 4583 9709 2404 3402 9438 4394 6230 7409 500 6625 3067 289 9686 758 8864 8867 4606 3109 8750 5664 2662 2624 9937 5881 1612 3070 1780 2845 615 6540 5431 5832 3454 6755 7643 8436 549 3874 3321 5872 104 3589 8884 9206 8173 3201 6521 769 6845 2927 4774 5951 9016 9024 1065 7054 7294 5594 6746 7975 78 6145 3797 9643 9767 9439 1164 8929 4894 3615 7464 136 3861 2969 1589 8064 2255 1184 8696 4097 5575 1251 267 6024 7568 4635 239 2264 427 2047 5443 9538 8331
5088 5431 7973 7541 7056 414 2150 9332 2228 779 4163 8035 2849 2293 5102 193 7795 4958 4594 5028 5614 8461 4813 8920 5412 7025 1085 4685 7924 8222 2192 9570 5221 9886 1747 9505 777 307 4184 3902 1952 7563 894 3902 6121 6749 3577 9777 3184 893 9683 9551 6729 7864 2426 6605 7153 7369 9098 3103 7892 3188 5418 1585 7146 8190 5143 5101 5814 2967 4785 8339 7709 9229 6235 1211 6909 6582 4737 9721 5434 9252 8623 5916 684 5171 6770 6441 7625 5353 8927 8969 7360 2194 5807 9383 2251 682 9813 875
5819 2310 6939 3448 3879 4275 2065 5319 5659 5593 3494 8810 695 72 1284 667 8638 4531 1589 9330 3724 1106 5465 8598 5146 6933 5290 6291 3317 2065 4797 5544 113 4948 8452 6532 3835 4361 1631 970 3119 8428 935 139 7403 7642 9902 619 3788 255 9777 8623 909 862 6848 3785 2111 8332 5976 5755 8794 4370 9235 5736 3463 1764 412 6073 772 8141 3103 9051 8646 1306 9827 2039 4057 4247 8491 2021 8677 3451 8664 1139 6064 9195 3484 9884 9469 2295 8330 7772 7744 2769 1943 9329 6779 2369 1981 4235
4433 4834 4387 212 8647 3804 5873 7209 5935 1026 1418 9656 9265 377 8025 6424 7143 1823 3298 9086 6904 4538 9324 2010 7017 6937 6903 7766 4022 6866 9775 4614 6142 1905 5854 104 3967 5792 9226 1069 6089 5136 6714 818 7692 375 658 875 1410 1965 682 421 4692 1099 2648 5908 4057 4859 4154 74 8643 548 1992 5663 4834 9534 9867 447 1594 1029 9021 7965 1840 1699 2201 8486 5044 4120 8768 8329 776 8020 146 8516 1527 1579 5632 25 87 5674 7098 222 6971 3541 2668 2176 4439 7745 449 6471
7095 1481 7474 1837 8 3312 4384 643 5038 547 6489 2925 5699 1998 4823 8505 1371 9042 7645 8636 2142 7802 9427 6898 1698 6885 4975 9615 3016 6772 3312 2106 4630 5065 5829 4340 4612 1802 4070 4367 3956 2267 2598 4617 995 5542 183 9088 7134 3337 7810 2351 4363 3199 5668 9934 5657 972 5677 3414 8082 7360 5096 4050 4838 2882 6159 7790 9413 8253 2494 7697 3775 6521 918 4690 2745 3075 9814 6936 7571 5261 665 7750 4359 2509 6393 9130 2966 6617 3142 3124 3408 1011 755 9355 126 5945 2514 9461
3126 2858 2118 1707 3958 103 3921 3283 3787 1682 9139 3380 6492 534 7691 780 7233 959 986 1063 2093 7247 1595 6905 1773 795 1857 4071 2128 5523 6545 4368 3391 2628 6605 4169 7023 7097 2838 719 140 4294 372 6850 120 4076 1504 5666 3751 7279 1416 9125 9091 9017 9872 7853 6893 4836 1981 3529 2515 6699 8174 1062 2588 6119 4874 2330 6897 9433 4737 3966 6444 2935 3439 8141 961 7011 161 4874 6641 1677 2376 7749 494 1656 5170 3596 8581 8566 4012 5062 5845 4579 8567 9283 8274 2576 6851 5550
9521 1286 3084 1101 1942 216 5418 4736 6597 3499 5103 8026 1887 2343 8227 5380 7103 5866 2999 4277 5845 4262 281 7708 6862 3268 7331 5697 1433 6043 1123 8000 3548 8432 2377 7475 956 896 717 6462 3290 2904 7897 7775 2748 6970 5215 4679 9685 6639 7015 4812 9406 997 3262 1952 1616 4181 634 9890 3152 4162 860 1256 619 2895 6609 9585 3930 3757 4241 2706 6098 2999 5621 4096 4793 7645 1606 3769 632 9099 3974 1459 1309 3488 8940 7421 595 1371 47 1924 6693 9323 2364 6195 3815 4606 4965 1959
8395 9395 7374 4252 6846 2208 8594 8856 9825 3123 3911 3265 8722 3830 9989 8952 6767 515 1552 7035 7424 4696 3765 4963 4017 2021 3629 9690 5645 8094 2795 1878 4041 525 1100 2521 7298 4508 8114 1890 7871 2426 2293 5270 1980 4080 7891 6373 3090 3943 1315 6538 6995 7381 8594 4412 3425 2722 6495 5082 5286 6972 1243 3237 4530 2091 6689 7485 4746 6659 1413 8861 5873 5142 1766 8981 6407 6777 3063 1146 1785 2292 104 2807 3190 8832 4321 3706 5293 975 241 1310 5883 5393 6663 9901 1273 6577 3385 9116
299 9618 355 6499 9982 1699 6386 5331 3361 4287 5036 1352 2269 7723 6153 3509 6631 5794 1823 9943 4982 5009 6263 5674 1108 9022 1699 3774 7085 8768 4310 2604 4044 7827 1290 3300 875 7654 5072 2511 4119 1916 2374 9011 9167 1941 9568 5874 6097 2488 9782 4900 1490 6950 6400 260 7690 8347 9279 5616 5212 7881 5352 2376 5542 5249 5508 6212 7774 9692 3410 5603 8451 6995 512 2978 16 4986 7759 9633 6618 7018 2164 6764 1511 87 5825 8277 8726 7793 8304 9661 3835 2368 2528 3126 200 9726 5117 8001
4328 9270 8961 484 3468 1281 9553 4137 9569 1114 4183 5394 2446 2727 737 5548 3927 4791 6110 7159 9869 4359 3937 8695 7612 8221 5703 4769 5952 2880 3481 2001 8880 7407 9158 6383 6367 1499 3685 3730 5459 3845 502 2940 9445 7456 6673 9603 3385 2891 2838 9220 9421 5054 6700 8120 1296 4879 7343 7370 3301 3438 7542 7758 4317 7421 9762 9139 2366 1657 9905 9715 1398 6763 3256 3098 4160 5856 7436 8821 2647 7397 3675 7326 8769 5240 1209 5989 8993 1022 2857 4357 3923 5196 4642 7311 4554 4355 9842 280
4024 5120 694 4747 3104 2078 1054 1414 5948 2572 5802 3849 3723 4703 7915 7077 2000 1695 9545 9332 2173 1196 7884 134 7191 4937 3169 4531 7812 1329 8517 3568 7026 7595 5616 6487 7352 4197 606 930 6099 4243 5624 6632 8678 1184 5087 6271 8530 1774 3060 4559 3361 706 7750 8894 5674 110 3179 1248 3545 5879 377 5992 223 1265 9429 6608 9426 8554 9336 8898 3197 3392 5108 3387 6983 1387 8099 5140 8386 7017 9364 4936 4492 7344 2288 9711 3018 1491 4563 9965 4347 3440 8783 6143 9475 81 3183 7764
1916 5207 1197 7160 3400 214 2733 3808 3296 3527 4132 9857 731 9968 6582 6062 1797 5566 4592 3325 5099 1151 6246 4892 7942 1143 661 3112 74 2425 8097 9425 571 8240 4656 6849 4515 7956 371 3197 4051 9831 6455 6945 6837 687 3446 5230 6891 3083 5359 7699 4429 8068 2770 1750 8835 3870 9955 3329 3564 2682 7833 159 543 8575 6173 5530 6804 3180 9270 6259 3570 3817 1473 1508 1883 207 195 968 2482 5701 7353 9232 2254 7594 6351 1331 9196 1104 5513 2230 4860 497 7592 2537 1506 9278 7137 4790
9280 2536 7208 7257 2877 7116 7761 1939 5427 8202 7920 4643 2615 1119 6108 6997 6418 7415 6089 6244 6787 4284 3661 950 5112 8635 238 6536 5957 6090 7116 5482 6416 8777 7148 8335 4145 5507 5036 248 2895 1036 1194 3899 9673 3095 5826 3272 6914 9504 9096 6188 695 4572 4081 6087 5230 4093 9288 5606 6789 2193 8357 2604 9495 9468 2905 9693 8511 2015 2291 7061 878 6853 1573 1774 237 4905 6229 4456 4410 9703 1333 7506 2907 6137 7061 784 9906 4226 4880 281 6903 3326 8440 8956 3173 875 9424 3429
3269 7557 5439 7471 3145 4321 8664 6110 6279 4901 699 243 5050 1885 9179 7795 9197 9462 6327 1945 8873 625 8127 4654 7969 2183 6986 1451 5554 5907 4168 6182 3138 7734 4971 4343 6559 7355 8265 4844 8474 2561 8811 2234 920 9030 5340 8837 1616 3776 1744 2490 8913 3727 4180 1012 2526 4913 7361 4976 9983 4898 1787 5471 8844 3723 9604 290 8369 7028 8069 176 3928 5601 156 2597 9415 6259 8127 6836 8484 4428 6517 9489 1991 3853 4323 7817 9487 9559 8873 9824 9026 4438 8580 475 7138 5275 5959 2203
8023 8166 2737 3518 9790 4791 5037 4068 1750 5538 3671 1139 1667 8103 8759 4387 3960 1073 3865 4427 9419 2183 9661 1814 965 7905 6758 5260 6345 9731 2711 6196 1557 6694 3838 6513 6322 5719 9540 7608 5256 5936 6218 2347 7183 1199 7112 1765 5766 7908 3973 7937 8036 6483 7831 4629 2598 410 3219 509 6302 6198 7662 8620 5375 9580 3815 5594 8565 9035 3091 9338 2301 3187 9296 7340 1829 7531 5405 1668 7945 3789 6160 753 3013 9672 3260 3574 3060 7492 3966 4128 5772 568 2446 9225 7456 3753 1017 8759
8449 5080 7179 3962 6069 2224 7641 6658 6379 3170 4937 9834 1150 5315 6706 1505 8851 776 2431 4149 1465 5844 6364 5997 1126 479 7151 3791 7209 1624 5817 5747 170 1014 3336 3843 9547 4411 3632 4414 523 5405 6153 5544 7026 6246 7006 727 5526 244 6202 3776 7172 9032 9086 2000 998 2036 4328 9939 6081 2855 7202 8106 5118 8102 1763 2692 9221 4082 4014 4514 9657 8749 3890 85 422 4680 9883 6098 4319 9801 7375 7091 9407 9984 1071 5922 3556 2344 7977 7167 8061 5179 1632 3845 8243 4364 3468 6353
1991 4994 9777 9119 2954 7271 1930 1781 3058 6961 6211 1331 4705 1332 6989 3871 8463 3369 7504 1677 2474 4973 4263 8305 6010 5832 8521 8771 474 9914 4023 8047 1105 2696 4617 6332 5858 6416 600 1730 6812 8275 9271 2274 2442 9965 8192 7274 3758 2685 8108 9069 5465 4114 4988 5080 7971 6022 1491 9811 9253 4696 9299 6626 7830 3953 5060 9959 8533 3590 7353 6280 3289 1372 3295 8310 3376 416 4584 4698 340 5703 9307 7117 3547 7646 8578 6200 1907 2470 7691 3212 601 2083 6817 8113 5347 2448 552 4134
5315 7286 6671 8912 4598 4546 4936 1032 9577 3817 5715 5036 7958 9503 3580 9693 6869 5456 6520 7865 3049 6355 9401 2095 7974 7910 5523 9393 7791 3858 7574 9778 4936 5466 1876 1272 7775 7797 6900 1868 9224 3115 3931 6671 8678 3906 8502 1555 4497 1899 3965 1173 3185 9906 5298 5757 7421 1147 4212 7964 2665 8206 6517 1449 8940 1073 2393 4942 2252 6862 4998 3975 8996 3332 9964 3036 8929 1352 3824 344 2076 1716 1152 7356 3655 2979 1071 439 5470 7427 9007 3323 3527 1865 3512 4069 540 7082 3223 5579
4521 9113 1758 5632 8446 733 9233 4255 7234 5065 8404 6147 4746 5783 1199 638 6608 557 1053 5697 5592 233 2445 2753 1353 4175 2705 9305 3797 6672 1323 9037 1510 9707 3045 7766 7853 2361 428 1376 1663 9715 7326 3277 1628 9221 2682 5417 9205 5773 2247 2004 1846 9990 5932 1420 9858 4717 8976 6920 9076 3646 6368 2392 1184 6794 3068 9378 549 6374 8091 5098 8079 9459 1467 3344 540 9792 852 758 3582 5966 5707 2185 5077 4646 8749 3597 9397 8720 3493 2966 6896 9974 8300 9810 9390 6504 1585 968
8375 4735 3227 6734 8203 6583 1777 4438 9238 4528 8335 8022 268 6951 271 8122 5924 9314 376 5522 8351 9926 5265 829 5712 8778 4130 3762 1381 7804 3886 925 4447 4937 2611 3428 3781 6987 2179 4349 8241 1379 5972 9510 1905 6210 2820 4838 3469 8203 2018 7517 1952 597 2728 5409 1993 3960 7371 4206 9180 9673 7537 3874 1236 8477 2529 9289 9941 3456 274 713 7930 7815 6219 6457 2445 6875 133 3618 5537 4228 8381 7896 3691 4142 4307 4517 9967 7365 8871 5128 3344 5222 7604 3438 8187 2905 5122 8151
6853 3275 2972 1358 87 4310 5076 2089 1248 6783 5517 5379 9567 1248 1122 3802 1098 739 6389 8270 5511 2553 7898 2493 1028 4368 3005 3487 380 5701 503 6724 913 6221 2318 491 3228 595 2109 6054 4822 5191 9451 1927 1857 605 4816 4628 3210 2104 3438 2584 7998 4661 859 5146 4159 3698 4463 8928 2506 3372 7627 2891 1779 1435 1494 1112 5166 4740 2747 1012 1090 4699 8235 983 3496 2914 8322 6774 508 521 2412 6869 521 5375 8529 3250 9302 1455 5984 8220 1186 4289 6170 7295 6444 9223 9339 2001
7667 3972 9064 600 1142 9882 4413 163 3318 9400 8033 1224 5771 5228 22 884 251 8537 538 5797 1504 2777 6110 5931 2632 1756 470 5899 4889 4714 7777 3935 80 4875 4861 7112 9159 6614 5904 9498 2394 4450 5987 362 8339 3841 4717 1968 8140 6225 2506 672 3042 9701 9650 8667 3691 9365 5626 165 7129 8634 6416 1917 4782 9807 169 2168 8714 340 6826 6852 6471 8213 712 8608 7020 336 5820 6548 1206 8208 1206 8734 7727 4828 3152 2484 5084 5261 5885 7737 6987 3800 5916 4787 1518 8086 1751 3014
362 2912 4629 9665 6085 1328 6843 4924 9493 5899 536 5261 9049 5667 9087 5661 2669 5229 5638 3236 2214 446 4403 8905 5193 2735 4317 7401 589 1951 2642 5450 1465 5821 9670 3556 5512 2452 639 7043 4197 827 428 3775 6660 9572 1546 2138 7940 5910 9115 3122 8136 83 8477 495 4880 6865 1014 4627 9549 7714 8894 3909 6846 7762 6186 2121 8637 6311 4037 682 6826 9044 8718 6722 5998 1557 577 6434 8683 2643 4321 573 6395 1653 155 3666 398 6435 5435 1080 3294 8270 1144 7596 1461 8541 589 9889
3566 6837 6422 8379 5967 9387 9724 1413 7308 3126 6928 7994 9325 8182 6635 7919 3050 7585 5333 2325 7266 7882 6183 2637 7675 8813 961 1339 7295 5328 2231 9234 2149 202 7754 2268 7640 933 9963 4924 7911 2693 4725 3968 7052 9226 4468 1520 5539 1527 707 687 6327 3871 3545 8286 4159 6237 143 4423 6863 7985 3488 4361 9799 7857 809 2615 1262 2215 5373 3238 8616 6232 996 5155 6110 8779 2260 1588 7233 3293 5127 4042 2437 714 3444 1073 1710 6573 7053 3708 5541 8998 2512 6702 4306 7850 3095 3849
4468 3796 305 1969 2658 4522 5993 9281 7257 2014 8539 9313 7478 7727 9432 7249 6541 6529 9199 3910 6652 6310 4973 5740 7877 871 2658 4285 8861 7307 1030 6709 4783 1116 1857 156 5422 622 1862 3135 9637 5618 4775 4193 8402 6362 9266 835 4736 2315 9071 1864 6290 573 3316 8726 1440 6204 3115 8981 3794 8009 4132 522 7426 794 4057 4627 8963 1115 5433 212 4273 6632 9438 947 5439 6152 3164 5568 8651 2422 6006 3056 2612 7576 1127 7815 4325 862 6440 9058 802 7627 6118 2020 8250 8440 9303 5246
7493 2436 4209 802 5063 1125 9978 3709 5274 8608 272 6455 9384 1584 6709 128 1468 4763 7919 6584 7273 7115 4165 6109 4670 6863 6297 2495 9783 3542 1644 9632 8306 1983 6420 4426 4394 6202 2858 621 8837 6761 8714 7400 3401 5590 4795 4033 2224 1368 3654 6923 9471 6836 6485 3394 5435 7517 9678 6741 9778 2927 4109 7972 7766 7065 2097 7642 5836 2534 5832 9694 190 1120 9948 4715 226 5698 2564 1971 5765 3697 16 1350 8402 1877 5737 4614 2029 8486 8822 4158 2305 8205 4712 1955 6397 3511 5465 8638
2851 6562 6013 137 1046 4597 4333 8682 8467 9608 6007 6019 2234 2193 3112 1157 3956 892 2028 7030 8436 3549 8089 7302 2759 4250 584 4418 514 5141 7708 7056 2387 5695 819 1431 4634 4322 7035 9464 3599 323 4256 9028 2876 4516 5881 2337 9006 1885 1757 1893 4454 314 5833 2942 5627 9548 4181 4536 2324 2766 5898 7221 6571 2852 6464 1703 3048 2065 9036 9130 6570 349 596 1512 8388 527 3230 287 8066 8924 8199 2438 9059 4183 2479 1931 2664 7974 4066 7426 2296 2908 1103 1838 9319 6036 101 6819
3892 4367 6563 605 7637 8821 9373 9254 8180 1955 5642 5082 6407 1696 7156 6326 8107 2444 5362 9734 205 6531 5200 7107 2325 5810 2133 1453 8137 4317 1033 5728 664 6322 5651 3846 6961 7886 9766 8231 1308 7730 617 8784 8684 4763 4935 8986 8712 5325 7520 1779 7326 9523 8047 2154 9154 8644 5374 4820 5734 8232 1285 8275 6448 1873 6469 8862 6692 3453 1762 6377 6233 928 2734 9162 3654 3556 4968 6854 6404 8731 9525 533 841 4433 487 9190 2233 6954 8887 224 4954 4747 7087 4927 1873 8374 3497 9080
1502 4842 8766 1505 8290 7356 9098 9269 5726 7653 8118 3086 5534 6302 913 9150 3434 5100 555 60 2108 5432 8973 9030 6333 4186 9832 7611 6865 5724 7389 5199 696 8553 3136 4506 6861 6013 9868 7114 569 8208 596 733 2634 2639 6402 6751 931 9092 967 5398 6544 6157 9320 2163 3333 537 5423 9640 5868 8911 728 7521 403 866 6126 3174 166 5979 117 8244 366 2230 109 7856 5365 9069 1196 3501 8517 4915 4177 9173 1377 2039 4117 8031 1871 9470 2827 8579 2471 1053 643 6386 5509 2230 3914 4784
576 6257 6538 4797 467 3489 2535 1400 9819 2341 9618 1064 8840 9959 5524 4780 2327 5093 22 9662 767 794 6659 2569 1802 501 4906 1188 5565 242 3978 8134 7305 1479 1663 2177 6977 3409 569 8471 1910 1197 4752 8775 6918 5548 6843 865 4850 5868 4895 1369 6435 3027 6413 7632 7129 5010 3934 6474 6263 3495 8747 4725 5816 3796 451 2687 1242 5924 3637 91 932 2053 2786 8674 1674 3854 6248 244 4494 6759 9773 6257 7119 2571 791 4197 8411 9617 1106 1764 4945 4795 5431 1848 9602 9550 8763 8909
5460 4666 1039 4979 7669 7736 4941 9979 2370 5422 1267 9743 5326 2900 7406 9448 7077 1823 9406 385 7449 719 9341 7892 3476 9029 2466 5801 4645 5259 9142 2190 1352 7126 7878 9542 9094 7084 3337 9499 4863 9240 8958 6598 7829 1632 12 6042 8832 9605 6381 8660 1010 646 9925 9000 2611 8679 1345 1744 1685 2671 9760 7613 2690 4545 1340 5274 582 5443 6702 6639 7897 7525 4969 7475 2402 3697 7789 6997 6228 3917 3624 2719 319 4315 3779 5335 926 5490 2727 6009 5546 9390 5676 8992 1961 4544 5384 9256
4113 8425 655 2478 5659 7966 1069 2334 245 3233 4481 3706 6402 6289 389 7959 2914 7078 9981 9202 6386 3117 9778 4342 6984 5689 3992 5032 2381 5086 7187 9941 3641 7284 5261 9249 7535 9204 8183 4054 7772 7646 771 1950 808 9288 1052 3690 7838 4959 9725 426 3007 9120 4205 3303 5135 166 8586 59 7514 2260 8738 4001 7181 1400 7551 8635 8070 5546 3867 9626 9387 3452 2772 3241 5876 8398 6148 2339 7914 8766 8599 4457 7282 4324 7711 4245 5236 6691 9239 2019 2509 8396 5366 7789 3623 4622 3700 1717
7154 1130 3455 9096 7602 2328 1657 4819 655 6199 5500 6269 4596 40 8658 3332 2350 2716 1877 395 3188 9512 3993 6805 2280 5570 5764 2392 8644 8254 653 507 8375 1417 7208 4301 9049 8088 8646 5210 6614 258 2031 9461 5649 1696 2288 7336 4294 271 3403 9695 1401 4560 9485 8835 767 852 5268 8300 1327 3415 5415 4036 1597 4546 1295 3630 3508 4004 8404 2377 4065 688 150 4840 4761 2791 5780 2384 3549 8248 9723 1475 1251 6706 7687 1525 8809 1792 2782 1378 2030 7686 257 736 7504 550 228 8732
2160 6932 9182 9689 162 8596 8294 5442 5474 8388 3058 6387 629 7907 3809 1437 4410 8083 2310 591 5760 7770 5917 6279 3070 1347 9708 6851 6788 8180 9006 4688 3598 1667 8614 6802 1018 1661 7274 7246 9723 9877 627 7436 1164 9081 1265 5044 4757 7206 8654 7057 6587 6074 7170 8342 8808 2283 4385 648 2387 6078 3972 6209 389 6376 2908 2489 6201 3356 1683 8507 6502 9270 4200 3580 4853 2110 4486 3767 4977 3379 6866 6512 9404 6640 4015 1203 7453 4200 8048 8346 3805 8117 6033 2308 3470 5088 7137 7647
5000 4476 4656 3725 4783 2158 2767 3670 6500 9370 8642 8363 6091 5855 6549 1283 3462 6860 4437 8913 9500 3572 9384 5233 8219 7565 5233 6462 7678 6779 5243 6915 8238 1654 2810 5781 5105 1201 4224 1166 3126 1731 5199 4099 7236 7540 1999 8370 6461 2551 7756 9999 2748 1978 5389 5355 6817 7544 6293 8233 392 9109 664 2647 4189 6391 708 8723 283 7081 1561 3793 8621 221 9952 1385 3813 9852 8319 9264 7884 6528 5508 1473 5001 4266 7978 2215 43 2510 8918 2680 3951 4097 2630 6692 8693 8459 6599 2915
9018 7481 1308 4557 9572 3872 2186 2827 7011 4944 697 2103 5325 8511 9040 6522 7023 2587 515 6113 974 7990 3572 5662 2569 8413 1413 3497 8328 8534 425 3401 6346 4216 8041 5940 8106 3115 5032 7659 4694 6519 1481 2126 7712 1493 6883 4040 3082 1089 2113 1840 2832 4764 193 1443 3099 8995 9677 9503 8612 4109 3266 5572 4308 602 7179 7142 6495 4399 5832 4943 5217 4958 3743 1061 4757 2073 595 5064 5691 3719 1828 3019 1255 469 35 5897 3788 3517 5023 584 7489 9646 7982 1923 7147 5994 3308 5755
1599 2470 5794 9156 1314 6234 1116 791 6757 2701 799 8498 2369 7980 2601 9567 36 3915 9420 3636 2105 5366 840 228 1025 704 4662 4071 3809 9625 4128 3554 3421 6657 8884 2200 6659 8349 3544 7403 3056 105 8455 2262 2096 5062 9267 8246 6436 8958 7117 418 4004 1769 8988 5797 6792 3333 9338 1213 6603 5416 6620 5555 4168 3477 772 963 794 5031 6378 8276 6039 8908 9082 7560 8136 284 9032 6995 1588 9366 7610 554 1901 5374 2350 2028 1444 4561 4961 5711 6238 8876 6480 9640 7092 9677 27 951
884 1176 332 6577 4904 8665 5917 5426 2829 1983 4801 4660 4256 2393 9897 4142 6749 1216 780 1909 9227 6685 6699 9483 382 6506 1680 1580 6914 9654 857 5534 3009 8510 8730 4197 3539 5508 106 6765 1730 6489 3438 8845 5910 1905 4282 6242 3768 4161 5035 2528 154 3548 3602 369 4176 7231 2770 5173 582 8934 7593 248 1805 8774 3191 6628 4037 5305 8392 287 5202 6238 5263 998 7735 6144 4226 5752 5881 4146 2036 2636 4259 8643 9447 2508 5349 6672 4134 3674 5349 5600 152 2546 6691 1122 3108 1480
8407 4601 8229 5650 9389 1504 5422 1519 4040 5663 952 3970 2068 8407 7401 4516 9383 5296 3551 717 9487 3923 3045 488 6740 5160 9470 6550 1870 4684 3835 8736 4660 6747 1989 2559 3848 2999 1405 3614 8825 9044 7709 3569 7602 6684 4356 6559 9505 2380 8758 4093 4614 8927 6139 4396 7405 9623 3635 7254 6002 2910 7631 4811 8043 4564 953 4885 2475 5493 7652 7273 1180 3494 7286 9901 3031 5012 5790 6965 2477 8191 9077 7247 4845 9064 4810 5124 520 8188 5037 6525 7780 561 7430 4086 306 6370 2740 5292
4572 1954 5308 6790 8085 4120 328 3984 6030 569 733 7131 3966 9700 9912 7126 1362 4426 7619 6355 1705 186 4271 897 2529 6755 8536 3932 6208 0 6882 188 188 1113 7097 7243 8860 3451 7589 4759 5698 5184 1850 6668 4920 6769 3156 6451 4230 1074 2980 3431 3835 6875 697 6570 1193 6536 1730 3682 3449 1153 8899 4618 9150 627 3855 4066 5538 4258 4151 2319 9729 4850 1396 8324 2737 9562 1370 3909 6985 7956 5337 7172 8016 4797 9601 9555 6687 9649 5615 5852 8501 8280 2452 3966 8979 443 6178 490
7679 4173 4026 1854 757 7661 7269 530 5531 8569 2750 3619 1615 6568 3621 480 3558 6189 6046 4977 6145 3756 4545 7869 4133 4873 7791 8354 8064 6457 772 8603 9308 8767 2987 4269 3715 4501 1487 8588 1820 6626 7015 1957 6157 5763 1153 1005 2007 1934 5493 8714 5748 7444 6017 9884 5684 8363 2331 9704 6047 6771 5308 476 4724 537 1820 5209 8806 6598 7035 8991 2234 9511 3339 4492 1143 9183 1776 4511 2063 8869 9243 720 5469 5915 1684 9040 1189 1355 4238 7265 9519 9291 3760 7188 7916 1371 1609 9519
5955 4831 4633 5021 1775 3942 5985 1805 4206 5568 470 8313 3151 727 6539 9458 8430 634 4698 2137 9930 9396 1368 356 4881 4705 2930 6228 42 6654 2995 7686 1382 7209 6563 7847 9571 3241 8759 2927 131 7721 970 8760 6807 4302 1034 7450 9628 3419 3424 3458 5860 6813 6378 3296 1462 2178 3857 6694 6693 1757 2295 3146 2101 7075 8741 1919 3371 1347 4737 6011 7812 2026 6192 7080 9672 2671 6923 123 7289 5509 8631 1378 7064 3314 2285 2663 992 3410 4318 8450 4068 7770 7723 4737 7925 2057 943 7144
6593 8725 3656 9204 1604 6147 4293 9149 4339 3255 7066 9762 2098 2236 4800 8445 8802 9536 5520 8950 4429 4304 6007 9935 5609 4413 5878 7536 9679 937 837 1097 9392 5239 463 6485 4818 5458 386 9707 9090 8895 1913 828 106 4470 8707 4605 8112 1387 5223 2398 6354 2443 4795 8122 7859 9056 7501 6957 7763 6509 4705 7997 7957 3978 7189 9042 2304 9238 3511 2316 6474 9704 8510 7737 9017 8154 7583 5456 3376 9805 8838 2141 126 4007 584 8734 3833 4428 7685 5663 9178 4207 1082 5240 1290 2014 6237 2548
205 3739 8509 3366 4725 9952 2869 4104 9786 6288 8745 3138 1317 6673 9522 4168 9744 4928 3858 7361 7323 5705 9111 2438 6671 4409 3518 9081 3570 6755 4535 7523 2979 8514 6739 131 8102 4518 7371 1886 6261 4936 2463 3261 8880 108 1775 5097 4273 5437 4332 5526 2849 9338 7157 5143 3243 1229 9487 9338 8039 4684 9594 530 6716 5036 6302 9395 2474 800 6646 741 7290 7341 168 7920 157 1365 7381 6162 9761 6644 3088 5327 7000 3359 73 7735 3032 1085 9394 5979 6137 8237 7611 8654 777 1324 3308 8418
5373 670 810 2608 5784 7029 5674 7003 6582 7245 4541 8496 7182 8776 6931 8242 5216 7463 816 7304 9382 8336 3063 5682 7449 2090 2407 5876 2606 6218 1821 2004 9687 7157 4535 6893 430 666 4721 3835 9242 2654 7938 8849 4067 7581 4953 6871 7696 1740 9471 5316 7783 8256 767 4043 8430 6035 3897 1759 9101 2429 2585 1394 395 3737 7304 8668 8326 1288 6937 3660 3062 933 6944 8216 7550 1083 3615 8479 3529 3323 6900 9658 8605 9466 8348 1418 6759 5592 6667 4655 272 1557 6847 902 8630 3927 8010 6048
7345 4893 2616 401 714 3145 8240 7008 2361 320 4873 5757 2315 3221 6607 1727 8260 7695 6035 9135 9279 2737 6863 7978 4364 9663 5840 9870 3933 9457 7756 7187 9333 3164 9467 8653 7217 160 663 2413 3667 6640 9705 6037 1802 7093 5778 4772 9357 3084 7146 7605 862 4181 4682 2969 8654 6733 6453 1260 2930 6708 5198 1564 1714 1356 12 192 5398 7946 9542 4699 532 8575 6459 3994 2774 6546 6859 4727 5204 1123 4420 3862 1985 5302 3467 9215 4540 2300 9957 3587 751 4545 398 1816 9007 957 7321 6761
4259 2499 3631 5766 8014 4931 9863 468 2174 4246 6369 1930 5916 3441 9670 2648 2675 1395 312 7250 6498 1140 3470 4199 9524 7378 1921 636 9280 8440 5858 5522 8401 6674 5117 2535 6415 6550 4355 3843 2038 6640 9565 2103 1591 4214 8699 9263 3340 6270 2228 6189 5311 2902 8795 7054 4830 257 9860 8403 1034 862 1350 2187 6389 6491 5493 4005 3107 4766 3978 2904 7513 909 1944 8243 6651 5970 9297 8408 8610 4355 5709 8663 8386 3852 5409 5298 9709 8701 917 1194 9184 221 9311 5103 5759 569 9040 2029
8569 5671 6833 5127 6792 9477 4921 5123 1461 3667 590 9593 9986 6288 2753 8005 8411 2437 74 9940 9920 3311 8972 935 4956 307 3479 4849 6996 1328 6076 4614 1790 9056 2235 7375 3425 6299 691 399 5898 6467 143 5494 6199 6190 4519 2528 4443 1895 8156 605 6367 1761 1911 1691 2529 9455 2512 6766 6933 4169 2088 8653 8548 7290 8537 3168 5775 9116 763 2317 8420 7198 5159 5440 5464 7469 8566 6226 4497 8992 8136 3077 2844 5386 3131 6696 8280 7601 2951 3986 7229 6806 1883 29 7561 7205 7346 8387
4292 5185 4631 5908 789 7627 2801 3372 9023 1105 2665 7050 6893 5520 5196 1453 6038 7314 6813 5299 3731 6689 7033 3372 1423 5086 5974 8908 4665 2561 7494 8184 1971 3027 6873 4013 6136 4878 8363 7614 8280 6987 8897 9791 5505 376 9186 5991 3173 2813 1284 7480 7805 1928 1560 2259 9945 8511 7358 1071 5589 4724 6154 5431 8372 470 8053 7907 939 3491 4700 50 4834 1597 4572 732 1981 9636 1642 9616 8693 7043 7313 3802 7954 610 209 9939 156 577 3185 5573 924 3893 1994 2377 3863 7085 4170 334
142 1140 4056 9361 1969 710 9113 2419 1510 9647 5796 2057 9647 8157 6309 7718 1319 4583 1258 4284 264 6172 1912 6742 1492 3304 8045 1763 461 8124 3536 1297 5286 9696 6597 9113 6602 4392 4696 5968 7747 8613 6411 3690 6849 920 2 1899 1332 2715 9453 1127 3932 7451 5345 3766 6436 6158 978 9013 8144 8921 8949 7741 9315 3620 8973 6818 4170 1111 3044 7908 3382 9855 9284 5185 940 7648 1165 9320 4133 2231 556 8430 5153 9588 416 7993 2652 3307 8425 3724 2911 1556 1479 8121 847 6298 8395 2526
5450 2749 9192 2515 962 9189 6346 7840 1267 8773 3602 5551 6106 7582 1295 5416 4159 6444 6415 6374 6313 9795 1981 2282 7444 8140 2835 9865 4018 1268 357 9472 274 5652 4067 8247 1147 8047 282 2772 1197 787 1315 7581 7176 6394 6834 8216 1396 773 5781 7409 6180 6635 1883 2839 8439 8776 2467 9291 5343 9412 9617 2119 4616 7089 4068 8537 4495 2762 7817 3874 5360 3346 6428 5347 8913 6738 1528 1430 4845 2938 6381 5732 7798 6330 9651 1523 9197 1956 5673 4319 1618 8829 9286 7381 6304 9729 6074 41
4919 6646 4023 8971 4095 4511 9182 9462 6836 895 3054 8637 1921 4256 9384 6686 2741 9961 2652 5140 875 1663 2752 8396 592 8484 6287 3333 9392 2327 4386 5181 702 4329 7303 1671 7594 6482 5047 7302 9693 1636 1522 4862 1695 1823 3618 3385 7893 7964 7112 3609 5703 3948 9484 2262 7001 5395 5877 2431 8814 8583 2620 2232 2515 7595 442 7570 6851 5696 1691 6003 2806 8241 8141 553 50 6139 9461 908 5308 4529 1586 6920 4288 2938 975 2444 607 2048 4479 1789 2950 6066 4533 7950 3324 7117 6854 8099
7949 2912 1359 6044 1408 1621 3454 8452 6277 399 8995 2530 2342 7086 4276 9515 7504 8058 5180 2051 3899 7132 1721 315 538 5931 2696 1302 3248 3506 4249 8226 4894 2303 222 4057 6726 1132 4156 4779 2987 8692 2174 5057 8777 8013 406 6962 629 896 907 6411 2230 3378 6193 9355 103 3762 2077 1124 2407 6702 6462 5898 361 6990 8215 3507 4592 2915 6624 5724 3380 6212 7816 7716 4221 9195 7579 318 2514 8244 7650 6604 7179 3528 396 7544 2208 5007 8656 6793 4915 8934 7506 7430 6715 5043 7979 3205
4484 9372 8383 8381 5252 9926 1178 9757 7048 2596 5443 5270 3738 1515 5833 8537 1173 2406 2826 2808 8288 6063 1 644 6222 4242 6082 647 3035 5208 5345 9961 8073 6564 5680 107 7888 6952 5721 3951 1763 646 9675 9296 5130 745 1755 8325 6445 1688 721 4309 7049 3263 1577 172 2626 99 6441 3131 7799 7803 6104 6936 1536 9667 9549 5558 9398 514 1080 3836 8412 6591 2738 6213 3641 1567 2934 3558 2019 6032 3517 9668 8123 8076 9551 3619 5237 4931 7992 243 9674 2506 6652 3328 5842 9852 6997 506
5205 5765 6002 7005 3567 6295 2388 3230 7963 1921 1433 2088 4346 2969 9493 5515 6229 5951 3593 1465 8637 6318 3456 8809 2074 5948 5408 9623 7388 9757 5688 1494 3715 2053 8615 2235 4407 8150 9054 6750 3826 8711 7366 6982 1727 9577 8421 2623 9654 642 3641 9985 2577 3961 8786 2692 2977 1561 9008 5401 5682 3861 7426 2985 5845 872 5318 9705 4819 8027 9293 6671 4848 5671 7598 916 3137 9072 1143 9913 950 7762 9252 6145 4855 3019 1435 5239 5410 325 4422 9805 7316 2765 601 3211 1278 1817 9843 2280
4326 1756 8029 2731 8898 7040 8896 5547 4548 9118 3535 4564 5717 1816 8560 8841 1454 4632 7513 8105 7492 6049 4180 7208 4661 4085 4806 1416 9963 1617 4976 710 3149 8218 1511 6284 5188 1825 3261 4347 2252 9826 5410 4808 9234 9693 542 5006 5383 4736 2388 8044 6446 6513 6133 2479 8671 2343 7231 6356 5028 2902 8215 113 4774 5920 4655 398 7479 1796 6700 6749 6359 5073 6090 3286 4689 5447 7646 2273 3202 727 7792 9132 3466 5348 7051 5237 5786 6782 9395 7221 161 357 8202 8545 7245 1106 882 7014
2170 8388 9051 6148 1509 6066 9634 2868 5788 8744 3196 95 3891 787 7049 8926 7735 9717 9743 5251 6424 8831 8486 6683 6360 2279 4834 9265 4353 2284 3844 5963 8433 2477 1962 4135 4599 1997 1242 7193 27 1574 1165 972 8862 4918 3641 2707 2100 6346 8867 8209 9461 1981 1909 2492 6154 3719 9996 7041 5022 1801 7205 5777 775 7476 7200 8147 1712 6908 4693 4667 3920 6994 764 3980 4446 1183 7791 1962 3154 2426 2411 8019 6088 3480 7479 6373 3885 3178 2714 6141 3088 5692 2936 1147 4601 8035 5226 7766
159 4040 1204 739 8841 3712 4560 3453 4401 3321 3778 3039 2541 5429 446 6336 7307 2675 3181 6846 4445 885 2241 3494 3278 5833 2205 9588 9617 5422 1610 990 9634 901 7411 2039 9147 2112 8508 648 1093 2236 7656 6885 8914 7024 2321 2660 7324 7140 5768 7036 8093 8368 8048 7619 7729 1041 183 2125 6994 310 6497 6698 9571 6135 4118 6133 5977 3602 1084 8009 809 6416 2325 2905 1171 6012 2409 7687 8668 6581 1384 9267 8377 1993 4459 7617 8220 8635 7815 194 7801 8480 3584 6589 5258 9130 4181 2081
3247 8031 4977 4434 5780 3822 9017 6716 7721 7530 6168 4815 3553 237 1474 3247 5139 568 7229 196 2678 5439 2860 6812 9292 9066 6088 8859 7810 7337 8408 3927 2312 2516 3174 543 5975 8114 8556 5135 6604 8933 8104 7183 3076 9594 8282 7952 7908 4593 8572 6477 8543 8899 3793 7825 3802 5597 816 8983 9956 7658 3061 1517 9463 8406 5792 8067 875 1401 7483 9107 219 2630 7722 6213 5544 5679 2288 6701 981 2000 4119 6300 1193 164 3175 6516 2982 2041 6578 8889 3741 7098 9000 1137 5817 9814 8736 6733
5535 4983 5595 5279 9742 1085 7769 9340 162 8879 4448 7809 8969 4660 1817 5256 5524 860 5725 5885 3365 6543 995 8465 4393 383 2840 9174 3844 4644 3933 368 3827 1924 5107 9346 6275 3871 7848 3636 9333 9855 4549 7837 6221 9527 5454 4128 438 6784 5805 7287 6174 8593 445 4678 9073 8638 6083 3181 4199 5748 285 8077 9109 7958 8280 8677 817 9561 6698 5917 872 1221 3044 231 9018 3318 7468 6877 2380 7624 3163 4820 3887 4365 9791 5596 3148 501 4386 554 1646 2629 1499 3977 2567 3718 4543 5964
1758 999 2189 2718 4107 7648 1006 1820 6841 1306 7048 1617 6085 7278 4644 8822 5091 6107 4075 1176 7861 228 8603 7226 8214 9546 1816 1900 214 2378 7539 9359 2389 5056 9415 2816 500 7778 6253 9843 4623 1245 8931 4413 260 5394 3186 7660 460 7664 287 9355 9087 3973 6739 5572 5230 8718 8148 4475 3283 1506 6384 2378 8650 5795 8875 2877 1219 70 1855 4121 5515 8793 6252 9054 8998 8788 6895 3312 6057 463 4645 8134 257 9936 5264 2295 8290 2472 2644 182 4351 2769 6810 9036 6622 4876 2152 8403
6438 6446 9385 9004 1425 9954 2902 3707 3072 9164 9046 5999 3125 5309 9678 5607 9216 5010 1654 2835 3469 3068 1352 6962 9209 6044 1444 9261 9899 7802 5793 536 8708 4998 2834 7640 7942 4246 612 8867 6928 4973 939 1107 7299 5477 3097 1441 652 1027 1571 5155 6174 4473 2017 696 5403 598 3715 664 1888 6079 4764 2245 459 1454 6424 1473 4918 1448 1049 7886 9028 6098 7913 9863 7010 66 5507 625 858 4458 8083 8422 3472 5164 5225 5051 7473 943 1339 920 5609 9833 9191 157 3324 5362 3567 6835
5329 2663 4634 3928 1300 8622 7222 8893 1941 9854 2071 8622 7578 6700 6417 5432 6289 3053 8791 3136 2091 3296 1883 879 983 4286 1079 2113 8027 7144 9171 6059 2473 9182 448 8565 207 4852 8200 8866 8748 8546 3218 486 2944 936 60 8193 6764 7104 2199 4808 105 4696 407 1807 6247 4523 7944 2805 7451 6936 4712 2073 8999 6627 2646 2474 2975 2307 1389 636 9316 2834 26 3982 6898 7655 6435 8123 2049 4571 3734 1524 6260 4357 6381 1818 6351 6249 2734 9769 4892 3856 3069 3937 9087 3759 4214 9274
4959 1937 2261 4074 1130 3448 5774 5465 8898 7914 6465 1414 3482 319 1637 1388 2679 7647 778 9404 5509 8010 1182 7023 7571 2280 5745 962 3175 4895 4472 7300 1592 6897 5183 4494 9807 4701 6653 2811 8474 9318 1414 1730 3975 8334 7313 6657 1159 5343 7728 9473 1648 5671 9507 4436 1165 8776 9969 3108 55 4480 3940 6971 4107 4123 5628 290 2133 4166 950 9511 3023 2502 5649 634 8304 3079 1907 7189 7140 407 839 6709 919 9091 6277 7347 8037 6559 8520 7631 4183 81 9811 8786 9470 4745 9221 4348
4457 5601 2112 5302 5471 9165 2215 6664 641 3242 6184 2177 7421 6932 7729 5179 3109 979 5796 1399 707 7576 4116 9927 5001 8625 8901 6104 5207 83 2904 5532 560 2063 8329 5546 6003 1489 1027 2141 7626 8160 8150 7385 7806 9592 4593 7372 1880 27 9214 3974 6626 9106 2962 4150 3737 1933 7788 2087 9210 2569 5705 4556 8536 8527 2524 4491 7297 429 4039 6473 4673 5379 3984 8944 4707 1477 5925 5094 7648 24 3228 7670 5205 339 5356 8068 9864 2491 9340 7010 77 4170 4846 8831 5676 8935 6509 5568
278 7562 9019 9645 2301 5624 6717 7802 3262 1863 1660 499 2607 2064 1964 9118 7888 6629 8447 2580 2791 1425 385 684 8444 3147 2169 8597 2396 1379 2900 5590 8799 6373 4920 5532 3760 6782 6839 5576 3640 9697 6458 5799 4948 4904 8340 4866 9564 6934 4782 880 7623 8130 6854 1967 1006 648 4056 694 5761 4395 4931 7775 6719 8965 3894 1439 532 5087 8614 7506 7403 1826 9367 871 7673 6951 2239 9849 5137 3779 8350 9405 6946 2448 21 3146 4844 5249 7811 7212 3472 3728 7417 9435 2389 3931 2347 8233
3547 9481 7621 4969 4999 4617 7039 1469 6325 9830 9257 6427 3987 616 8541 5765 4120 8900 7648 1478 550 6817 2640 3925 5899 5861 6991 3523 3215 3619 27 6536 7212 8086 6734 6686 727 9838 1895 2240 712 1696 5649 1632 4326 86 44 1125 8453 4748 2025 789 5935 7207 3908 6086 4321 6194 6290 898 6309 3204 5450 4362 627 5186 1829 6781 7790 7394 957 2686 37 8132 9760 2469 4832 8811 3160 9116 9541 3150 2180 964 5430 2078 103 9971 6440 2022 533 1647 7166 5916 9384 4794 8656 1947 9287 3035
8797 5894 3414 197 2197 610 174 8691 1625 8218 8267 9446 1693 35 6534 7862 7176 7645 4963 3498 972 9616 5785 2053 5185 2582 4052 9180 918 7753 3713 6127 4970 9957 6730 2504 6406 2015 5135 6277 4187 1558 4441 336 4094 9844 5205 1016 6105 5522 2931 5991 548 5848 6879 5560 392 6322 979 5040 3616 6467 6476 4221 648 1665 5158 9381 84 2477 9332 7230 2953 3118 6152 8425 8257 7647 3046 6594 5120 8503 6406 1140 4675 6869 342 7000 2185 1509 7145 606 9468 5593 8512 9760 6473 4041 1012 5249
5791 7852 8717 6605 2772 8865 649 8701 2790 9044 3819 9855 9013 435 7831 4921 6229 2843 9751 1835 1001 5308 400 5734 2160 1782 8560 3864 2377 7494 5794 3543 5010 3681 9642 1294 933 945 6930 5354 1797 820 2974 5552 513 991 2316 5430 9715 905 4331 2638 6591 3272 9902 630 1053 8693 5802 4223 2067 2223 7340 5388 9472 8228 2456 6559 9464 663 8178 7173 5664 7241 9757 7902 6400 2190 7438 1551 1527 3483 4150 3928 9744 927 4231 6474 7370 1624 3957 5247 5173 1661 4384 8664 4069 310 7476 2985
7616 6238 8933 2440 4979 2033 752 7832 7660 4118 8641 3462 6509 1466 3942 7244 4597 9594 558 4137 5592 6928 4120 2732 517 207 2033 4522 8285 5870 9777 7012 4075 767 7807 2141 5761 9858 6726 2084 6101 2334 2933 9424 7348 3020 7264 1458 5632 694 7812 2497 494 6278 1023 365 9101 2367 7608 6970 5662 8019 6853 2506 7511 2209 9380 8693 1807 9810 1243 9917 2260 1285 808 8870 5012 2073 5506 3338 3486 9878 3279 6714 1219 6677 391 9587 1881 7885 1666 288 4587 5382 6473 3803 5369 2695 5484 5221
2226 6715 4969 8261 288 5653 4508 5229 4742 2194 1511 9827 8496 8499 4789 8882 6608 6540 3838 6591 9647 3182 5105 8316 4500 7962 3558 9413 1948 3164 4505 7095 2352 561 7910 3639 5770 9848 2336 6817 4572 9661 1244 9766 9712 6682 6109 5098 1987 2238 1519 9314 8087 7241 4533 8358 6572 9832 3867 2770 3589 7503 4962 4608 802 4886 9139 5763 9716 9032 2391 7266 6047 7607 3805 2290 6534 513 6939 6906 7077 4485 2463 8992 2742 8725 9167 7734 6011 5068 1011 480 9104 7286 3160 2110 5572 5826 44 8020
4895 3609 6833 3504 1817 3458 4823 7180 1728 4619 6949 4343 3331 6739 9531 3972 401 601 3514 8016 7300 4230 2909 9335 4212 4368 1414 886 8056 342 9660 309 5719 9203 1008 957 4180 5855 3516 9656 2909 7525 9241 1835 1875 779 5876 3616 551 3675 1924 2445 926 8512 7642 113 9398 8720 9459 5074 9240 1183 5258 9706 3921 5693 4774 5708 1577 6684 8067 5670 1025 5711 8493 5304 572 336 3558 2313 9558 7283 9502 3781 2568 142 1163 8930 2471 6520 2093 4782 9851 9489 3305 6642 1536 8481 40 3878
7563 7731 2733 9958 6217 9051 2605 5391 3197 9247 6055 7900 9204 8038 5064 6435 3884 8922 7043 3131 5130 911 9320 2264 5222 7684 4289 6349 878 177 700 8204 353 6278 1384 8787 8350 1120 1565 8015 2267 385 1185 9835 9743 8513 2849 4991 311 7392 3414 2071 6279 5719 5933 3988 9235 2765 8099 8871 6305 8176 5259 4547 4617 5764 2134 3865 9641 463 6467 7574 3611 2638 9304 8432 8478 762 5580 2012 2204 7083 7957 8118 2105 8666 9977 6757 425 9054 9269 7685 6370 6578 2286 4829 4012 7399 2739 8208
7969 9627 2346 8539 2217 1422 8710 4673 8045 8520 4812 2551 7001 4372 3995 9996 6281 6303 9114 2535 3457 629 5426 3745 1691 8421 8195 3922 6147 2094 3854 1311 4728 7249 8398 1283 4853 9266 9708 6068 1606 7779 7899 819 7572 518 4816 8102 2884 2407 7488 8862 1093 8915 711 1392 2694 5861 150 5157 263 1315 4463 4164 8605 8224 8005 278 7031 4942 9315 7293 727 7245 295 3798 1943 979 8580 6883 1764 6571 5726 4416 9558 6138 7935 4479 3320 7533 5946 7795 7873 3150 4486 5697 793 3822 3449 9539
6901 792 5631 5867 5289 6806 9130 6327 6646 758 4434 6888 7194 2670 4107 1764 7145 1091 7101 2810 4280 2174 5724 7096 2993 5772 5350 7242 1042 6216 6171 196 8779 7272 1901 6192 735 4551 518 3598 2334 2948 2552 8094 5102 2902 5609 4619 5405 4142 7120 4204 2207 9709 6500 764 2105 2858 3910 6623 5974 8593 9172 4583 4066 5390 9913 7467 7961 5425 4161 118 7948 8852 5525 5853 8890 1374 97 1634 6532 2563 7930 4512 9083 2490 4084 4212 497 6625 8149 8121 5138 3081 2685 5306 8296 1556 9179 5070
8352 9932 8648 2767 6764 5659 2484 5509 6697 1526 1535 8421 5181 443 3499 1556 3093 7530 9915 3057 2190 197 7833 2526 8403 7355 9790 9767 6388 9867 7061 8968 7955 9038 4358 7013 9247 7349 8261 3865 3063 9501 7057 5783 3577 3210 2436 7585 8862 9605 3201 7272 6063 2555 3084 9468 2578 8385 6182 9501 9723 356 5010 9739 6220 9068 6531 7177 3251 2474 1013 1435 35 2659 2837 6265 7215 2949 4674 4501 3348 7934 8055 9038 8938 7693 9925 6974 440 9145 4312 5269 3774 9558 8700 3421 3517 5451 3464 8612
5619 1051 5178 8479 8603 9562 9614 9290 7171 9270 1639 645 9158 3243 6494 6943 6396 9995 9436 1562 112 4528 4192 6909 2685 6977 615 1812 9788 4065 7383 2612 9277 4898 3885 2271 8480 6832 4918 6759 2972 9121 4535 5559 1480 2193 9078 6255 8346 7096 4972 4760 1676 5491 5290 4071 7676 5874 4940 8883 7916 3186 4308 4774 1787 9880 1287 934 3724 9734 330 187 459 3309 4879 2119 4631 520 2072 3650 3118 7856 6783 8733 3390 1498 1565 2069 9186 3582 1689 5433 9875 6023 9748 318 2195 4833 4044 9229
9094 4565 8772 7239 1168 8397 6423 1326 1551 1257 7839 5408 3207 4259 4356 108 3631 146 2036 9276 8341 3865 1257 2436 4113 7219 4537 8744 4543 9768 2901 3215 5288 8916 1686 9570 9697 8144 4525 2146 5440 8813 7327 5340 6106 3299 758 5678 7111 5938 5837 4747 1028 3033 2357 3980 7696 3416 9178 9178 4653 5695 9929 4855 2551 6593 905 5441 9228 3195 5706 2010 1984 1524 322 9812 4321 7427 7470 6026 3471 7696 9146 4992 4851 4787 398 4147 3220 6552 8167 5716 5802 3022 7535 730 8263 1963 1852 9269
6550 5213 6211 7990 8965 7448 9785 7811 5381 8026 6862 9442 1568 3834 241 7342 4777 9875 3822 5174 684 7843 8112 5332 2174 2641 7885 4782 8431 3497 937 5070 483 1606 1318 251 3078 9325 7184 4530 3815 302 8679 8672 4761 5256 956 9339 6428 4384 5916 6714 2977 2573 4945 3990 913 6089 6693 5370 984 2891 8550 90 5589 627 4880 1110 7524 2897 4683 4264 1748 9806 9345 1135 3486 1687 5194 2662 6697 9118 1524 4120 1021 3011 5521 6149 357 7819 3726 7187 1557 5068 4168 1632 4740 5211 8615 8427
3941 328 9929 3936 6209 7389 2294 4392 7759 5896 7639 5438 5743 6442 3627 3749 7948 8663 305 306 2757 9263 520 7934 2969 8845 2201 4631 8232 2338 8671 7285 4507 311 5898 7088 3945 3447 4063 9382 4103 2428 2113 1944 1879 579 8677 1547 6840 9929 4377 8167 147 8379 9935 2272 316 8869 2798 1424 7752 6239 7470 1004 4316 4448 4555 1705 4531 1887 6058 6287 1350 7679 271 8013 1806 6073 1138 3200 6156 937 4238 193 9793 4829 7989 4348 4600 6240 7195 8494 7183 4805 5457 3597 6996 8877 7362 5341
3722 1269 6119 5611 7596 9983 3539 9478 2567 5997 2048 5856 3918 6776 2994 9739 3762 1176 6590 6437 9187 1369 6892 7760 4184 1368 3484 7804 409 2884 5422 8274 481 8209 5391 6193 2308 4959 2083 3694 9028 6882 4956 2906 892 1667 8611 5485 7079 9169 9210 8012 7661 5193 3665 2629 5472 4101 7749 7984 8142 2297 7527 8290 2932 3064 6684 6793 8821 7241 2269 4134 1723 4164 1184 9283 761 5827 8417 696 4661 2564 1774 5760 1995 5703 6166 7301 1193 7717 8505 1674 7437 5764 5550 8951 8992 1428 7493 1235
4546 2303 3513 9346 4992 8602 2727 90 590 5649 9218 2656 9913 8296 9039 2864 1221 9313 7543 1237 9083 1118 4995 4783 2829 9423 7526 1880 6436 2819 6900 1237 8231 3661 6005 5780 6341 3426 9550 5435 6767 6543 8515 9387 4087 9508 5473 7680 1424 4104 8980 9468 9995 5653 2899 3185 6698 602 1400 7328 5652 2017 6481 6437 3693 4877 8088 525 1344 458 3974 8589 112 2314 5703 1435 5947 6383 3246 9252 5482 6775 2524 8065 8775 567 5343 6910 2172 8463 228 1153 1482 9780 8463 4683 2055 8169 5774 9715
9777 7580 8342 7560 6984 9434 6982 4630 8427 4729 1688 9205 9966 4477 9659 7723 6000 4712 670 786 586 988 2521 2636 1380 4365 9197 7932 1132 4401 250 3233 3744 8255 4345 407 9439 4850 3999 3093 9681 4311 1139 7217 5440 365 7235 866 5381 2576 9092 7987 4581 4761 8364 8492 666 7415 4246 418 5419 9443 7783 2481 9142 9935 7825 3465 6492 3434 2775 2206 3522 4826 8906 4259 5951 2958 5783 3463 506 4848 934 8782 1331 6862 8298 4932 3638 8136 9218 7063 1045 4269 9072 1794 6574 4063 2651 1006
4724 4424 6931 1998 4962 7641 436 4489 314 189 6083 7918 9340 9057 3567 9920 7271 5515 6682 2134 5399 3238 3764 3499 5105 5165 5090 1383 8117 7318 3001 8473 7655 9236 5626 6241 1839 1596 699 164 2189 1030 7253 8265 5281 1797 3187 6525 7633 17 4847 1078 3435 8097 4535 5304 6737 6440 9291 811 3029 3357 3644 8651 4900 7955 7764 6215 7955 3372 4274 8582 9531 2798 7846 7422 90 8318 705 7364 890 7658 9007 7401 3959 694 9058 8022 2043 8213 9469 2898 7443 4046 2788 8207 5885 4491 3407 2019
6174 876 3988 765 8420 3394 9049 3352 8148 9631 4524 9091 8188 1414 2286 4754 3743 512 9378 3840 1561 4767 9832 2030 8770 8376 5638 9439 2705 5033 4567 7140 6960 9602 3741 7377 460 5576 6064 7469 9888 5270 6176 2478 1986 9555 1370 1279 4054 9903 2762 1443 1834 2239 1518 3321 2066 7397 8651 9707 1848 5567 6090 250 375 8606 1094 8270 3688 4442 6607 3419 6303 5572 9080 6430 5720 5643 226 3989 8566 6466 1903 5485 2494 4920 5548 4909 5921 9540 1562 2238 4736 4774 5364 3825 7897 5799 3618 9754
3909 6651 9477 4352 7105 7817 5647 2261 9413 9315 111 3703 5733 8240 5478 37 7436 2718 5630 3722 7386 523 7230 8259 1499 8795 918 568 9633 1980 3800 8738 9274 6064 6408 871 8722 9452 1833 1363 6101 5713 6015 6901 7246 2137 3055 6255 8634 9113 9527 5981 3042 6036 4879 7432 3163 6599 7989 2438 535 8657 8240 6338 216 4037 7183 7082 4002 7767 7516 1374 2005 9802 1078 5690 753 5875 7806 4372 911 905 6998 2470 7161 5714 6708 7486 6812 861 459 3135 722 9901 3819 135 2755 9773 4446 3784
2458 2194 7135 195 6730 9245 6949 5632 6249 2115 8669 1185 8806 4547 5342 6173 1338 7658 5442 5505 2487 8173 1469 7026 5888 2729 2926 7847 6649 9762 8010 2116 6656 7051 1938 8648 4611 5865 13 7048 8419 6179 9030 2686 7995 4060 5614 2626 1070 7178 8796 3404 1060 4521 4564 3155 9146 5749 4506 9710 4637 4799 7738 8561 556 9338 990 1861 5746 2708 7920 5341 2843 3685 7576 6509 491 9727 1056 7055 8478 4303 7778 8272 2862 6846 5714 8306 8162 8856 377 9409 3659 6671 4001 5692 3709 6525 3458 6189
3949 3925 7270 6799 9015 3315 6085 9768 5721 4988 9742 3743 2382 3576 5117 4375 9744 9015 1669 1504 6954 7725 202 4055 717 834 9480 2806 8129 7577 8679 5350 1524 9169 9305 2636 5045 2937 2495 9003 3506 5816 5744 9644 2939 6545 2437 4427 6360 5413 6875 5546 6608 8912 4628 9147 2983 1041 3557 1238 5040 2763 2645 4285 3114 2799 6954 195 5957 7116 4741 2002 1378 9905 4220 9955 8527 3153 5242 1950 9529 7021 2229 6228 8467 7704 9881 8942 151 1598 1197 4403 6932 8155 4892 5883 3443 3349 1696 5132
2278 719 7534 8222 2124 2221 4316 7959 4875 9441 7100 2425 5816 1427 6981 2588 1001 41 2851 1490 4243 6515 4037 7745 2102 1012 6038 9913 9007 7959 5654 12 7611 957 877 8266 641 9969 2416 6146 5050 2604 9386 4820 4607 847 7994 4169 514 8387 6771 3661 5479 1823 381 13 7929 8446 206 5036 1953 5671 7295 5587 1671 687 3875 6303 2107 6490 4488 6341 6059 9032 5539 6887 939 7931 1259 3952 7846 7919 6320 9631 5008 4872 1728 4828 2496 1926 9171 6218 1368 5836 2263 9263 8255 5536 7913 127
4303 85 9494 9836 9396 1003 7330 6557 4904 7032 1492 2497 5203 5389 2682 1974 7869 8372 4345 7964 7002 393 6911 8920 8608 8527 3060 8849 1182 9249 6901 1838 9839 6351 9466 6801 7018 1747 9400 2397 2142 9702 6825 6429 1404 9799 323 2548 5202 7477 9141 9607 3000 570 9941 3882 8901 4472 642 6824 8336 2787 7438 6710 6603 6569 3682 6198 864 8525 4723 9953 1713 5836 2785 8838 2971 486 8672 9219 1854 4390 2695 6002 6818 9572 8620 419 1512 2498 9988 8281 6758 2834 3901 9839 8076 501 3011 4798
5422 5074 9880 9276 5910 8832 1762 8750 2745 665 986 4570 7993 8193 1804 932 9233 8303 2147 7672 3736 2744 4208 9893 7671 4197 2580 590 7272 7758 5368 7003 4904 8578 5343 5863 6685 9289 6802 5409 9304 7323 9522 9300 3190 7916 5831 4284 9996 8631 9034 8909 8922 8136 8571 1252 608 9936 281 2322 806 1624 4965 711 5253 5430 8909 5075 3928 7481 4486 2433 7314 1915 5896 7518 9442 7651 6310 7730 8573 762 1746 7522 5942 5825 8465 2983 5820 6814 7334 6779 438 8180 7853 424 1443 5126 9516 6924
4456 7609 2955 1327 3873 8505 714 6158 9258 4681 6544 2325 2928 6900 9911 6357 3990 4049 6914 9173 3476 2180 8851 2421 7947 5346 8401 3539 2009 161 7300 2583 4268 3466 6265 9092 1589 4431 7452 7782 1609 6428 5344 3506 9938 5132 5727 5120 1078 5571 950 3729 3936 6737 9249 8019 5244 7589 3817 9147 4844 6676 4233 2767 2093 6560 3496 9890 8559 8850 8966 8328 5825 8988 6583 7536 8637 7105 4589 4152 2536 484 5730 5571 6336 8325 6058 9646 7121 5140 8276 1594 9850 3822 1518 4921 3566 6929 5206 7801
3020 7570 5667 2110 7927 6137 8803 881 156 9819 1317 8151 4141 9387 8356 3038 4899 4648 8522 8807 6302 1668 7262 594 5332 5865 287 7218 4649 8780 332 2755 9885 1272 3307 7780 1470 8637 5303 7156 5467 6276 7838 7437 3322 8142 130 7077 9125 9264 5568 4268 8622 2487 5066 8489 8737 5749 2339 7004 5278 4596 8247 5371 2796 5166 1280 1142 2299 6004 23 2557 6415 6060 6914 7284 7714 2022 5939 3451 6828 6440 7404 4872 7352 725 8150 5730 8289 2962 6291 4307 3073 8949 5627 4781 7325 8119 5526 6251
6150 2023 405 5305 3865 6547 1974 133 7138 6267 4074 8993 2019 1415 7090 1992 6768 9909 8312 2695 2676 4075 4409 4893 513 3714 3096 5607 3053 4951 3407 802 9258 3252 5635 3909 9167 3540 3473 3836 5624 5648 651 1180 5878 8217 7922 8673 6440 8877 1222 9021 7431 9219 9934 6832 1351 386 1621 5209 6989 1910 9464 5927 9936 5118 9363 7325 7872 5821 6204 6641 5517 7305 7898 2850 2541 7079 3245 7690 1383 1229 2469 7876 3950 762 7412 1660 2783 9386 5946 8177 4848 9182 1405 7439 8894 9079 3613 4038
. 332 86 166 500 333 968 477 555 396 244 949 84 912 287 113 327 102 120 921 913 442 9 428 608 789 620 440 452 721 433 240 266 832 139 294 872 1 941 12 573 714 771 337 909 743 977 . 89 6337 1550 9943 3426 2070 2271 8352 5150 5660 1366 8791 4610 8961 6413 1116 4665 3596 9868 6748 3919 9442 3635 4404 5334 6503 3754 6524 1127 7246 791 4277 1600 6787 6763 3938 8527 4774 6752 1614 221 5869 8599 334 6531 1209 9658 1626 1140 3256 3206 7788
121 2505 4449 3780 1378 5114 8999 5323 6222 7856 3688 430 7047 8733 6065 3433 8255 7559 4448 5058 2283 2549 6896 495 3434 8660 2870 904 5782 2513 3612 592 9024 9693 7399 6257 5342 1163 6515 3199 9012 7550 5445 3933 1771 5995 7146 6263 7241 7185 1042 3488 7069 9657 7198 6820 1271 9601 6357 4159 504 1229 2943 9963 2234 6146 6711 5304 476 1726 8565 5745 8864 5054 7018 7192 4396 4867 6765 9243 4863 6470 6023 78 5424 5634 8295 688 2903 7927 3542 8532 5875 1985 6351 9323 2509 1014 7431 675
660 2971 2295 5157 4403 5087 5312 946 3541 7345 9140 5000 2700 2649 8481 9520 7044 7117 6362 3187 9902 8897 3776 7297 8330 1377 324 4952 3720 7193 9406 2695 8774 5843 7780 9919 7741 8560 9527 1559 6945 8506 2121 4310 8328 6788 305 3234 8645 6530 317 2729 3443 9188 9178 4775 7044 7040 5881 9431 5183 2514 7720 11 4146 4036 3076 7548 6433 7309 3890 3639 9913 8122 5059 5060 7767 9367 4580 2311 9931 8840 2152 3594 1125 9559 66 5512 8391 5569 2205 9266 320 1799 9002 9728 643 7910 8096 9665
7620 4032 3518 5467 4458 4800 6785 3172 5047 4466 6353 9551 2994 9701 7990 4976 2281 4119 8915 9705 1009 1364 7046 3304 2107 6412 3898 1248 4891 3150 5350 9032 8117 6803 3702 8406 3878 7720 950 9423 2276 394 7029 6696 413 4619 8164 2874 528 4716 6385 9617 9851 2792 155 1742 8845 4983 5354 1261 8399 1367 1543 5834 3897 3391 3117 6160 6685 3937 4847 4651 2645 6311 1607 3397 7546 9504 9574 6660 1779 3489 1753 5744 5014 9627 7879 2375 3265 8707 1474 690 594 1462 9413 2440 9901 4204 1728 9425
8077 3715 9819 4997 7057 4611 1797 5378 6051 646 826 3275 8941 4527 1798 4969 9475 7044 9666 7222 336 3095 8710 1083 686 211 9553 1444 2479 527 8687 4541 6367 6476 9140 1384 3555 7266 3310 354 5809 4520 7356 8279 4348 6859 5254 4751 5803 4353 1340 7317 1703 6256 1074 4003 3709 1145 8786 2162 5173 4606 8499 7560 5076 1376 1845 5924 4411 9690 6051 9535 338 6830 2259 8989 4642 8919 2975 5259 6648 4436 3316 2261 9167 1871 3551 1152 3981 928 3622 4891 7545 9231 6808 6832 3574 8267 2334 2894
7903 2273 8165 612 4954 4989 8834 8348 115 9508 2523 4090 9733 3521 9970 9059 3842 3500 4723 2798 3480 5331 2090 9843 3886 7077 4516 7855 1713 3783 5411 6725 7631 6097 6449 8872 755 8326 6989 4720 1657 3940 9124 744 2704 4637 8217 7676 5654 5611 1988 8350 5022 2014 5503 4483 5321 7763 8505 3411 3706 9325 1234 8446 8157 7281 6929 3624 6767 8723 1594 3105 4888 8441 5066 7174 4663 5821 4996 2185 6669 8048 1346 4390 5688 3502 9679 268 2345 9330 2227 9364 1232 1306 4884 2649 7125 5559 4412 6046
2811 8867 9851 7811 6147 3361 7660 8877 5825 2506 9626 1148 3852 3543 6169 1316 4139 2294 9903 3510 7014 8049 732 7597 9833 7917 1484 3555 5229 6801 696 1620 3851 8187 8811 1967 9311 4948 3059 1351 7235 4616 9162 1837 2775 2675 9957 5924 6560 8037 8953 556 667 7875 7269 1242 3710 6928 5019 6309 6501 308 840 825 6445 2884 2039 4401 7826 9194 7375 4854 3151 9174 4829 3913 1022 4866 2423 3014 6841 8676 4763 4003 8822 8287 2047 124 7780 6461 1834 3815 3918 7623 2456 9719 3925 5276 4200 6046
3965 7530 3409 96 9486 2386 3059 9445 1621 3749 3198 6622 8109 3813 1861 3644 2487 1510 4361 7198 6546 7470 6789 5329 7616 6840 5533 816 951 4471 455 937 144 8928 1479 2463 745 5459 9221 9946 7072 2222 2758 8566 1172 4408 1162 1000 9165 4820 4223 8358 588 8802 9065 7179 7525 1112 212 5587 3 811 6381 3230 2520 2551 86 9908 8571 2197 6065 7481 7142 8718 3210 7191 1974 2519 5610 1042 5154 1468 7452 5305 6284 2471 9017 7323 4275 664 2760 5091 2478 3237 5949 7878 2446 2000 289 4665
7082 7095 6518 1169 4215 7522 4337 2964 440 9455 357 1279 9842 2639 6567 8803 7817 2914 2478 8802 9855 5543 8641 9749 5635 9737 7412 3062 9691 8995 8214 1331 8797 8174 2655 7855 3873 8747 4984 6291 4852 766 3726 5908 1959 2607 3975 7006 8728 1998 4974 4756 9386 536 4598 9060 1356 1150 6017 1647 9805 4904 235 1488 2551 4226 4890 891 3437 8066 9570 9258 2429 6499 8829 6520 423 7828 4562 6215 6260 7944 8222 2458 5425 4217 297 672 2355 802 6401 8677 1804 7958 4101 5830 7625 7600 9001 2625
7425 2062 7630 287 5577 4620 9075 6477 1186 6433 8254 8959 4895 1727 2362 7211 7273 8560 1826 1176 7971 2038 7192 4959 7924 7067 3340 8588 3474 7300 2547 2424 2134 6521 4534 2567 4529 5884 1350 9456 1346 3674 5098 7453 5327 5158 2570 6217 7885 5045 5200 6224 2837 4713 5856 2200 3860 5254 9201 6370 1649 5138 7884 777 9837 3767 1572 5408 7780 9241 9371 6585 4533 9651 8024 1515 9401 3309 8363 3694 2999 9595 8794 8837 8503 846 4290 6953 2101 8029 3677 1765 1422 551 7796 2755 8012 5561 9020 5701
3534 7501 1384 2602 6617 3440 2768 1191 3680 8265 569 1891 9092 10 5434 5576 1884 6848 1516 9414 9249 734 971 3205 2693 3660 5528 1379 8246 3104 3661 3347 7449 9611 3427 4316 7071 9166 3460 8383 2906 8027 9356 9766 9899 6621 3281 8500 7586 2276 2771 2176 7881 5732 142 9433 3705 4231 1432 9404 535 9704 2829 7948 3469 7638 6107 8698 2136 8456 1356 8230 9629 394 3490 1400 7278 708 9652 6120 7155 1233 4222 890 4024 5224 6654 2816 9522 2054 2448 7700 7589 2422 4777 1862 8341 2801 9051 214
2217 5930 3682 3629 5518 16 5001 6454 3056 9563 7728 2568 2406 4146 7545 5258 1088 1995 6521 8417 5030 3335 5414 6113 9366 1683 7685 9675 8012 7833 8782 5578 6030 7174 6261 6735 7697 7947 5752 3005 9351 8793 8509 7896 5281 2523 7245 5262 784 4474 590 3489 7165 5863 6336 5853 2483 9454 6346 5325 8710 3845 6133 8481 4061 5002 3596 333 630 6783 8132 4803 4375 7849 8402 1301 95 5718 2188 2677 8711 6072 8431 1764 8476 7718 8210 6845 9902 6054 2685 7231 6877 406 7973 8041 2096 249 2229 7753
2333 2560 2645 5220 6232 9830 9464 341 3044 8934 5887 4239 1639 127 3807 3418 9068 5852 3838 3448 4118 1519 3571 2525 1524 7461 3943 2969 5221 7545 445 3444 9182 6392 3806 6365 6223 5450 273 1953 8186 9538 1143 9265 1503 5839 563 2038 8387 8747 2755 9138 8290 2840 7769 1500 9526 6616 328 4289 7177 459 7047 6015 908 8161 7479 1997 47 7860 8149 5990 9383 7765 9837 1951 7195 4269 8259 5786 5496 7498 3839 9952 259 6403 8690 4534 7870 8964 785 9377 7973 7372 9771 4880 4874 1541 1656 7738
7916 9169 6051 4669 6129 5275 4732 3362 8815 6721 3238 2196 9748 4685 8742 2783 7364 1146 3370 6757 4086 887 4667 15 5925 9764 7398 4106 7651 6006 3483 8950 7819 4578 2804 3465 7826 9271 2238 3565 4257 3027 8201 978 3890 2357 1965 3056 1991 9462 8753 7668 1840 1875 4031 492 8066 8219 8379 9777 1352 1874 2374 4243 3695 2359 8370 3254 5267 9328 8521 2026 7520 9745 5535 2378 6963 692 947 7473 9724 8767 1508 7448 2714 7080 5354 174 7903 693 7644 1521 7040 6582 7615 8002 8208 9006 646 8873
1153 5903 4003 2527 868 3935 8207 5755 4639 3802 6072 6557 1505 9340 8052 5614 2148 8977 8222 2904 5756 3720 5524 4106 6456 7728 9532 5578 5121 77 9441 6694 4434 1332 8415 3024 9122 8545 1682 1932 314 263 707 1489 9808 2676 665 4637 4893 3232 3698 2432 5433 7873 7331 1744 2406 6702 7955 9950 8678 4330 1151 22 8466 8562 9334 3261 1155 5300 9522 1253 867 6774 1639 7630 816 8690 6338 141 4424 9395 6543 8661 8998 1542 1646 7663 3186 9765 9056 9694 1434 6034 6787 8947 8190 7433 2728 6781
2951 7355 5589 7613 6196 2149 8473 7706 2222 7273 5996 4659 7989 9009 6239 6813 5436 9441 5264 575 3469 2536 3260 8999 7241 5610 3883 3648 7020 9756 2109 1563 164 6366 1316 5153 3596 3308 7248 3828 5018 4876 5184 2453 7468 810 8175 4371 372 3389 891 2905 2111 1389 8428 9837 9013 7847 5773 5472 7682 9216 5536 5442 5346 8671 8181 502 5624 3835 243 1437 4236 8385 6310 1473 4521 316 3211 766 4494 9856 3410 9676 5572 8133 6736 3273 6388 7764 2276 6458 6573 899 7326 8433 4643 2302 3433 2685
5474 9377 9270 4991 4537 8113 9134 2404 2236 408 5938 3774 1676 7629 7975 2531 3004 6358 9349 2437 2109 3491 2268 3994 3314 2457 6122 2065 7439 4386 5829 9356 8502 2664 295 8742 7177 2799 1263 4743 6910 6876 418 3154 4736 6823 7479 4844 9462 4089 3797 275 1626 5765 7164 6323 6435 9139 3322 1085 4545 2028 9584 8625 9674 3117 1503 7585 4197 8096 1222 8852 1058 8741 1247 9979 8410 5908 3465 5305 4624 4330 5828 5621 3265 7252 6154 863 7146 2806 4445 8620 4528 1397 7368 1886 9501 2013 6578 8348
3092 693 1149 6792 1148 6570 9810 3862 5900 24 1127 9779 638 1978 1653 1798 6478 5886 5755 5736 8868 1153 5854 3476 6814 9659 5179 6140 8764 7148 9580 6241 7874 3380 1923 2939 2701 4553 8213 9549 9500 9693 8661 4207 5326 5020 3952 6558 4928 1567 6825 6580 9300 518 985 1696 2170 818 3302 3296 6582 6488 5708 2379 7790 4375 4582 4311 1916 7835 5714 7680 174 5502 4240 7304 2308 3479 3352 1238 2562 2060 5852 2937 9248 6099 1016 2583 4108 2453 8989 7500 9862 752 5422 6644 5205 497 5995 2788
6123 1916 6316 4272 5286 3947 2940 6396 6800 1269 171 5149 7018 2517 5567 2828 8020 6648 5781 5417 7589 8605 7653 2086 9244 7149 1751 5206 4666 2210 4728 6568 3460 6851 6955 6454 3775 4057 7633 9740 7119 950 717 2922 7210 2349 4382 693 7561 8309 4581 5489 9343 954 9559 6555 3446 3279 1211 6019 7662 4 9584 5392 8265 1572 2447 9258 2819 5157 1149 3687 6115 3357 7532 9582 3864 2191 8837 6900 5078 2182 6125 1939 6642 3466 8947 2863 2675 7110 7455 6544 7163 8761 6377 3801 2552 3710 7760 9465
3584 696 8911 871 7083 9636 510 2056 8195 5846 8482 8641 72 6846 222 789 6973 4035 9530 4556 895 967 6950 9494 80 6274 9192 5009 4563 430 9473 8834 511 6192 1833 5303 7709 5620 4632 8033 4780 9712 4746 6717 5964 8141 2310 3410 5037 6554 4421 378 2486 1161 14 3176 9406 5784 2627 8117 9445 6304 1247 7846 8828 8214 350 4641 6185 4623 1989 5228 1716 5237 2755 8349 8386 9533 122 8714 5935 2518 9209 9680 2149 2132 268 5626 683 1846 9266 4143 9557 6072 7875 6669 1125 8672 5098 9732
5464 3648 6375 5177 6858 2505 4437 238 1995 2760 7172 829 3824 5905 9374 6856 5595 5352 2332 4112 5204 4328 2608 1780 5123 9888 9174 8297 4112 2498 6797 5300 4647 1958 6643 4515 1539 4224 9859 1158 5644 9752 1682 331 6080 3522 354 7364 3862 4447 3153 2370 2296 2256 4918 7412 9959 6824 350 6254 7401 7577 5166 4176 4399 1342 9845 2166 8220 8324 3120 3837 9610 4710 5343 4172 2260 4028 5311 9946 6388 2812 2221 7082 1659 9361 746 7462 8295 7786 3547 8291 6648 1319 7204 8011 7780 6342 3431 8821
9765 3512 799 8834 6535 2748 7661 5857 6468 7171 6922 2374 6422 8789 3006 9068 2008 3738 7140 6459 8034 6421 4631 5359 3163 6669 9010 8221 6436 8 3779 9898 4010 989 4918 2409 1738 1677 4465 5621 7504 3529 1675 1046 9447 6603 1121 9596 4639 8478 668 1331 1133 1610 728 3155 6749 2495 2122 6580 3336 5973 4345 6698 6646 94 8006 6750 8644 2461 9142 7807 418 4086 4117 8020 8077 4799 9503 7679 9515 1492 2728 1042 3343 78 9160 2438 8714 3769 7023 4241 5593 2730 2907 9689 9270 4154 798 3168
8392 9432 3417 6555 5186 2003 8260 8609 9957 588 2057 3048 5197 9831 379 5013 4304 1994 8782 4772 8135 6747 9437 1268 1939 8395 2299 496 7730 7852 9841 4261 2535 2553 7779 4428 9598 2360 9238 9188 5442 5358 5284 9893 9380 4893 9151 2532 1950 7961 3450 8994 334 2788 6244 6926 1082 6284 97 7742 1564 7914 7029 4261 5047 5651 3648 1356 4097 588 9794 4936 8039 8331 7081 9247 7725 429 1945 8250 8502 7479 6005 8176 2081 3460 7513 6289 7395 3907 441 2207 494 5937 3804 1502 8367 5786 3214 6149
5095 4873 3288 5498 9390 3534 2793 8944 4785 1331 5942 2941 9811 1843 9879 3442 2464 5060 25 9599 6944 976 1530 1408 4926 8485 7071 4320 4899 57 5692 8663 8993 6448 8719 5368 7811 8810 9093 9058 2390 3487 2930 3522 1933 8443 5261 7903 4749 7861 5050 2085 8201 1413 8526 8151 7375 6715 2075 7547 2341 480 9246 3940 8373 9469 7035 2634 4764 1250 5490 8325 3685 8317 2582 8198 6796 5575 7478 4301 7021 8177 3277 3435 1502 8975 9627 5900 7080 105 255 172 9256 9257 8706 7633 786 1282 1623 8956
6293 3384 1046 8367 2916 9536 7169 7244 5161 7628 3649 4864 9110 2723 1274 6937 6243 9199 2504 4349 6533 7200 2852 7158 7785 288 2712 5670 8134 7645 3289 1682 3837 2923 9520 1565 1959 8824 4042 8485 2028 2728 5263 5277 4816 8860 2489 6039 7621 8309 7705 5811 63 7503 1641 921 396 6425 2355 5490 4845 3923 7335 4119 1981 7405 6983 2273 3727 7393 96 6316 2135 9505 7784 5404 1394 8115 719 3977 3495 7982 756 2811 6392 2125 6565 963 2825 4045 9213 2823 2887 8718 7615 3300 5141 6118 8756 3271
880 779 6102 9063 215 9889 7249 7592 4148 8705 4354 715 9117 5126 670 4887 1037 292 5944 3191 8262 2950 7215 3025 3152 3918 1470 4672 7678 6092 9615 4118 9582 4860 5491 3474 9577 6451 2959 9112 9445 9917 3153 5681 8006 5449 6134 3949 674 2904 1006 7128 2740 4141 5284 3721 8545 967 3169 2712 7023 9332 6876 743 8272 5690 1540 7835 1577 1203 8831 8403 8331 1703 7811 9299 2123 7331 6330 4332 3331 511 1718 5910 9773 8956 6044 6724 8463 4885 1675 1657 7487 1536 6477 1638 7597 8377 3424 9640
6955 8597 6165 8331 3591 2184 9483 4879 2698 6266 5367 2238 9924 9461 1808 610 7182 9579 9953 4514 3612 1692 7433 1530 1020 947 6950 2679 8893 3488 3744 8953 9858 5037 8331 8983 1686 2217 6835 1145 6211 2180 4128 6164 8696 4602 3322 4461 5510 9158 406 9307 5501 5622 3382 4062 9145 6134 9266 2652 995 7647 8659 5778 1286 7602 9402 8053 8467 4717 1722 34 4665 8511 1339 6212 3962 165 9390 5634 6377 6674 6540 5301 1512 7319 9902 2530 7925 9455 3558 2677 5827 639 1789 6576 9255 7841 1760 1226
2033 5949 7982 6812 5449 6362 8635 2131 9059 2302 4234 6179 4295 2814 5259 1881 9947 3471 7087 149 2886 8193 2990 4417 5765 3947 5032 24 203 7530 4810 516 5906 5118 6547 1592 3871 3692 1283 4629 295 5081 4757 5997 6747 8394 512 9239 4531 5327 2547 7491 5487 1022 755 5390 7743 6956 5908 2249 5599 6071 678 8914 4425 274 1533 6363 7594 7941 374 7486 3632 1415 1884 9430 4935 2881 5890 4932 383 4646 5594 8875 234 7643 2540 6303 2075 269 6305 3978 2995 7266 3606 6881 6083 7126 9207 7619
3460 8018 5423 421 891 2070 3456 5151 7019 9327 1540 9829 9911 6227 9040 2980 8138 345 1502 6733 8703 358 3465 9502 856 7342 747 7996 650 1479 8385 3592 2103 2702 3130 4324 3748 9861 7959 7553 3514 8593 9667 1128 9002 3976 1337 8032 6744 8290 7040 1192 7439 4777 3452 7824 3156 5424 2282 3325 8199 791 4614 1679 689 4183 7369 4361 1332 9367 8383 706 1137 6404 7640 7198 409 609 8322 7227 6216 2967 3081 5285 4375 3937 2292 2199 5182 9747 5000 2264 5718 3138 1072 9957 8871 4312 1770 7022
3998 7792 6098 5477 9620 2823 1433 1592 9589 1514 3429 6985 3803 6787 1821 7900 6033 4406 8327 5166 8720 7065 8528 9240 5509 7460 2322 1653 3697 5362 715 7854 3242 2076 8565 6654 7453 9659 5106 7169 5580 6121 295 5145 6788 4776 1693 6887 1555 9067 9684 4407 7803 7590 759 8567 7106 2620 8686 8404 6425 3942 3150 6347 4645 8635 437 8897 9219 5047 6839 7737 4730 5322 1024 2543 5901 2110 169 1856 7121 3675 6526 1181 6429 5860 4542 2281 9025 6276 1548 1054 7756 4194 4022 6087 1218 6643 1335 4482
8295 3411 2850 7182 1416 1733 8395 4798 1684 6104 7719 1210 5732 6999 1153 210 9874 5032 5760 4866 1012 1284 6656 278 7159 1070 2207 5356 6334 9073 2803 5513 7867 6624 2835 8339 6925 3957 1238 7214 4852 739 5241 9450 3070 6217 2382 8362 584 9989 9876 5899 2514 3242 3191 9830 2758 2387 6873 7682 5185 2743 7574 4967 1318 3712 6937 3681 5271 3956 8015 8087 7565 6140 4039 9155 6771 1465 5813 6047 6553 3121 6954 9944 9888 8199 2396 4903 6812 6952 3811 1211 8995 3573 9239 3442 1342 9626 8098 4801
6756 5671 371 4595 2180 9334 6936 2049 42 9476 2928 7736 9734 7284 4085 7683 6206 8107 2423 4501 1709 5306 486 6456 9987 9321 914 5733 5743 6160 3262 4013 4687 5769 8802 5438 4813 8449 6995 8764 4535 2483 9813 4197 4986 5402 3243 8274 5760 1402 5243 332 7815 9272 7438 3769 4559 6414 1454 132 1817 7214 8668 5575 4844 6054 1174 329 7405 8543 9478 635 8627 245 8454 8012 4057 4599 8042 5052 8495 5671 8581 2149 2423 2439 4967 817 2769 6101 4410 2640 9385 3379 9534 8566 2227 7452 6373 1796
4829 5142 2031 6698 3422 9989 160 9229 7124 2129 1234 678 2554 465 3908 367 2984 7210 3950 2367 816 1680 2023 3839 6394 8650 8350 2655 9498 8441 5371 6328 4159 338 7343 5669 3130 9579 9597 1845 6089 672 9344 3579 9757 1802 5766 8825 4882 5454 4109 8656 4344 6631 7711 6529 1872 4183 393 8412 2481 1030 2361 773 3618 8581 3502 6789 3733 5652 3605 3203 3065 5639 3351 784 6177 6950 9065 8030 989 5615 4642 1974 4693 5110 5586 430 1847 2112 5545 9372 5774 6255 3686 9316 7851 1469 7383 8965
8561 4342 7747 6490 941 1581 3902 9211 2221 1025 3367 5791 2193 834 71 1814 5993 2455 7421 2363 2199 3092 5234 3437 2028 5043 2976 5308 3119 6672 144 360 4799 3324 7010 4094 8890 1470 7427 8571 7472 4401 3859 7161 2214 5812 974 5284 7219 5140 6127 2299 8747 6667 8080 899 5846 1612 8157 2449 616 8088 4908 4963 8847 1975 9242 8605 9144 3283 879 4291 148 4110 9902 9573 1113 289 4185 1230 2570 3638 9919 8739 6238 6849 1089 2565 672 9612 6323 1348 3471 8270 5712 1722 9464 9615 4186 5834
7669 4907 927 5660 3565 5274 8193 2201 8007 8931 9969 4134 2047 6724 5597 7733 988 1869 2973 3966 512 1712 971 4881 6849 5442 9444 9519 9799 3910 9055 6776 6573 9847 9447 3009 5656 4520 8249 2610 3209 63 173 7499 3146 8829 8783 1324 8784 5871 7605 3537 3346 9291 8083 7106 3082 4733 8215 3234 0 8816 5127 5280 3462 7409 6085 178 3085 2627 9949 7146 334 3056 5127 1663 1458 9798 7499 1899 1661 5754 3154 5900 1797 3822 1059 6184 6597 8880 9615 4770 7892 5266 9311 5778 7663 5815 9802 7611
6042 5492 5849 2710 587 9854 680 1333 2320 5021 6943 1622 1021 5038 5136 6697 6168 9814 5219 5068 2252 9842 9811 5903 1552 8093 4928 6920 9231 9358 8646 7955 1442 2261 5254 3206 1378 8036 5319 3192 1692 9925 8565 5647 4320 5381 967 5789 6350 2190 2435 8169 6528 4875 9380 5320 4323 9219 5502 1600 82 4430 4059 8448 466 2112 4369 5066 5114 8493 7066 6551 7887 7758 1536 9938 4214 4565 9245 6487 1454 2391 7642 132 8456 7578 952 8828 6142 4994 5764 9072 6054 2329 5423 5610 4969 3092 8775 3935
2851 688 3103 7949 6186 140 6286 9965 5410 3823 8404 2868 8168 470 2192 5277 9821 9462 993 4349 3685 3801 6214 4353 2254 2365 7650 4254 73 3158 5140 1151 1185 696 3452 849 3875 7553 4535 2464 7847 6326 3705 1102 1128 8488 3003 97 5999 587 1655 3341 7661 2704 6880 2164 8269 9341 8054 1898 5478 3172 6832 6961 2146 7442 3596 3876 3688 1037 947 9620 1604 7510 816 4865 4142 7246 8401 3639 3040 1246 9357 4591 5449 4456 9385 2205 2106 3229 6672 5930 6434 7135 1605 4397 6122 8141 9743 7973
5685 4778 3330 6514 2874 3131 6824 6836 280 3765 8474 6641 4417 5929 3139 1630 4526 5003 8990 3599 7758 4499 3214 2472 3701 135 4079 3385 5710 8609 4598 8570 2717 8662 8133 333 8791 4696 9735 3117 3723 117 830 3068 4350 832 4056 8055 3223 4048 6012 7837 3106 9083 1872 9306 9755 3487 7749 1740 3732 7876 3720 8381 7273 1257 2533 4531 391 9455 5870 6941 2449 815 3922 928 594 3325 6383 4919 912 5262 835 5271 9718 7311 3728 5822 9434 629 5964 6786 4250 6586 7728 4086 8197 5728 989 2817
480 33 6060 2727 9068 1729 1647 9613 5890 4597 6067 2386 8502 8882 4665 8351 2057 4246 1022 153 690 2861 572 3531 6427 5177 5758 6004 812 2212 2068 2545 5063 7500 6120 9754 785 3775 7172 234 668 4341 209 2421 5973 8585 2518 8473 5257 9075 1544 7498 9245 4087 4674 5285 3241 3163 9813 1473 9989 8666 5555 2947 391 2560 9684 5787 1411 2030 7450 225 2965 1390 1201 2560 4727 5113 9308 512 9537 4786 6875 9828 8463 3020 5555 6233 9614 4980 2740 9415 4062 4887 4941 2188 2285 7946 3430 5356
2026 7568 7851 7951 4841 9892 8165 5420 4768 8601 8225 4324 6261 9965 1759 1076 7331 8349 7837 6781 2230 2586 9795 8829 424 7315 4410 1658 4784 2014 9618 7254 4755 3724 700 41 974 1470 8381 3102 7082 8549 7786 2930 7220 9633 8647 3161 9696 4599 8774 424 2924 1331 5592 2914 7927 7808 3641 1007 6075 9149 9800 1607 3012 2715 3231 1560 7668 717 6800 5041 8026 9651 6903 8316 6172 1450 6336 9592 9209 2179 4309 5297 885 3471 2448 4679 6392 9479 9979 6280 1093 2479 6617 4139 6763 3877 4627 8816
2729 3886 4949 3499 6901 197 4530 8838 2197 7928 8954 8657 4775 8585 3181 9096 8217 7816 6182 8130 5669 6881 1102 961 5145 6782 7349 4210 2217 8379 4343 3396 6287 6958 9056 2343 9987 7340 8488 6413 7652 7684 5625 3532 6783 9105 9627 1473 3592 2689 4619 4764 970 6131 5054 9836 3040 1425 5914 602 5717 4615 5319 5473 5595 5932 6269 9786 1048 9985 3588 6220 2706 3988 5152 5451 8403 1659 4781 6820 4105 3024 4546 3291 6173 1909 2787 6671 6379 149 2824 4871 1275 3156 2711 6904 8692 8847 2166 8139
29 2774 9332 2410 105 5116 5623 4815 5655 1737 4115 7111 6822 8053 276 6723 116 7632 8493 2635 8664 6847 1527 5358 6724 7309 3920 7224 9681 9946 41 1108 7621 1741 7497 6057 7391 8433 5810 6300 1751 6772 3027 6948 1045 3642 7906 6003 9686 275 2591 615 2913 5881 9133 7459 4929 7465 931 4043 8856 7344 850 6778 635 9580 1206 3586 97 4349 694 804 4922 5799 5613 2294 8682 8207 8236 1084 9630 8419 9561 7563 3295 9875 8922 3978 4519 4411 7988 7126 2935 165 2701 2394 7485 4029 1221 5973
7667 7875 4700 1914 7055 8763 3577 3882 8398 8841 8111 9176 7901 0 2316 6032 5655 1068 4598 194 7145 6249 163 1195 9953 5103 5899 8476 8297 2756 9644 9547 4679 8129 4354 3792 2133 1837 8494 9824 2034 8780 1041 8006 5706 8008 7582 8629 8732 3723 5485 8154 3813 1093 7455 4951 7838 9076 7057 3998 9533 370 7819 9019 4235 4716 663 1797 3683 3942 2465 2749 1176 4121 3999 43 9388 3950 9803 4800 6884 6409 4435 1391 1644 953 9966 4090 7283 388 4744 9134 558 4221 9590 4598 4494 1445 2497 7736
356 8345 460 3663 2498 879 732 8623 9315 2241 9338 3481 191 4900 2050 449 9683 5711 1676 262 6923 3242 4838 2857 8665 3337 9778 4865 7975 1420 934 1466 9772 3209 3649 5058 2011 8253 2933 9588 4292 4915 568 1800 5864 748 5660 6709 9655 694 924 4250 5196 9085 810 8046 2371 8207 5014 216 4777 8797 3760 2098 908 4783 502 2492 2979 3283 621 4580 7668 1856 9523 4646 4034 5511 9580 2763 5790 8475 547 1483 7234 1378 1590 2051 4399 5794 7650 8536 5752 7454 5450 2511 9014 4526 8299 5759
2595 2091 3826 7296 1316 7613 2224 3053 3418 9949 9775 2655 2162 2505 2953 2915 8114 5573 4107 6592 2372 5074 4307 1908 6663 9780 3675 4727 7353 4466 9381 7045 4345 3669 9489 9071 5662 9900 7462 4698 6316 5202 8017 9224 390 5590 6866 2048 3745 2360 7198 9621 8565 7322 8204 2858 4100 2048 5113 1488 707 8762 1864 3155 9124 7839 9431 789 8761 1063 7551 5809 9195 7702 8077 4251 7865 2514 2152 6969 294 6969 1201 2569 4496 978 5817 77 5628 6506 7527 4675 2476 6028 6529 7550 2589 3844 1192 8798
3601 2940 6697 7034 8431 1309 7688 221 3887 9664 8849 9977 4599 3891 5456 2963 8505 9532 670 7995 6787 5995 2368 3218 1910 7151 9263 8644 4881 7112 9104 4778 15 3111 4142 1006 4746 7561 6982 5150 9327 9210 3523 3907 1931 586 7124 4429 4128 9616 2262 1823 4096 84 952 9890 4603 5218 8944 1020 9131 6189 5672 8754 7534 154 3476 5254 6626 2686 8039 8114 586 582 5156 7141 7190 601 5262 9358 7186 2838 4783 2403 307 7720 94 7494 6164 9022 6311 6507 7439 6241 7543 4006 9946 2012 1802 2818
1189 7575 3065 3644 8397 5954 5533 1512 5239 2485 4275 3812 3860 1168 6252 3325 6246 3305 2660 4592 9603 2336 6390 2838 6768 3064 8672 2296 2122 6259 1173 4923 133 9894 9314 828 9750 4 5415 2357 400 4805 2665 4532 6265 9522 2275 2877 4490 5646 4808 5120 4994 1208 6897 5498 4827 7450 9151 5223 9149 3987 9579 426 3259 6872 456 6913 5616 3958 5391 9728 128 4807 7757 8398 1829 6829 599 7569 533 8899 7009 26 8590 9828 210 7531 1947 5703 6338 3408 2319 8611 1158 6610 2847 6565 8283 1564
4369 4618 9058 7690 32 6341 2871 3995 4972 2450 1031 3748 3755 8820 7714 9289 7987 2786 844 5321 2459 2090 3807 345 2277 9170 9307 6041 2861 3373 4239 7489 7513 8971 3109 3364 2605 4247 7451 6005 7669 768 1398 1409 4496 1073 7855 3505 928 3220 7718 9020 6243 216 24 4771 429 1256 5708 2492 9371 4589 6717 917 4844 8794 6443 9609 5135 8054 9024 5337 5480 4089 1843 3676 3520 425 4199 9340 3768 9698 3889 481 3405 37 7659 1099 150 7396 2597 1366 3114 3678 8204 3502 333 5845 1621 566
4578 6241 7607 7177 1672 5106 6086 6844 6824 5154 8195 2957 3889 9536 898 3458 7585 1160 4224 2355 9447 8889 5014 2396 3559 9583 5735 6771 2656 2260 3208 5013 1233 8214 4755 8656 3861 7491 7561 4404 1356 906 9996 9379 7029 1387 7410 1432 5815 7909 2924 893 4320 4377 6013 6203 7595 2272 4045 7324 5634 8699 4869 6714 2763 8860 7153 5217 6812 5996 319 9891 4809 880 9882 5972 9038 4419 5797 1794 7424 369 4440 9120 5336 7604 6570 7741 3676 6676 5838 4457 9466 6892 2101 70 789 5419 121 7458
360 3266 6063 6536 6506 2588 3842 1410 2508 4642 3626 5029 7320 5068 2798 9969 7714 154 8483 9139 5621 1662 2622 5283 7480 5415 2797 2240 8083 2861 4805 1610 2848 7916 3164 4755 7857 3885 7933 9673 6449 8868 7928 9702 5078 7344 2085 3147 4322 9887 9180 631 1445 9247 5963 8844 6098 7619 2221 1399 1457 3777 8531 2292 8495 2951 1895 9868 6042 4831 2676 1646 5654 2272 4097 6829 5128 2312 2237 2794 8521 6500 9790 3 3198 1195 3380 2750 9646 6260 7838 7832 7385 8490 3589 2643 4025 3597 3137 6019
3087 7734 3908 3462 5476 4925 8812 1844 9062 7470 3775 3992 74 2829 8258 1661 6764 9699 6105 7954 2083 9960 6568 2831 904 9087 253 7484 8036 1893 7305 1492 6322 3605 7327 2676 3074 4965 4287 9860 2733 6485 5953 6920 1437 7993 8183 6225 9626 6458 6237 908 2641 4832 9673 9889 5918 3180 8318 7750 9876 5806 6193 6824 3725 6630 6882 1041 723 5353 9784 3164 171 5659 9419 3968 4043 1384 6891 1980 1562 482 3604 4642 1109 4362 1081 9945 3921 5880 5208 9502 442 4616 2683 9555 6175 8665 3884 3483
7874 7190 4289 1990 1261 9884 1466 432 634 9958 573 2749 8449 17 6166 693 6227 3910 3226 1167 4085 2094 2687 2588 8733 4694 7614 4893 8730 5792 5466 1212 7747 8867 1246 3024 1928 8483 1837 6992 2057 9674 1645 9202 2671 8401 3341 8593 1972 7695 2908 8710 3850 1383 4049 6199 7972 9204 1902 2127 9937 4353 4224 8570 2701 2915 8966 357 5176 5662 7948 9917 9947 3949 5289 5542 7491 7032 3204 8137 9222 8475 821 6453 2008 5901 4599 3551 1696 973 5358 3825 3796 4144 7809 7704 6248 6087 2399 1297
2428 8137 3733 9098 6564 5085 8557 6011 8048 7811 5629 1535 2530 7604 5697 4718 6744 933 9542 3934 24 3497 31 9526 2831 6682 7476 3151 5317 3751 724 261 9799 1567 4167 8702 991 4856 9326 7510 8639 9753 2816 9643 8097 5458 4320 6633 5258 1164 7747 2508 7541 9762 9229 7667 3418 747 4261 8981 7777 3717 4314 4919 8676 5508 7495 4608 2321 7942 7063 6509 4064 1743 2096 5411 8831 4483 3105 9954 439 9801 9321 6559 3683 2902 2675 1504 1975 2463 3917 2409 8435 577 5166 3049 7685 1022 9415 7423
4526 2142 7088 2393 4620 1060 8409 6580 7069 5545 618 3233 4721 661 731 2759 1604 6457 1928 584 350 8128 4743 1726 7183 6666 9264 3912 3294 561 5250 7480 5950 6081 3772 6999 845 5275 3908 2054 1493 3871 9444 8879 811 8728 8937 121 1910 8994 7004 1186 7047 7442 2795 2780 140 2730 5576 663 2147 8956 9384 1135 7125 9031 48 8238 5877 1158 3048 9107 6081 7255 2962 7677 1244 9733 1697 6182 7570 575 9994 70 6781 2429 6069 515 8067 5897 1537 8006 743 3442 1524 9748 4530 1382 2388 8370
6579 9515 9012 3180 8347 2427 4338 6406 5552 1388 2795 5499 3993 8012 827 3935 822 1818 8289 3366 7577 3593 4550 3664 3167 5241 9393 364 9442 5447 9895 8602 6325 6496 3497 3541 6369 1717 1053 7460 7549 2227 5608 9787 4206 8174 1701 1474 6111 9791 5741 9117 5816 9000 6794 5950 9064 3937 325 7963 9542 6946 4912 3250 1019 8999 2461 7104 19 8415 5079 3660 4909 7295 242 7680 5452 6936 5176 2238 4628 5609 5849 6995 3090 3303 1749 5808 3579 7978 6001 9777 7892 5724 3293 6704 4218 3270 7687 9142
4342 8141 9424 3727 5742 9616 7840 6750 8574 2453 6511 806 9644 1439 9324 4379 7841 5771 6994 624 4712 9963 4889 3149 2243 2779 5299 2100 141 8302 2696 8788 3252 9042 4176 9338 9761 7421 3592 9744 3435 4357 7505 7642 7380 5157 6651 6450 5252 9650 9457 4822 5294 2694 7290 1106 688 1782 1202 4326 4529 7462 3481 1692 6713 2014 86 9535 8804 822 1818 9946 1831 2459 69 5012 5918 7968 1781 356 876 7801 2136 6879 9529 5736 3384 9599 3876 5933 7087 6861 2609 6223 5177 3740 4404 6537 846 3353
2983 8403 1575 1306 7513 5797 3482 5412 4802 4501 4280 6924 2730 5015 4748 8251 1056 1581 67 3282 7325 8149 840 3776 1426 6773 451 5811 5632 7013 6088 2725 8499 7648 193 710 9178 3390 7500 8496 2920 2363 7024 7811 4457 6879 3358 2556 9261 2148 8706 3214 323 5616 5738 4717 6992 5854 4768 3845 7952 835 5312 1287 7053 5775 6725 508 5234 968 7996 8580 4400 5529 6995 975 3952 6158 2471 8717 9037 1926 7388 7971 7289 2987 70 3374 7780 9706 8241 9378 4846 4277 4419 5219 1524 7133 1082 6725
1810 3398 1926 5037 3031 5787 7665 9392 3365 7717 4309 6346 8313 1459 1665 3526 1399 9381 7008 2197 1784 4910 9490 2213 2040 7796 4052 8789 9278 9085 299 2514 1727 381 3229 9934 5649 7437 3287 317 6889 4089 8115 1012 2387 1828 2636 3132 1692 7967 8545 8237 6312 9171 7407 9748 8454 1426 5601 2704 6545 964 3626 3184 8006 5016 6084 3294 6993 6390 6010 7371 9766 208 4860 6452 7114 9086 5290 1488 2884 2879 2497 3432 5109 6074 7763 1013 143 9941 9683 5061 5553 1268 985 5067 1681 2656 3003 4992
5217 7196 6814 5080 1300 3374 6335 4764 57 7898 5080 9599 5375 6139 8412 8802 9330 6870 4868 3971 1785 3645 9665 6692 3713 9892 1302 3479 9802 8652 8379 3990 779 3483 7419 9343 7053 3774 2319 5695 7675 6768 40 2781 5711 6268 4487 3505 808 5160 1002 9071 7301 5406 6549 6216 3230 9325 9161 6414 2987 546 184 9535 375 8233 1986 1580 7541 1240 2072 5302 582 1937 8810 472 2253 9215 269 3336 3255 4070 9198 1190 3579 4915 5972 5741 1301 7294 8802 8068 9181 8916 1316 6100 8802 248 2475 4372
7243 1093 7960 2095 3610 1293 4655 3211 7195 5652 2449 481 8656 395 3719 8430 7836 1570 2224 9186 2835 7171 9997 2858 3300 8548 1857 4381 1998 3804 2605 6939 5648 4657 7004 659 2610 5931 286 5423 6224 4838 7548 670 6631 6253 9901 9032 4901 8603 4114 5890 2145 3705 1075 937 8160 2983 4960 1692 1909 5614 6096 7822 5625 7820 7692 8367 6401 4157 6203 1208 9637 5197 8688 8632 6048 4584 9987 1163 1431 7764 9243 3243 315 7510 4103 3256 9965 6596 4228 4222 1139 2024 1599 7726 1757 8126 8794 5300
344 427 2588 4542 2608 5847 9303 9546 8510 1104 7327 2745 675 8336 2955 8412 4822 1143 8365 3849 4256 2895 916 7536 8125 7890 7653 4030 9768 4715 786 7870 3329 9884 2619 1337 9467 4857 8787 9522 660 1749 9561 5962 2334 242 2822 8656 7436 7517 3775 8743 2411 8004 1170 4419 5377 5223 2847 8598 4973 1328 2383 386 6284 3307 6180 9381 5728 6447 9675 9016 8949 4244 9899 1955 921 8564 1467 6731 6175 583 2725 9123 9440 521 4271 2304 2023 2979 9055 93 9455 6730 8960 685 2928 7821 7715 8235
9936 5953 1744 134 6835 878 4292 371 5065 6945 2875 7041 1533 4413 7381 6698 5534 3503 3084 5198 6597 8479 2036 3274 7849 7415 3234 118 6978 5937 4225 7741 8946 4751 545 2120 1881 2672 5062 5621 7871 2536 554 3608 5820 8044 1672 7005 452 4103 8277 887 1621 4589 9256 8452 3915 5026 2734 7220 2569 4370 3168 434 2962 5091 2289 2545 9399 6273 6238 3167 3331 8841 1678 5487 334 8117 2841 8648 7856 9760 7111 1033 5193 7055 4913 8710 5431 9052 6195 2221 2276 8431 1796 3153 2651 613 3474 5895
9375 6667 1038 6433 5133 6955 8419 8121 7363 4953 9671 2086 3601 4960 3031 3040 5245 2084 5592 6357 7651 8209 1655 6352 1680 8552 6058 8433 1966 1721 5938 362 186 4583 6474 8619 9939 6588 7713 2807 2025 3100 9111 6084 7316 1006 8561 3063 993 1346 2537 2527 7797 1763 9173 6703 1038 2832 6362 5787 5583 1297 6326 3048 7083 5041 1994 127 6281 8214 4387 7070 3311 2770 896 4798 5155 4757 7117 2829 2403 8860 4588 5428 239 6734 7744 4819 2273 8984 6526 3906 7885 5653 5958 4252 530 6947 4187 2542
7632 3501 6190 9334 15 4563 1860 1307 5805 3312 4084 5367 5938 1811 2773 2542 6691 7571 4985 2240 7613 2212 600 5213 65 5486 7245 1868 2892 2355 392 5835 1238 672 8914 8522 9738 3728 3047 4842 2759 8698 3677 4082 496 2085 5152 1896 8543 8101 8919 4841 1851 3136 3031 2280 7489 9670 5813 6098 2291 2713 2830 3531 469 4439 4767 8562 4428 2559 9753 6561 7049 372 7686 9037 8226 8606 2603 8487 6119 8607 8089 7056 7255 4895 251 5448 8629 1972 6136 5272 9529 3230 9804 3076 4300 7240 7100 8709
5550 4789 2035 2750 6071 2969 4852 8357 7837 6774 587 4044 5543 5671 5121 9785 5869 8136 4068 3528 7246 1067 5965 1993 7724 4135 9294 6084 6787 4005 3862 5456 8062 9241 1057 256 4840 4586 7176 1600 7598 6896 6443 8882 2156 4414 5092 6601 7433 2081 5905 5553 4489 7534 224 4404 6120 6045 8905 2127 4466 203 1234 2956 3088 5302 2382 495 5131 5075 6722 5524 5290 78 1230 3797 7614 3779 9011 1682 2469 603 2073 837 4421 3 5495 7428 6037 1118 7836 7966 7218 4496 3563 5364 303 9600 2828 7743
6490 25 1955 1968 7178 4293 8631 9678 434 6034 2416 3078 2498 6492 9425 2007 989 411 9597 8931 5981 1603 7122 3377 1246 3250 6233 1432 2465 1708 5992 8505 6340 7445 4913 8071 8309 5363 7682 7619 7751 4453 1271 7372 109 7306 6974 1459 3198 3776 5040 7167 5081 4909 2572 1520 5037 1768 6422 4743 2160 3793 5482 2886 8104 7939 472 5573 9300 9239 5077 1952 1031 5700 3626 8512 2319 1800 7202 9981 1960 4979 4642 4846 9929 3844 9222 7888 4397 3661 697 4187 1668 4702 5552 68 7801 7139 9927 4304
687 1570 9255 9368 7425 7035 8842 5696 2978 4082 7496 6351 485 7539 4605 8141 2499 1319 5144 4280 813 5169 8416 4270 1913 6447 4697 5143 3337 6438 1102 1804 8330 1573 3478 6375 5354 9894 9998 4566 9838 2300 1841 1589 4571 3198 9511 6333 3500 4532 7876 6273 1011 6831 7281 2266 1525 3590 9963 7539 3789 6439 3796 9611 6159 488 2098 1681 5919 9967 3939 7692 579 7073 1463 2842 5028 7559 7394 5809 2704 4144 1280 8647 2613 6389 1993 6550 343 5717 1568 3771 3835 7141 414 8762 1025 2368 9292 6698
1534 1193 6361 2325 1701 4902 5583 7352 8113 6283 553 9062 2530 7905 3663 4988 8931 8156 2774 5822 7281 4408 5810 2996 8636 9324 1151 8195 2004 1436 8620 1380 4072 8059 6534 3405 1188 4882 7305 1620 7976 3985 2068 8774 9792 7865 2228 6544 3745 5988 2418 8875 2697 9258 7779 835 8898 9393 888 3065 6924 7530 2881 5579 5987 5631 959 1297 1239 1799 8950 5642 2623 7530 9652 5330 8778 2266 9133 3397 9571 606 4724 4278 4363 8072 4039 1953 5258 4650 8532 655 6253 1437 2969 2840 9901 6966 5083 8129
577 2679 2830 522 5200 7546 6497 5320 1689 2543 6200 1566 4235 1974 5654 9181 9635 8868 3262 8149 9436 4735 4077 1782 8150 3444 4197 529 4608 981 4031 5325 7176 7010 2428 3671 7027 5820 9646 4724 3274 5500 887 3176 8910 3114 2621 7568 9288 1541 5006 6542 1021 403 4484 5974 5621 3112 1485 7599 3396 9448 30 8249 8729 4662 4961 466 8479 7155 78 2751 907 7329 7863 4460 708 5051 3054 5332 5428 9969 6339 4767 7810 198 5850 4117 7325 1985 9070 5565 1755 314 1527 3308 908 9794 3753 7849
7476 630 2633 9799 8886 1664 4088 5493 3995 43 227 5294 7133 1738 8028 4497 3762 632 9944 765 9071 3139 1170 9677 9661 7363 4039 2465 354 7728 7697 7058 3866 920 8444 5678 7531 2729 5280 7588 4488 1935 9923 1594 1282 8418 2060 7106 5018 7487 5024 4204 4127 177 1840 6565 2071 4702 346 2707 7350 9995 3865 8498 7273 4863 6241 7263 7603 5672 3719 4863 917 3839 5804 848 8365 7467 2039 8414 7128 7090 2673 5192 3947 7765 5977 7697 5737 312 7709 6084 4918 2517 7669 4740 1138 5102 7135 1131
9173 2964 1476 673 1578 7310 8855 9196 5596 935 7138 4749 9286 1214 9275 9428 772 3375 6904 527 5703 3426 7456 223 6556 3008 418 2920 1057 7594 7668 2600 6139 3362 1998 9958 7161 3209 1748 8669 1319 2266 3737 6432 1840 4941 969 8189 253 5008 4969 2078 708 2880 7117 7984 9655 4437 9522 1669 4823 9479 492 3754 8840 801 805 8256 2478 6225 6295 466 9805 4635 2275 4396 1835 910 4759 1864 8617 4333 8194 5618 9612 5320 9592 4228 534 353 8376 685 409 7239 7870 4010 9947 2344 698 4287
5554 1096 96 2489 2139 3429 5106 7065 7733 5777 3090 84 9024 691 1037 4367 6032 1740 7704 5927 4687 2720 38 6275 2439 3959 6473 6733 9110 95 7833 919 7416 220 6949 4996 2610 1852 624 2142 4726 8796 4827 6320 5981 4080 4164 4786 3472 9143 2367 1643 2496 7035 4293 5478 1265 8432 8045 9017 9430 2584 8713 2808 7303 5154 3204 1837 1054 321 24 56 9047 8586 874 9382 4268 6696 2112 737 4970 4326 1475 6556 5214 4312 1150 3567 63 3762 7960 141 5387 188 3027 7075 7375 3537 2234 2271
9163 3646 6895 3516 8908 1381 5668 503 8652 5392 3377 7274 8742 9884 4125 409 4192 4946 6255 2357 6436 4446 2263 1148 446 6514 194 7787 2501 2575 5293 697 9686 7625 5594 1698 2751 7812 9436 3275 6130 9548 1287 5436 7322 1589 5622 7610 9885 227 4627 3612 2420 6411 4297 6925 8534 8305 8094 6644 8064 8650 9111 9362 577 6433 7247 1912 3088 9780 4763 2839 5029 6975 4958 5298 5597 4846 7271 1024 5635 8255 8316 7584 3415 6213 3805 7446 4814 1598 2760 4395 5913 1551 4035 2094 6334 5911 2952 8567
6208 8219 7876 6004 1077 3424 3848 1007 254 4220 7680 920 4275 9120 9314 9639 2217 8412 5417 3975 4515 1125 1189 2321 4282 6631 937 7824 9826 532 447 2045 5888 779 3280 5790 9390 6904 529 7149 2504 7550 3181 4380 668 8513 5044 4992 1376 3274 3401 649 4737 5499 4506 8670 9630 2424 747 3246 1372 9765 5717 3136 7701 3862 2605 1730 3462 6681 3363 4413 4393 2670 3632 7157 6164 117 5708 9395 2137 4784 2597 9677 988 1657 1925 2808 2524 4595 2394 6305 6994 6525 808 4138 6521 6241 4359 3589
9331 7651 7537 6052 2911 2680 6613 7013 1712 8762 5773 5141 5206 4063 721 9337 3826 9462 697 848 4220 9181 2914 6220 8719 5741 4696 4922 5795 9551 550 4641 1711 5435 1685 397 6734 2706 824 4211 1891 5424 2010 5140 306 6037 645 7249 6998 5409 7200 7357 1197 6819 9110 6939 5257 5540 7464 983 2585 2180 348 66 3332 9772 7273 4756 103 1214 9767 7946 7101 2661 7096 6451 9250 806 8795 1967 6049 7912 8958 5783 3478 3852 5098 6165 4089 5381 6758 9893 7405 577 3648 3061 2626 766 9685 3181
3385 4003 8011 9776 5269 1526 4660 9597 8895 6404 9368 7666 4960 3458 7432 1725 9329 4220 8411 1966 8664 1165 1424 440 2765 2287 6379 1713 4544 4836 2306 6778 2097 4118 1025 2303 3031 1832 3146 7420 2502 4720 1938 3449 3732 1355 9801 537 3171 6842 3795 8375 273 7218 7520 3112 5009 8554 3213 5512 3242 9869 6294 1352 5103 6780 6442 2829 8647 4311 3663 9311 5343 9042 9358 2494 428 2113 4048 6081 5912 8641 9475 1408 4400 3399 9058 7710 1155 4980 1227 3872 8502 4865 3429 5936 6895 3933 8798 4846
8176 4016 7777 4591 4322 1906 140 3407 1943 257 8438 7929 4108 3395 9210 6623 8851 4759 904 2217 9765 3484 8507 1489 7861 4816 820 434 8674 894 8807 5574 2800 3439 3368 5932 6545 8284 8534 9877 7915 8743 5623 9901 3591 5173 4013 7921 7515 6063 2447 5527 2121 8170 1900 6678 9822 1230 1410 4261 9440 469 8996 4938 8191 9084 3949 1303 6305 3878 9910 2228 774 584 8229 6887 8312 7219 2474 56 8724 8764 9790 987 5507 5248 6858 7612 5655 4502 7581 5048 8676 2995 36 3884 482 4307 2085 7593
3175 927 6174 3315 3552 6626 1603 2398 7928 156 7132 7706 204 9360 7492 3559 8020 2084 9300 7825 3277 9702 2638 7831 4591 5850 6651 2365 7559 531 9570 2990 9968 7793 3643 6780 1963 6479 7101 853 9292 2221 7318 6125 1128 6645 7865 5121 6208 3910 6932 673 1381 7461 5922 7893 2333 3874 4382 4973 1290 2694 2824 6833 3887 9101 6017 7297 8709 8574 6002 8746 1153 641 2380 3063 3873 801 1997 1541 4283 6821 3078 6232 6591 3081 4496 4558 4146 3873 5713 8788 1174 2218 6519 4210 52 1443 6396 3792
7993 2168 6008 5024 1092 9153 8373 8942 8913 9807 764 3855 8040 2580 4009 6826 2813 5468 5418 2756 3932 8678 844 3786 6285 8300 2398 7549 3878 2420 900 2059 7611 352 1929 7883 4926 663 8549 781 8833 2723 3713 9461 2314 4980 6430 6153 727 7023 1364 4006 2114 3946 454 5538 1263 7111 7897 9495 7997 1167 1507 7981 2913 7333 8570 3836 2393 8528 4655 7430 1718 5820 2504 6931 4316 6074 6489 9625 3515 7411 8542 1463 8818 5238 616 9077 8737 7398 8167 6466 6758 4672 1680 5989 2490 4141 7416 4283
6305 9733 6059 3440 4551 4738 1879 8910 4511 7972 1585 6229 6425 5052 878 7247 2763 2769 4248 4564 2939 5403 4315 3753 3790 7428 7611 960 1254 8544 8954 1400 1216 8240 5475 5180 7457 1932 7147 3807 8093 9456 1542 8722 8288 5059 4918 7224 8291 5960 1581 3982 2109 1646 64 2017 1498 1295 7706 808 4969 4732 9766 8705 7657 7972 4915 1413 3593 7782 9121 1459 4076 909 6893 1241 574 4093 9315 5741 6468 8940 1519 2538 8158 2511 7903 5648 860 1041 6828 3418 2555 1739 969 5090 2820 4482 5885 4922
2740 8204 7912 4501 4295 9395 9841 3406 3657 5802 1086 2768 3520 5188 7361 6684 9614 2806 1383 6800 4603 5399 8818 6496 98 8887 5941 1622 4803 5821 7960 7937 9943 5139 1407 9189 2690 1907 3511 8132 9359 9933 9611 6639 7484 7257 1713 7911 9820 5185 8406 9394 9162 1159 9046 4030 4768 4285 1290 8617 6331 5511 3771 5953 4648 5491 9267 2466 3082 9616 832 3791 3324 7997 9145 2323 243 5865 655 1717 5576 3940 3492 8944 8255 8614 3351 908 2682 3625 6416 7489 1389 2305 9057 9891 1274 4110 6418 879
7897 6158 1917 603 9055 8528 547 8831 8885 3008 8744 3019 8799 6523 8336 3977 6800 6059 9850 4754 2876 7847 8953 5637 9700 9785 1103 5636 5458 5653 4297 8398 4305 4158 1311 537 8151 2272 6692 9905 4656 2866 389 1576 2267 7305 4075 7214 4298 5284 6725 7698 9124 2403 3896 9087 1333 9101 4219 2292 7686 1105 1092 6973 9312 4179 8214 4811 5992 9409 3202 9519 8077 932 3570 1615 8762 868 8658 3332 2647 5990 1539 3876 3963 2152 8254 6392 547 6802 5750 341 8461 7832 7576 4692 3270 8505 7457 8192
2887 4178 5591 2647 6002 6158 7776 6024 3498 4446 3428 4631 9559 2102 7701 591 207 6003 3766 6147 5534 1084 3701 6187 8293 712 3579 1144 9375 8591 6816 2955 7822 8994 3160 5132 1360 1762 8806 6822 8051 8492 8763 8315 6675 8902 385 1991 8763 1430 4865 7571 9205 3639 6179 4436 970 2220 6194 56 3935 488 1462 1547 6093 1965 2321 7754 8644 4617 3943 3967 1666 3574 3618 8899 1516 546 5472 4959 6118 8838 9567 7249 1291 9934 5978 1264 2904 2283 6322 3995 6619 1304 6538 1916 6852 7213 5449 9203
7032 1264 4195 8298 605 3341 8243 964 7096 3948 8919 5975 4802 9324 7177 2767 3075 8427 1259 3180 1856 2061 7326 9652 9848 4319 1311 7854 8372 864 5253 5094 7784 902 5978 9731 1855 3414 3075 2557 7801 5297 6065 5210 4021 5269 3170 756 2099 165 1770 2741 8165 9949 9093 1395 978 1885 7001 4127 7174 3396 3055 6138 7361 9892 8917 6783 1112 9734 3048 5691 8398 8949 4579 6996 2786 1847 5862 5181 4295 9069 7527 2945 4781 3922 3063 3333 271 6938 4597 8413 764 9350 2629 2984 2285 4902 5834 5956
3345 1068 96 8556 3049 6224 6006 2224 9800 2630 1469 2351 7905 1510 9441 7631 4873 9219 5604 2008 8148 8350 6670 4513 3069 5544 2000 2658 8084 1543 4254 562 1224 1627 7043 5727 2786 7355 9911 6758 6273 7329 9326 2911 7251 2877 9922 8614 6964 1473 8463 8615 9936 8815 8069 9396 1767 8690 2449 5496 2830 2482 163 1037 7208 6214 7135 4806 1361 8178 1226 7384 7808 6058 1378 824 9082 2090 3387 1969 1480 1455 1994 4187 4508 9635 8412 2901 3985 4720 3166 3929 2507 8641 2231 3555 9795 9911 4262 2566
3624 2787 7273 5824 7796 3552 9355 9780 823 38 2354 4278 2322 9140 3396 2680 8114 7710 752 8608 4059 5546 7890 6174 7545 3535 8706 6838 5202 4865 3346 9742 3320 3377 6177 2620 984 6550 795 8546 3474 5420 1768 3361 174 2492 7785 917 3436 947 6774 6655 8483 2396 6944 5749 6883 3309 948 9440 620 4381 844 7343 1329 2360 8383 4409 5958 6976 2056 7489 3449 4121 4923 6318 8188 5504 3506 354 2644 7880 131 7992 5873 7806 1198 9640 8873 8360 2635 1883 2239 257 5678 5499 8885 1301 852 1814
5387 4840 7553 9418 7881 9405 5317 5790 8190 3209 2106 5247 232 8539 2557 5245 7666 5210 1734 5246 1325 6685 549 8764 4052 6123 7923 5924 4834 2907 2673 4488 8237 8493 9030 7804 7599 1157 3254 8429 1839 2751 1095 5803 4493 1079 4904 5574 8916 8644 5487 6717 6240 756 3835 6954 6772 741 8975 5143 8249 326 1582 4751 8466 1905 7808 9734 7887 9730 463 6028 6141 2865 462 3262 1292 5528 5777 7641 5680 2522 7896 1582 9332 6838 241 3789 7355 9129 7438 1422 3831 4405 1991 8969 8899 4910 7498 4500
6091 9408 2872 2107 3261 6526 6391 4988 6373 4479 1173 9378 2992 453 2289 2133 7695 5914 9210 3878 6232 1070 9994 4029 8206 9751 8799 9830 3301 2272 8718 1160 8288 9892 4331 7156 161 7403 3538 7946 6432 5870 1940 5750 5944 7743 6842 311 7439 4103 1970 3402 1052 5296 933 4475 5183 6872 8843 2824 1279 4028 3701 2642 2788 807 2677 1811 2126 1814 868 4840 975 2603 5631 2495 9399 2267 6133 9119 2033 1078 1764 3441 9084 3446 6790 3524 7189 2012 1526 3304 188 6108 5369 417 4791 5060 1729 5677
3296 9162 3730 4112 9722 6827 3363 235 9864 932 9031 8189 2642 2193 6009 1539 8312 3673 2396 1284 369 3839 8814 340 3058 5301 5018 9121 1098 3432 2892 85 2682 8302 4357 5323 67 9583 2178 3000 7599 7004 2042 2385 1282 6953 4139 220 4194 8441 6707 5700 9448 8627 9434 630 6974 6691 992 1370 4198 6821 1930 5630 5978 8813 3446 7440 644 4492 7314 8499 4660 9755 4932 5979 8843 2283 9907 6857 1460 1221 5642 8396 6276 3624 7766 9359 3091 3274 8344 5110 7194 8455 7227 9630 285 4952 858 4851
5786 8282 9181 7780 1898 8327 3925 4767 2202 4743 2988 4277 1107 4639 882 8971 3456 2286 657 7557 2016 1604 1412 8536 4816 7073 9602 7775 1950 8810 100 6504 1747 6783 8036 5336 9170 5764 568 7189 1961 3933 7960 4258 3031 1956 1218 5518 9588 2820 9662 2044 286 7012 2796 1700 1137 7965 9557 1858 2913 6955 1222 8986 6842 7063 5932 6583 1783 5517 5874 1209 6826 266 6086 7281 5753 5602 7795 6357 5248 1033 2150 1627 44 1524 6336 6508 5907 1266 2640 4308 6097 3247 7848 3362 7011 3186 1563 6260
7087 3065 1176 1583 6384 63 5228 1802 9382 6356 7818 7744 9346 4248 6117 4850 5908 9809 2731 365 5216 4901 3507 2939 8741 5717 9881 363 7921 6433 4754 9579 6675 4551 4695 249 5557 4978 2934 6082 5557 9619 834 9122 269 7746 2114 8645 8152 1009 900 2967 5578 6768 5179 9581 5814 2410 4349 5833 981 1261 3086 6931 9208 5405 8551 1094 8057 243 8013 3190 1831 2693 6353 2285 420 9445 3129 6953 1423 6420 2140 5860 8532 2275 6932 1902 3079 1171 4237 1329 3380 6501 1929 5900 2606 6709 2423 9600
6377 591 9708 601 3480 4897 8516 6071 30 3339 3284 5290 8802 7742 3022 6418 3755 2227 9090 4592 4007 792 4478 5186 234 6601 7685 9896 6262 5828 454 7266 5662 7534 1978 1937 4851 3684 5199 6044 2605 5354 1686 3107 6699 4435 4826 6727 4734 9864 4041 3654 2292 4176 6640 6211 8975 873 5785 1880 4304 7900 309 5622 97 7456 3082 3665 2627 2741 7414 5534 8186 3669 618 5345 6615 3505 5752 7994 6423 9721 892 6671 4508 4579 9801 2265 4316 7982 7800 945 978 5288 8891 1925 4664 1646 6993 2330
7194 4492 9900 5000 7617 1738 5863 4613 3250 9208 7572 3746 9438 7882 9460 7192 8757 9966 9520 470 4572 631 6157 7421 5927 797 8713 2206 6578 9502 899 6643 8941 1514 8634 4052 7975 7866 9886 2985 8448 166 4359 1136 8191 9527 9344 8497 38 3030 6347 7412 3313 2593 2305 2393 3482 7650 3923 8376 635 3743 1087 6592 3769 2420 6743 3888 1939 9656 2015 8013 3465 8793 90 8831 5709 4977 4403 3296 349 3968 69 3532 7474 4295 3601 3308 5071 6619 2944 5783 70 7366 7444 4072 324 1508 283 6287
3099 2612 6939 5825 8296 6930 8491 1777 9351 7091 5551 7415 7769 7896 2012 260 3083 7187 4047 594 3657 6829 6409 1893 1739 9053 3662 3292 4997 2492 6820 711 4203 1883 2514 6021 4887 1987 8878 9885 8191 5537 3369 88 5679 5877 9997 7097 4323 1244 6324 1286 8272 9282 4835 5643 5430 700 4075 822 771 5588 261 2965 4694 7447 9009 2731 4576 813 5473 5118 7423 5525 4541 9994 4682 9880 4013 9402 1027 9113 6401 3779 8466 8484 3771 7568 6692 58 6373 7839 1739 9133 9532 8587 5243 1409 2475 1875
6500 9798 527 9019 6204 7230 2280 6725 8916 9718 8535 130 809 6705 1929 3448 6271 5616 9155 9355 1326 274 5847 4389 9949 4724 4849 4107 928 4044 2711 39 1328 3029 1293 3163 3555 2628 2920 785 5687 8782 7156 2261 6769 6044 2978 9302 6563 7830 2116 7882 6098 2665 5271 3951 7857 802 9714 6130 5213 6049 430 3293 2488 821 2580 2191 3805 3241 8856 1044 9862 1514 8745 1338 2091 6406 3465 4823 9382 9747 7325 290 7713 7229 5106 3227 4817 2263 6428 3259 1281 4989 4273 1810 2781 8665 9052 313
2302 2675 7528 1910 5135 6589 1091 2008 896 1855 1747 2133 7991 3283 4554 4748 4735 2660 387 7460 3674 5100 2049 2741 813 4072 3104 4321 3471 5020 3424 4839 9102 1413 6747 1662 3042 5903 6537 6921 887 8571 3458 4358 6561 1450 7025 7152 9631 5640 9936 5812 3868 8857 473 7142 3182 3905 5842 7214 8856 8309 1972 9983 4294 2002 5171 8968 1101 2345 1469 3874 7942 4354 5168 8139 6902 1323 201 9885 8046 2439 2039 2214 3067 3721 8997 9547 1272 7824 2159 7156 3338 5148 7965 4408 3499 1084 6333 621
3550 8587 6733 2691 2936 2892 9564 815 5622 6104 9501 9128 9181 967 2007 5927 1360 9531 8926 9412 9634 735 938 7624 7490 1213 3550 3271 5885 5895 2355 8244 2486 6491 7439 550 3885 829 6547 5120 731 5278 3561 7156 1655 5867 544 8427 6544 2871 548 2118 8540 1426 8965 7541 4379 4424 2889 6145 9827 1945 2713 2664 4612 6759 8051 1654 7205 5519 7305 8870 2239 2974 1845 9579 5253 4208 1809 6279 6365 757 8131 8017 9308 8735 3718 8097 4772 5843 7254 8497 1474 5731 2060 5102 910 3032 9411 8891
7705 6543 7891 4289 4738 206 8303 8714 5263 6003 7820 2838 5209 4297 53 3307 8962 5918 4838 3638 2733 9997 5557 2959 6740 2022 7509 3875 637 2712 2412 1941 4843 4587 5433 8295 6726 516 7986 2315 9517 997 7825 6455 7223 4443 7678 781 3728 9892 8418 512 6145 6305 9997 6355 6645 4457 6043 9754 1443 3540 5621 518 2124 4000 3812 5381 4513 3866 809 9918 1507 3836 6305 4001 4274 9902 3572 146 3236 9690 8623 4067 6563 4557 8937 3761 472 4443 9320 450 1061 6399 4078 4094 1939 7335 9105 5277
5541 7349 1345 9725 8793 2520 2894 2867 8914 7536 8280 2450 2314 2046 7157 2116 7965 5386 9348 3444 9114 4232 6078 8377 6564 6709 6467 8088 4137 1782 2522 7198 2043 2160 8414 9711 1650 4489 709 9502 4197 6411 4257 4407 2212 5056 5480 2400 1794 9538 6742 2561 4527 1898 8899 9823 7007 1386 3329 8667 6173 7549 6769 2729 5686 8460 4583 4386 3478 1997 1205 9203 5473 1142 9087 3380 2444 9128 4861 8479 6825 6785 5973 343 3381 6094 8679 5387 7243 7385 7205 7059 6675 4334 5733 241 7923 6137 7123 5710
654 2103 4658 3828 9340 9635 1500 9918 5646 3884 1917 3486 9433 2107 9795 7294 5981 6358 4445 5709 6704 7862 1291 1069 3593 8806 4501 8712 6887 2496 4381 4370 7468 6003 7730 1987 9433 3268 1573 1573 8831 1523 3126 4064 4052 6455 4240 1803 2920 762 5899 6644 4799 5078 1262 4973 684 8182 6921 2773 1102 5615 7969 3303 9686 5608 6172 8257 1264 8153 5702 8992 1580 5028 693 7524 544 4525 7832 9876 2206 5945 3250 3632 2304 6629 1655 9762 7447 1993 5971 1598 4893 9495 4265 4121 1 6776 8041 3882
1607 2717 4743 6165 2324 5252 6943 4041 4666 3799 521 1948 2670 9211 4899 5548 3673 4224 3467 1381 4055 5195 9927 1521 5823 6381 7798 5971 3595 2840 5098 5819 8065 3167 5004 210 5357 6521 4705 4775 108 8200 7819 6769 8746 7498 8707 4789
