4720 1309 8483 2461 4345 5441 7825 2919 164 1716 3235 9074 7235 1382 2534 9238 7623 4577 5380 531 9857 8035 7232 1501 4621 4877 5662 2392 5858 7967 1726 6655 7207 1233 3366 8698 7449 3109 110 4954 1412 4301 9512 2656 6124 69 8225 9439 2495 1408 9775 8493 1246 5286 9938 7318 9171 5798 9023 6749 1248 2541 6443 5425 3219 8965 1270 2874 6563 2879 2516 4925 5845 6445 90 9227 3105 9704 7988 2964 4203 4925 1700 2170 1519 5546 9224 3463 906 7705 194 5256 4284 8085 3033 7481 8192 4308 3068 2538
8493 1106 2346 1281 7010 3482 3453 9287 8832 2551 2254 7439 391 2438 4978 8105 8005 1943 9414 976 6307 4442 7073 9588 9711 795 4965 8300 299 2574 2299 1449 613 9937 4501 1448 1381 3683 4408 9561 4860 1067 6557 4790 3730 3706 3978 5945 8476 9688 3426 9845 3266 615 3596 3581 8092 522 4424 1612 9540 9519 3337 4339 4488 9232 1837 4048 2014 6183 8897 5422 5519 3943 1832 5688 2591 6376 7675 6695 6773 3535 6885 5656 3638 4306 5956 4971 9212 6942 5501 8459 3962 6719 1489 1777 5668 4040 5210 1644
8284 2909 3897 2565 9903 788 3727 8143 2257 8646 3930 1917 3873 6818 7739 4411 4092 1497 9683 3588 9271 1591 6504 5962 4480 3291 7647 6997 3659 3242 2687 5219 6369 5507 1946 4030 2951 4744 115 1472 9623 5054 4103 3162 7893 8062 7147 6014 3100 1462 5494 1469 6235 4217 1882 5926 1883 1242 6280 551 7162 8474 232 7617 1871 5874 6896 4234 1525 9957 5035 4966 8883 9706 4308 1813 3762 5871 3697 2228 5063 7838 2378 6913 7281 8275 6980 9600 9488 4645 3831 4543 7398 7865 4471 6172 2923 5005 6277 9923
3862 8874 8978 1898 841 7040 7571 9515 7687 2831 6391 9562 1080 9350 1247 7693 841 3730 1052 5030 1536 3484 8178 8071 486 28 9032 9572 6647 4208 7809 6190 6813 8947 1734 4165 9387 5835 409 9799 3131 6380 3189 2212 3228 3044 2408 3197 327 1078 7869 5275 5257 9844 3988 7513 4266 7230 8513 398 634 3424 2099 3803 6037 501 4299 4647 1976 4824 2163 5307 589 5798 3339 148 3702 7427 5345 5357 2086 7019 7694 8238 8439 2968 5404 6915 8580 2327 1623 7633 3989 130 6075 1877 2595 5456 4577 1775
8322 7009 774 6263 9474 4086 2059 6869 4276 6614 6866 4349 6087 4226 6557 3500 2186 6453 5377 3201 9417 5202 4496 6090 7118 9709 570 1830 8491 6912 3117 9066 8105 9403 7310 3772 4882 4444 1928 3661 789 9880 8304 3787 3317 2673 9863 9617 6474 6129 2658 9533 8161 6642 9453 9342 6877 6182 885 2322 3952 9662 1142 9642 8649 2943 5484 8683 8953 3587 9288 3495 3028 9615 2132 2228 9176 166 6540 6653 9200 6357 6555 5975 6138 3029 9552 4499 1312 1919 2694 7024 5849 5622 9769 7801 8274 5780 6485 4403
7532 8054 7369 3566 3477 6936 9542 4026 6481 7439 8176 125 9216 2519 1899 8144 9773 7108 2530 9531 7389 3380 3005 4467 3476 7132 2198 8697 7778 4109 6904 5923 2933 1444 4617 383 9366 7244 1598 7130 2509 3622 888 5573 163 9649 3033 4374 1240 845 827 2726 9254 2021 3872 7587 5975 6568 7600 2739 8469 7579 4101 6092 2195 7426 1150 8994 6086 1918 2658 3507 849 2945 3617 9397 9439 1034 9271 9156 1889 9179 8172 2408 3916 8609 599 5873 6366 3670 9282 1161 2776 1990 5595 1254 2675 5349 2868 398
2663 8229 3489 3218 5351 2195 7181 9006 1558 5568 7525 3141 2112 7511 9239 5706 90 9217 2546 2763 9052 2268 2287 4183 7075 6059 9870 2704 4230 3546 1411 4668 4843 3870 9019 5644 5902 9583 2522 7749 9814 1757 2257 9013 2974 3527 249 5743 2578 5836 9245 6187 6388 5175 5918 1281 3429 4060 8555 9122 5889 4629 4923 3010 9184 2356 4570 3975 5419 303 5773 6559 9900 9803 9280 143 7254 7609 2486 9345 777 3747 5513 3766 7790 2990 4084 1631 869 3453 2452 418 5377 4280 2198 3398 7889 5866 1343 7978
5204 2513 4899 5283 8671 9732 9987 7405 1507 9957 5964 2145 9674 4867 4903 6125 8224 3561 5418 7755 907 4243 595 7410 7602 6087 9039 9288 1754 2256 5347 8026 5835 6533 9591 5561 7987 6220 1959 4087 462 8654 2777 8959 5223 3010 656 5171 2190 2723 5115 5913 3234 8826 8395 9908 4343 8012 8513 3155 742 7811 7695 8554 8681 8842 1065 557 2024 9323 9483 5727 4893 6945 779 9247 3016 7624 4221 1273 1699 2531 7900 3513 1341 1842 2993 3422 8404 1315 4387 9911 1003 850 1976 7863 8105 1800 7340 2617
1494 6402 766 2577 6193 641 2461 6628 602 6125 2922 2160 3836 7 4379 5520 3322 7260 2921 6409 341 3375 9286 4119 3682 7120 9752 4547 6110 8118 9338 1225 5269 4542 9937 8125 3395 6078 826 5757 2746 2751 5013 7495 2105 6673 9033 1539 3282 661 4182 1542 2011 7123 3215 6124 8585 4537 7499 3164 46 2396 3897 8710 8306 9636 746 6241 9605 791 5523 5073 2200 6360 1271 7935 3517 2641 3480 7309 6485 1796 1119 2989 948 4762 8249 7786 1734 5909 9525 6290 1898 4527 1418 7836 1324 2226 5490 3063
5706 2760 1295 4737 5420 7270 7371 667 2532 3238 138 7045 3340 24 7717 5546 5128 6090 7059 2125 2297 8998 9419 6265 4307 3459 2435 3777 1700 8264 9564 7637 772 7584 5782 5550 1123 2755 4758 5814 647 5378 629 469 8100 517 9361 6852 3090 9655 4602 8913 5993 8365 6054 5440 6524 2825 4530 6105 4124 1975 504 9511 9353 5759 1104 765 8258 8178 8571 1925 562 9928 9572 697 8593 9420 7367 8046 2790 250 398 2306 7470 1029 1749 5666 4899 8057 7979 289 3092 934 1231 8900 2050 7098 5891 2147
6270 4008 3299 2427 1110 7586 5314 5688 9147 9749 9276 4931 4686 1350 5065 7299 4673 3818 7437 2306 6580 8975 7173 7565 400 3005 8869 326 2496 9123 8628 5757 5638 765 163 5504 9115 1619 2545 2216 2370 6654 1303 7331 8997 906 3840 2882 1436 9920 5619 375 3225 9009 4388 222 7456 9093 8947 2516 6492 4345 6240 421 1207 820 895 5255 6090 3807 2354 2264 7500 3805 2318 5632 3178 5915 6886 6924 954 8549 1430 2128 9888 5305 8053 3114 8622 6535 6429 5625 7604 4157 7690 8186 1571 2990 6855 5396
4529 3995 3290 8513 9166 7909 9263 798 5364 125 8958 5308 7854 9235 7562 1278 232 7507 1469 7425 2542 395 2332 9382 8463 6266 5931 2524 7054 5144 8329 6468 6136 4661 738 6286 2869 5856 8789 6972 3574 6955 2824 4300 7558 4836 6606 4585 4738 852 3932 8565 2061 2646 814 1297 2460 3613 8155 2910 3628 1103 762 9807 4536 7420 3281 3832 9751 7455 6213 8598 1183 9673 9739 4083 7028 9732 3596 1190 5744 9709 5017 6781 9689 89 5944 4691 9884 7071 1253 1993 9687 2315 8009 3261 8072 7755 9830 6482
2573 6440 9464 3377 8490 4804 9409 9163 6185 839 9608 7453 322 909 8841 478 9360 6067 3848 5420 1324 6392 2931 4275 6015 8071 7335 2607 384 3340 5165 240 6127 775 8569 7379 8499 1749 1885 4469 1111 3065 7215 1642 5494 2522 1054 7309 4994 8574 4490 7952 8114 3073 6441 5328 7912 1457 4754 8054 2625 9883 6322 7111 5922 6046 9667 9454 142 6772 735 5146 9050 1106 7892 421 8925 5717 6952 1487 3701 5308 3496 4398 5098 74 3853 8783 1116 8552 4554 4763 5363 7569 4827 4566 604 5806 463 9118
1462 9915 2523 2336 240 8731 2191 9755 8097 293 7301 5238 4268 6105 6837 553 8350 8170 7091 2563 2437 9065 5664 9474 2370 7474 8826 4020 9810 5784 9442 9206 9758 6158 5023 3203 7938 167 4837 3398 3442 6016 8511 9690 7581 7907 3088 2578 9106 2906 6912 1579 4408 8714 4623 4370 1657 7060 691 135 6848 7601 8258 3508 6957 5097 1059 3680 9747 1391 5592 5889 9296 1661 940 4781 2524 8998 6206 1328 6373 2831 5346 8752 6515 695 9753 1054 9334 5069 2197 1147 4951 9894 824 1096 6221 1943 9443 7977
2797 2989 2864 6746 804 2158 8535 4245 409 2583 9688 6164 5743 6618 2514 114 9041 7281 8750 6299 9855 8494 961 4973 3121 4967 7410 2969 68 9283 6596 6325 8414 1503 1821 4013 2936 8621 5122 2192 1400 4521 7443 4398 432 6662 5906 2733 2673 5846 2966 3485 2142 4934 2550 324 5213 8982 3077 3378 1794 1486 3554 125 2582 8314 3920 9439 4391 4185 3453 4971 7564 959 151 5813 7039 2586 8457 3087 6694 8798 2292 839 3676 263 5844 9591 5048 4102 2100 6886 1297 5818 744 5047 6419 3626 5331 2177
5269 7008 4229 3524 630 5497 3606 8752 8000 6415 4268 5890 5389 4971 713 6573 8475 5078 6882 3690 4516 5923 72 3340 9371 7994 4850 8830 7056 2095 4694 5424 3360 964 5033 3663 9569 3177 711 500 9167 1822 1259 3665 2885 5684 9823 5729 7272 8545 9846 265 6276 8345 1295 9964 3900 9408 7946 4975 5451 6816 2291 3664 8177 6788 252 7881 8127 1077 1767 3949 8206 610 4551 8532 5343 898 7905 7627 5548 4536 8770 6242 9878 7134 9355 4537 2246 5889 4699 9912 3310 4215 4805 1574 4217 6912 4859 4253
8376 7193 7554 2013 6806 6707 9843 2208 6641 9749 6088 4049 8897 7834 315 9499 5146 4859 7853 4428 2 2528 9513 610 277 4072 3986 5838 397 4731 7112 3712 6564 607 7666 8349 455 2268 3167 8414 5305 7261 2772 8982 6392 4308 329 4445 9472 7022 1696 4201 399 1440 4691 1598 5432 201 3702 2774 3017 6376 5361 8327 4805 7466 456 6426 3007 5961 3686 8537 753 5236 1706 4088 6695 4112 4394 6358 4688 8554 2360 1304 2448 807 9471 2068 8216 2440 2405 1672 6762 5521 9418 5331 5292 1635 5398 3063
8830 2674 9668 7585 3801 7246 3282 6728 232 9642 7427 9334 6852 3714 6147 7588 3268 8275 8565 4639 6000 5961 277 7425 2112 6580 6932 6853 5834 3690 7880 5233 4257 492 7206 7072 3247 5940 7923 7255 7277 4580 703 1618 5061 2935 9816 2692 8402 3212 9948 6226 6248 2021 5094 6236 9916 1704 3851 4577 2226 3983 752 4093 7396 8381 9197 4959 4661 3331 7692 3884 7803 7458 631 8565 2616 4533 9495 5243 2808 5292 6629 662 8865 8365 887 9559 9341 5329 5646 4538 2110 8025 3825 1225 3337 921 8384 9741
2907 3567 3332 5879 7395 1484 21 1108 8522 2481 303 7217 7182 2118 8958 3639 8627 3637 1497 3316 9561 9992 9552 6130 7346 1945 185 4092 6640 5015 399 6982 6814 5309 6500 6136 8772 2318 1407 441 2164 3723 5646 3450 3273 532 6553 4076 2891 2789 9739 5920 6158 1297 3383 8482 4170 1197 1874 1045 284 3397 1200 1490 6933 8022 1823 4749 6938 2832 5813 1898 6998 1856 9945 4443 6071 8698 2618 3777 7128 6360 9408 617 8645 9813 9036 5529 7931 2890 3988 6025 4854 6116 4957 5417 8884 3254 4395 1547
908 8523 4300 3848 7516 6360 7029 4281 764 5392 3653 5087 7189 5879 8500 2064 7828 1189 9601 7918 7318 6396 3393 2015 807 3965 6991 1005 5383 7970 8861 8439 3200 2216 2202 9864 7100 3418 5031 2902 2924 5724 9099 6049 6261 2137 5835 7800 2265 4520 5521 736 9380 3037 4967 5668 5832 3097 4190 5950 98 8238 6977 65 1860 4304 1984 5350 8279 4600 9055 2662 5915 614 3388 4456 2657 5117 2027 9562 5165 9797 9404 5819 8678 1630 2185 371 6149 5591 804 1226 6864 9199 6611 6976 5547 5444 8580 3793
5155 9196 4434 9671 4644 3730 3183 1307 2084 7990 7952 1087 7114 7302 8030 9331 9184 1194 6875 8916 2061 8987 3441 1732 5971 9879 1105 7188 1746 961 4182 4228 6443 8584 5239 6695 2885 4277 2644 1990 1815 3849 4387 3301 8387 2309 8144 9 2124 316 1077 5720 4484 7696 5016 6578 487 8388 4504 800 5575 7868 4632 9418 502 8191 966 4610 8239 8902 3498 4070 3377 9675 7008 8831 1710 4933 8118 6477 1099 5469 4967 1380 6834 2282 1875 2950 7564 2896 5203 5869 7574 6179 8070 4059 2492 1436 4392 9413
9735 1747 1487 1978 3561 8262 2089 4571 5927 6002 8576 460 4630 7900 7052 4563 4864 1804 2560 9534 5172 1747 5306 2099 267 5547 3307 6639 9741 6201 973 2648 7169 3929 4775 973 6206 7412 9524 8395 7477 6655 7254 188 381 5657 8729 3279 5606 9107 6166 1215 7698 2602 6345 3325 7889 1626 2933 8480 3417 462 6936 865 277 9821 2808 6491 2202 5983 4200 9107 8847 3073 3964 2397 8384 9678 7185 4501 6448 5677 136 5770 6549 5020 4529 1396 1068 7312 7369 50 4344 7332 7990 4228 7025 2733 3614 784
1124 8529 1233 6101 8143 4712 881 3327 8679 2861 6294 5606 5666 2962 8615 1092 8771 4850 7903 1602 3457 8824 4855 9858 3519 3091 1403 2116 5460 3419 5778 1772 1066 9783 1445 236 7848 6127 7187 6356 104 3168 5748 8831 1173 673 2867 2510 8426 8568 7446 4552 1040 437 5167 4841 6943 3538 4274 3431 5361 4331 563 2796 2505 4918 1003 6226 6120 8453 2730 2262 8721 665 872 8214 8528 862 3164 2132 6613 6662 9089 1805 7653 9833 2527 7749 3157 8190 3264 3119 9477 3685 632 2010 1080 3463 7495 9697
4528 7744 7380 7096 4700 5115 8738 7239 3235 7951 5644 7445 4505 8966 7226 1183 1261 3806 5940 8684 2955 5161 489 7827 2631 4542 3844 9878 3780 9079 4328 636 7128 3248 5657 4510 1187 3105 2200 3560 6217 3561 2343 7407 6658 332 7110 2605 7073 6708 212 5082 8911 5035 9174 1607 941 1920 4648 6063 4936 146 8997 983 5501 8664 9208 1203 2143 8513 9552 8968 7020 8790 6358 6850 4705 5436 2884 3385 1372 4974 7322 9920 6214 2885 83 5653 647 338 4767 308 6862 4961 7407 5147 7889 1386 1208 3765
1710 5109 4423 1601 3668 7684 1982 9188 830 1137 9566 886 1338 5072 937 5983 5210 8774 3161 4026 1313 9755 2554 7651 7156 6909 1313 7818 2427 3500 3516 9293 1759 953 1601 1109 2826 5086 1055 7659 1251 123 2135 5806 1386 8163 325 9811 5047 6474 2975 8739 1647 3397 4904 2728 4706 8628 1729 3901 2971 1429 9159 7023 3144 5502 3869 3965 8297 9005 3851 9540 5521 572 9125 189 1467 8933 4472 2861 8668 1067 3124 3004 3543 542 5399 6943 479 4301 9240 1307 1025 1451 642 6784 2844 8414 4784 7703
8541 2095 602 7913 9528 8316 5230 2881 9692 7316 8319 7570 4092 4352 6897 730 6303 2742 9395 7388 816 8524 835 8516 2527 3398 2419 6258 9472 2571 2838 9780 6236 9647 2392 3344 54 8226 1854 2064 4919 4735 468 6540 999 7317 4438 3125 8646 3058 6389 7189 102 6592 993 3718 2332 6497 2746 2813 6703 1837 8099 5964 4907 5714 1084 5316 4004 9130 4550 3557 894 2600 2575 9325 6409 935 6549 5327 5332 3666 5697 7477 8032 8996 7973 4462 8460 6185 2876 9911 3974 6655 3740 1808 7365 6327 56 7458
8731 7672 4905 6194 8950 7625 2968 8601 4439 1697 4069 5129 1655 4405 3651 3031 7529 2459 8986 3856 2977 319 4935 2906 2990 3737 7288 5868 571 1373 5987 6249 406 7521 7465 9831 8794 8649 1720 6132 4840 1185 2940 9744 1920 7274 6313 2638 9953 6289 2578 2155 1185 6247 1262 1270 686 8421 8726 4013 87 101 1702 4301 932 7795 5516 6630 4300 4336 5851 868 7401 6795 3640 6365 5363 6604 3062 9852 9943 8541 4690 662 8393 6957 757 8511 3345 4476 7663 6638 176 2189 6017 3598 3973 8178 3238 9276
4389 6868 3064 5 2222 9391 7314 8408 500 2265 1087 7290 5393 4458 2189 4050 520 7589 9548 2813 1538 1436 2356 8741 6573 2854 9393 9 7466 9866 8876 1639 9712 1175 4881 3948 9616 339 2567 1492 2916 1775 8433 5341 5158 8582 8979 1942 5082 1784 9790 1099 8091 2250 9386 6357 7945 2460 5837 5425 2475 7308 728 2706 823 4326 9001 8453 1937 1506 1568 8446 5175 5513 5407 618 6159 8638 506 2129 2801 137 3876 8983 8543 4439 9626 2249 609 1087 4933 9992 9733 3298 3450 4365 3296 121 2972 6253
3521 3881 9614 9520 4922 3961 9189 5300 3589 5305 4139 6197 2349 5218 2137 2090 3709 8088 8973 744 883 5415 6699 3024 8406 2431 3178 2735 9461 4626 8308 2919 3859 8265 7420 9509 8911 3880 8086 6732 2124 6185 4269 2615 2973 7753 9227 2607 1561 9777 2468 5329 6060 8073 7376 8651 9599 3438 1126 3310 939 3761 7351 6612 7907 1149 7415 8608 9323 9616 7251 1062 4165 5569 5437 1816 3920 5068 2132 8643 7117 8389 8784 3536 9465 5077 5733 6651 6334 3401 6834 383 8584 6798 9400 8336 459 8422 5144 6654
3507 4259 8751 8025 1481 5908 2436 5261 6259 1416 6474 3914 7593 9921 7771 1683 5018 9846 7480 2066 6733 2708 6772 6846 8871 5190 5607 2619 3649 6757 8385 550 8888 3500 2923 6876 5294 6646 4883 6151 593 1572 2815 8803 2758 6161 1794 3880 6633 173 5910 8333 8081 1562 6753 5143 5289 2242 1715 1407 3942 6497 3889 2645 3175 8724 6566 1858 1882 9772 9660 7721 1308 8576 328 3767 1173 6527 5280 8867 7893 7875 3510 3468 1952 6001 1989 5945 7658 8483 6427 3276 1108 5138 1571 8313 9240 6282 438 8971
9154 3381 8890 5059 3155 8251 920 9619 1651 475 8046 1250 7822 702 1413 2121 2491 4246 2286 4533 420 4779 5327 7234 102 1539 4685 8502 7449 3176 9446 915 5538 3697 9282 6103 9572 8832 3457 4774 9528 7797 4748 2065 4385 2811 3175 9301 271 552 9521 5808 2107 5910 1580 4521 6862 1605 2672 8901 3294 2285 3512 1877 8052 9064 7941 842 4987 1612 1833 9485 8337 2133 9733 8801 6055 6212 7653 7499 1609 6295 6193 3100 5860 4652 8273 877 422 8863 2742 9254 8111 9906 1556 7535 6789 8806 8655 1990
9018 5086 4082 2847 2712 4446 7321 1406 4618 5950 3033 4780 4044 8814 7529 5883 4043 7082 8722 8666 2181 6562 7713 7347 6296 6339 527 1252 7281 7493 3348 6758 9836 142 5148 1535 6064 7388 4367 6668 7936 9701 3820 3950 6173 3880 1670 3385 3417 636 2687 1949 256 1749 532 31 163 9665 930 3308 1539 575 9168 8321 1548 1054 8756 7001 6351 1003 5731 2962 4063 5801 352 3745 3381 7441 5152 9103 4900 9821 5618 1857 6202 9720 567 7960 7957 6184 3828 1243 5434 4758 2924 7389 9385 2731 5536 9221
8557 8883 1461 4560 496 9595 8580 4213 7154 6781 2645 3275 7606 9888 1104 137 450 8961 6141 5670 4486 1225 3223 4236 4032 7018 7562 3798 3861 4009 1156 6230 3256 9740 6018 9789 622 3814 6275 1225 6354 1947 3717 8273 3040 3631 4947 7272 1763 5076 9387 1241 5133 50 5239 4041 6982 1634 6526 5996 114 4902 4408 1095 3829 3483 8345 8442 5259 3298 4829 9467 5831 4920 8152 3553 3230 5365 9160 7334 7867 1874 5669 8124 7023 6533 2588 5774 3906 6852 7956 9655 1180 5435 1482 7761 3294 7091 761 5680
7235 7265 8381 29 77 2033 2158 6784 4722 1773 3243 7464 8201 7386 3679 4705 6774 9631 749 4723 8815 3651 4278 1360 557 1922 4059 3436 5709 9163 9688 4783 7870 9184 1723 2344 4656 2459 6145 6708 9933 7500 1025 6507 8421 498 562 3617 2851 429 9590 1482 2504 5193 8545 1332 212 7669 5556 7997 3743 7932 8017 3573 7902 6788 4344 9487 950 2829 2185 293 4085 7161 3709 7973 8063 2445 3433 9332 81 774 2141 6608 8847 3442 952 9398 1237 864 7460 7497 9489 7801 7420 3166 2655 2605 542 8341
4424 3067 4617 4045 9562 2696 9627 2204 9923 954 3057 639 7143 4210 3439 124 7321 7577 9529 3320 4417 1686 9635 7809 8905 7497 8938 703 5075 1262 7632 228 2809 8390 2972 5735 2568 489 4692 5165 4072 7240 8188 4942 9744 8954 8980 8346 8911 8524 5378 8121 2867 1187 9816 8662 2961 6496 6078 2293 8560 2235 5115 6788 5842 2315 8373 2741 5179 1784 4190 587 5372 6951 1035 7784 8608 8050 2217 1393 861 4432 4227 3419 7482 5567 8596 3456 8609 894 5585 8845 1410 6192 779 1825 7117 5032 1964 5864
7382 5122 9204 4284 8542 2919 7408 7371 3668 1981 1605 4860 2648 7848 1839 8804 4466 6367 6194 8540 8053 8748 4421 2922 4444 7369 8145 2750 9055 4946 6647 366 5821 6581 4618 2125 4585 7551 1013 7935 8546 8333 1381 9905 7717 1796 8270 2807 351 6081 3451 9862 6829 1939 7015 5747 9023 7692 7715 9422 6810 3585 2542 7712 4255 9094 6709 1999 1783 8767 1673 84 9225 6939 5448 7125 363 23 2169 6141 1326 3638 738 2515 3020 9833 113 7515 1635 4383 4225 5338 8838 298 6657 1415 9336 5056 835 9018
7494 8104 1771 3963 1035 3986 2136 1126 3679 5609 3605 3063 6973 9869 6906 8100 6469 8518 7605 7100 3341 2353 3417 7821 5136 3938 3748 5243 8189 3489 5403 1819 4989 6130 9464 9937 5033 2095 5356 7955 6033 235 3205 1482 1649 7177 9226 2317 613 622 4705 260 7448 9717 3015 1562 2103 6028 3505 8210 9860 7234 5361 1536 4866 7731 2688 5411 4053 9587 2617 2142 263 8821 6642 8038 9061 6091 5129 4871 9354 3372 9765 9250 9936 5864 385 17 8822 1686 5686 8560 1790 4362 6395 193 1562 796 3894 1899
3959 549 8772 1967 281 5723 5736 211 6882 7303 6433 3259 9928 4648 1647 8296 5046 2071 9605 2018 7920 6541 1316 9728 5124 8090 1031 3124 6514 189 4578 4931 2763 8637 2779 8672 1118 6494 115 8421 2288 1063 8985 2985 4842 7423 2520 1336 9356 5361 1379 8399 8190 7142 2925 1473 7343 4486 8294 4118 3951 4075 256 9527 2862 4441 737 9567 1884 8165 3908 6981 4020 9695 4580 4614 2591 1239 9283 6464 909 9326 1858 3749 5030 972 549 6455 2841 8734 3293 9671 5298 2020 7264 4430 9665 716 1328 8904
5461 2460 6349 3645 2177 874 9754 7870 6863 3285 5271 1614 3111 5695 4593 1289 8353 9438 2009 5728 907 5605 4389 8553 123 633 7609 2260 7700 3261 7607 7947 7406 6034 5735 2889 6972 8945 4661 9083 2128 41 2348 5096 8039 4928 7459 8803 4904 7614 5140 1476 2522 1742 4851 6373 8479 6383 9554 7374 4645 5252 105 9583 6317 3557 2262 8132 8373 7147 9950 9505 8900 1894 3610 169 4724 7094 5093 8879 9639 6052 357 4549 6535 3279 4184 3819 2295 4483 2722 3569 5491 7133 2519 6396 2037 4034 8741 4725
9758 9789 1973 5002 1805 2749 1837 1904 4534 566 5610 9759 2256 2598 7724 3045 2854 5141 2636 2318 2614 602 5292 8473 3006 2470 717 1807 5909 4177 9804 4805 8559 6477 8490 8023 3867 3878 1240 7072 9954 5300 7919 5554 3024 4955 997 623 350 3846 7808 2702 5862 4472 4921 8748 5643 8668 2572 8968 6297 4815 8758 1978 1757 6385 3064 6972 7466 9999 1279 9810 2493 7021 6023 7340 930 3077 1544 3417 1189 4434 2670 2026 4794 6076 513 233 7282 5531 9288 3247 2408 4990 78 6424 3101 9119 4048 5039
7710 6052 4208 5472 6987 2829 8175 5726 8824 1905 8202 3563 8493 5541 1029 6306 3336 6947 3497 5326 8191 9379 9471 2345 1977 5388 2637 5230 4503 7647 5372 8937 4319 7907 6207 4030 6382 6052 723 8556 6053 8988 5582 778 739 9188 5238 9134 6400 9343 6083 643 2172 1672 5887 274 2484 8489 1844 5924 8302 5124 501 1661 516 4534 4857 4857 9299 883 5898 4242 8934 7665 9358 6503 8747 9682 5895 9573 910 5579 5781 7127 5120 7092 6176 2579 6538 7514 8480 7772 916 5064 7989 2827 9440 8987 4235 2160
3448 5816 6040 3355 5750 3948 5367 3068 189 4160 6672 3669 1659 7867 6427 7712 6618 1175 641 4116 7908 3676 1893 169 2880 7592 6556 1130 8724 9060 8274 3585 631 3988 2325 6825 7141 9224 3496 139 1343 228 9046 918 210 6542 5601 1262 341 7498 2784 7438 8238 5929 5893 2813 7009 5373 8324 6473 7391 4840 7588 4201 1738 4519 6004 7259 7288 5311 9955 157 3606 4017 4081 6540 4588 5221 7841 5617 9745 6989 7802 5489 6023 2359 7811 5778 1354 1960 4342 5367 4835 8215 2702 6587 4311 8376 8343 7758
2457 1151 3979 5092 11 3412 4103 5543 8552 2263 6000 7577 5697 1230 8084 5934 1322 828 5186 5383 8595 2209 923 237 8221 2766 9998 7042 1150 3246 5971 7449 2993 7268 4455 8657 6926 3051 3960 4687 8177 6828 7259 4360 8101 6998 6774 985 618 5638 2556 6422 4080 2671 9973 4493 3961 8895 9822 8500 9366 4442 2103 256 7196 822 9409 4580 3136 4049 4869 8540 2484 6446 7697 8757 4329 5466 7318 1501 8656 6063 8123 6201 5053 296 1305 1006 4186 3967 5004 6270 2191 135 560 9839 6279 6202 7410 8051
2782 6706 485 3402 1095 8046 8426 7376 2640 9831 3172 7318 1265 6452 6134 3487 1465 5977 3535 947 1456 8722 7909 7122 6170 8264 140 6927 4550 2889 4636 617 9649 4960 5187 6155 4326 9303 7721 5531 3085 6683 5281 4094 6946 7039 3769 1817 9689 4028 7289 5854 699 8691 2548 5447 1076 9490 5873 9610 9526 176 9062 2203 6321 1193 5084 1202 4450 4105 5426 3722 3769 3928 2046 7778 1950 4169 6517 6367 4480 5850 8326 3289 6448 7793 7685 7005 9743 9804 7955 2223 6265 3007 9798 2138 1014 5365 196 2404
4384 9305 2637 396 7183 9433 6041 4963 2421 8433 2534 4164 8756 6248 2524 6825 7742 6173 6683 2160 8863 9 9585 6565 742 375 9279 7894 1280 3154 6169 6480 4258 6653 1509 9950 4890 7886 2229 1230 7664 1378 7591 2246 4273 1985 7562 3188 7677 8097 6097 5649 8740 5155 3292 6709 8753 9121 2266 9690 314 1936 76 3587 6910 6382 1758 2724 3305 1559 138 8826 4693 1941 3292 8857 6958 8545 2087 5596 175 8750 2596 3219 5767 418 1999 8992 1558 7858 8657 272 3522 6001 5890 9799 8048 7926 694 697
2217 3671 7192 4075 5641 5293 6234 2253 3043 9890 557 3783 5802 3441 3548 9625 8619 5261 8117 7946 720 7153 4401 1002 586 7911 6408 7578 7456 7600 4279 6355 3393 5589 2914 9998 3265 6749 3331 1659 1276 8380 3128 7548 6417 2132 6688 8440 2208 4810 3939 6776 5491 3682 616 9973 1747 5828 7489 7357 7283 7050 8727 1430 8450 8477 8707 9396 3202 2251 7195 9259 1228 1140 7264 5871 178 4698 5175 3253 2461 2539 5228 6607 9547 431 6102 6917 4644 475 4764 1118 6595 5210 1663 9534 9151 4795 4027 3010
2684 2736 6387 9100 9424 8311 8511 3092 9045 5040 3783 6379 4488 4675 1137 6098 7641 6613 1385 1161 8956 361 6043 8018 8684 2779 1193 5858 620 2028 4533 7578 3589 6368 6298 1472 8282 1861 7544 4953 6868 1933 2996 3413 3636 90 8618 3613 6716 2578 1406 5666 1920 2244 6438 9793 3258 1535 7769 6834 6871 9582 2843 2609 9509 5818 7200 4970 6166 9141 8605 2421 9102 1656 7 5680 3443 1988 6718 2825 9359 4362 3983 4896 4976 816 5814 1697 7956 6128 7731 3966 8698 1695 6009 1272 693 21 4897 3106
8490 230 3283 5357 5429 9698 437 7640 8669 2201 5876 2087 5407 6330 8411 1007 4685 9993 7444 8400 1254 7488 333 9253 4153 5086 5476 3974 6613 7991 809 2038 2383 890 2568 3001 4711 6986 1585 2549 8758 1100 1459 4487 4188 4680 679 5681 2523 4492 3612 8773 2345 6239 3203 728 9578 5445 2743 401 8158 8348 4009 7201 8042 6397 7563 2432 6325 4762 8874 3182 6841 2153 8609 3840 2831 6091 4708 7394 9936 8219 5542 3078 1610 9460 5151 7908 4596 5414 1918 6806 3346 7340 2476 3455 9711 9901 6896 6506
3203 1362 8013 2559 5454 1604 5569 502 6119 905 2098 312 7 1363 2639 3356 8707 4121 6651 8810 128 1020 8767 147 28 2543 5647 2057 7208 863 3572 5777 7312 8091 6552 9778 5766 9234 4107 5802 8890 2469 4332 934 3689 9727 8085 4684 2023 393 2572 3039 8568 9207 6376 8361 2707 2673 766 9114 7385 9758 8843 5706 7413 5023 8303 6396 3903 6384 5103 2433 2778 1333 3899 7623 7649 1077 7102 5614 3288 7903 4958 1979 4935 3531 2342 9113 6971 1059 7887 2499 6758 617 5011 7704 8875 1540 6468 1675
1678 3748 2801 9153 8830 9806 3418 3994 8764 6488 3712 8072 7095 8629 7005 6241 5915 3024 7028 3962 3586 690 1478 4167 849 7521 828 4143 7249 6825 3580 2502 4523 5981 9521 6146 6677 6518 8698 531 1457 1735 4394 8273 4837 6895 8446 660 8993 5515 7322 4846 2484 1959 4247 3679 1472 2509 9488 3789 955 8832 712 933 2011 8890 5375 5243 886 2244 9836 1550 6711 2944 2300 9949 4020 2455 8863 211 3785 6876 2702 2303 6764 7671 6468 8473 1000 6421 8383 5414 6998 6768 6804 4139 5158 1745 4058 6108
3808 9160 3555 7114 8086 2934 2352 4525 2807 7117 863 6606 6651 6527 8521 619 5920 3237 5689 4405 5910 3458 2499 2191 6902 1988 1877 986 5270 7536 7261 6694 1442 1089 6645 8614 594 5682 1060 7073 6257 8975 6720 4856 5439 6592 9031 3730 9740 592 5802 7031 914 8340 5670 4033 5892 2247 6910 8484 3953 6007 9420 1489 9901 678 2236 3629 4138 6225 7272 7079 6153 2496 8835 1795 2797 479 9496 4673 2699 9248 8679 6040 8818 683 325 604 2933 346 4436 7767 787 917 8588 7001 8007 787 8790 190
5261 8652 4502 6460 8407 3525 4308 5989 3278 5524 6223 1709 8765 1113 6559 9853 777 8871 5794 9735 7345 2029 9537 1780 5931 5361 7312 2961 9438 1390 7289 6331 8518 3390 6573 7418 5023 703 3866 6978 3264 9258 7438 6450 3799 8585 5669 3249 2451 1699 1542 4188 5010 8267 2129 9687 8172 4133 1073 4441 3550 8497 8520 881 6894 7750 7974 1783 300 7087 2891 3326 141 9899 9408 2316 7837 4782 4273 5338 9883 4702 4 4204 7648 1433 4945 9316 9629 3010 6090 4934 4957 89 8727 3564 9938 3274 6227 7590
9570 2077 2337 7482 3993 6134 7774 5430 9538 1343 1508 7146 9169 4182 5255 9513 8294 2775 9594 8920 2033 9279 280 308 7948 4288 4268 7819 623 7346 3104 8337 3580 4811 5948 2264 9358 3739 1062 5572 9935 3256 5870 8354 6289 7551 3877 4165 7890 8684 1971 1105 5834 5111 9371 6530 3937 2385 3962 9140 3955 2095 3240 1858 7015 5629 997 88 96 6749 7456 9010 9590 2173 6139 3949 7433 7110 1914 2320 2343 9655 2610 3010 5351 2831 7673 5263 3416 2517 6501 4084 2045 5736 837 5338 754 3348 5546 9286
7791 9134 6452 3865 6819 4992 6548 9660 3133 1034 2909 3854 4772 1511 4902 97 5201 1405 594 2385 245 9945 1194 1805 6262 5011 8339 3007 7465 8292 20 961 4784 3692 1103 1455 5499 808 9902 3445 5503 8879 9269 6254 4395 9785 9269 1944 601 6648 4476 4946 5124 3521 6479 9655 6997 5543 3345 1596 5438 4573 1917 6187 5815 1078 762 5057 1034 1759 3239 9175 8016 7628 6008 6835 6280 4379 444 8474 4717 218 4527 6361 7410 4201 4416 8802 7240 6151 2746 2774 3976 6828 8131 7086 2914 4000 6754 885
7131 4582 35 8987 5578 9811 4766 9696 8683 4349 8390 1012 4684 2819 8242 6996 9138 351 5433 3990 4683 7466 6098 9195 6427 6545 7876 2472 3950 5880 7147 7899 9707 5112 8907 2428 556 6927 8904 6211 5576 7211 5096 8100 7896 3519 3194 4922 5486 8064 6483 6240 4594 6399 2849 1271 7410 5687 9646 1129 7292 4755 5562 3646 1400 2569 346 3772 1139 848 8081 461 3185 9057 1080 6194 8551 9437 4534 3737 9677 6668 3192 7223 5119 2856 5547 6661 6727 7959 9477 2496 7556 8896 9396 2032 6970 5056 7422 3201
3244 8462 6223 332 3786 1637 1939 2831 3056 1909 8624 2029 5086 932 86 6359 7942 9191 562 7274 6054 3734 5918 7855 1840 5646 8638 4713 8768 7952 8228 3959 5616 3682 1503 4349 178 4805 6681 5938 6088 5523 8168 7604 2521 2977 1116 7150 9092 7350 8590 592 1633 284 7313 752 8104 4210 7256 2794 7933 9213 5048 4324 7691 1344 1706 6590 5252 2398 6515 9096 4379 2193 4169 5579 3757 3431 1909 4880 428 5276 65 932 8541 9445 6704 9243 1537 5107 2599 7327 2175 87 351 7815 8202 9086 8085 7272
5845 3971 8108 1232 1156 3860 6931 3431 3649 9729 7618 7913 8205 8309 9694 6768 3775 4711 6914 3015 7479 1633 1626 418 3565 7462 1175 4065 9816 4368 1650 780 3527 4324 1580 9070 2478 1681 8566 8870 832 2391 4579 47 8506 4355 8377 4025 6076 2725 7054 7983 3507 8777 4138 972 3645 3246 5892 8562 1966 2572 3459 4070 8118 4088 5649 2917 7376 1550 2028 4270 4069 4557 2779 3423 8583 6415 5291 1804 5893 5715 4212 6011 2366 9979 7052 2690 6585 8031 4076 225 3261 8353 382 5968 9380 6742 8053 9138
3844 811 9643 4539 4339 7910 8153 4012 8812 653 9741 5592 4801 4933 4715 9595 801 1285 5212 2177 6087 7655 1131 9730 7088 9494 2921 9517 2494 1025 7419 1856 2494 8601 6656 6804 2393 519 9608 1334 1742 155 1396 9568 9531 2773 573 6754 2753 936 8358 222 4499 4290 4052 8430 8590 8137 9923 4164 9970 198 1864 5792 5373 5940 4284 404 38 1988 3976 9169 3373 8565 5011 352 991 6697 1839 9539 8047 8711 3271 1311 4533 9904 3415 6531 776 4836 3568 7591 2957 6829 2436 6221 3436 1110 9427 4169
4430 1177 6049 3544 6631 8803 3857 7140 5649 939 914 1962 2194 9284 4910 9018 4019 8702 7829 8519 8388 2533 7046 5967 1127 427 2134 4448 3543 843 3642 7014 2843 7992 1087 9170 8510 7893 250 7939 4377 6279 49 1990 6640 3165 515 7078 8841 7575 1138 2995 6554 9424 664 4169 6386 8299 4383 8607 2709 6519 9795 8278 9878 2703 9696 9519 3514 3152 3116 5006 8119 61 8364 3132 3078 1527 9222 3674 5917 7649 8994 44 1978 1978 9221 6926 8105 2441 3318 4760 9823 2294 4426 2454 6447 247 278 8505
7357 1844 1330 2579 3395 1180 5623 1721 7342 8292 5141 4437 5485 5686 3429 7852 8514 5077 3323 4367 423 7529 8988 689 3876 9772 6209 8845 684 8828 1396 990 7426 2102 2005 2535 7666 2246 2275 3507 404 8638 4444 3257 546 3084 7334 3008 7782 7782 2671 2616 2752 3486 6528 2233 4333 4626 7409 8758 1988 6814 9203 573 7359 9510 3079 5080 697 5698 1014 3387 3876 8270 4097 5884 61 6517 727 2393 3108 5174 859 8570 4209 1155 8739 114 6912 7032 4757 4233 3117 4051 9910 9942 8911 9500 5412 9343
6254 3271 5487 2458 9239 2484 7004 3274 882 2487 4941 8582 2667 9181 7729 8959 1000 1395 5839 8974 7970 6661 4748 80 6764 3073 3398 7654 437 1016 657 3607 3215 9701 6911 8642 3730 9580 4833 6628 476 8991 6437 1835 4889 9284 3928 365 354 2200 6100 9226 5384 8580 6344 8922 4431 7929 5291 3924 4437 2573 2816 745 3638 5321 2076 7578 6275 2071 2849 8724 7965 2454 8556 1400 5381 5680 5794 4589 8384 2672 521 8564 6656 9356 4230 2142 183 9145 4269 6088 5865 1530 6598 9815 3527 11 8497 1019
71 321 6284 4241 5869 5275 6024 6594 5086 2176 9209 1927 4633 9989 1919 5590 4236 8235 6759 7493 6902 998 9128 1330 1595 7985 3411 5572 1760 7993 1938 3464 744 9022 7820 821 1886 915 6659 4810 374 2464 9243 4566 9564 7078 3818 3512 7441 1908 2941 159 7465 575 4193 8220 6941 5319 9683 8320 682 520 3001 750 4911 7919 9960 950 7796 5669 7127 9316 4101 3034 223 5934 1541 1074 2858 9599 2532 288 4931 4364 6544 2501 3965 2796 1561 4562 3169 6736 8197 9298 6287 7136 9507 8711 6646 4733
7881 971 1366 8659 4721 9884 5196 7425 2405 4861 5098 9619 6908 1341 2851 8312 5610 4609 5741 4404 4158 429 3592 26 6059 966 3370 8191 6647 8130 6038 1512 6343 7777 8672 9663 280 1414 157 3 5784 372 443 9467 2770 1313 9369 1207 3978 3078 1694 5437 1611 6930 6874 1240 3353 6801 2566 934 8282 3200 858 3471 2824 1909 3281 5832 2170 763 8947 1898 7247 8890 6984 9043 444 7649 8251 3035 765 2054 714 8345 9679 1712 9234 4166 1325 4414 5653 4556 7469 6671 5449 1892 592 9656 934 54
3354 3914 4347 2431 4412 882 7492 4481 6422 9514 4436 4921 6170 6592 9615 2668 595 2231 587 7843 7821 8076 8094 5759 807 6971 1197 1641 621 3631 3517 3335 9934 87 2151 1604 5495 6926 4897 5668 281 5814 8356 7928 6257 407 6002 5713 1942 9569 6242 4751 216 8182 1330 8137 662 1672 928 4784 3202 9699 4010 8057 4943 52 3268 6869 6388 6868 617 7293 2361 1755 4537 67 3028 2465 3980 6261 6621 9767 4644 1885 7780 6220 1257 1845 1789 6266 6355 8093 4862 4674 5352 8484 8458 7282 5185 4339
6756 6017 9725 2390 1547 1304 3680 3022 6366 9417 5530 8612 8089 9869 4209 4616 9344 7938 9213 5780 3684 4502 8971 5605 5967 3264 4313 3430 6155 2656 1258 4310 438 9394 7639 6956 9327 5392 4354 3752 5733 9001 3827 4384 5913 5549 6762 784 7451 7611 4806 1652 4354 8263 8582 5028 7826 8227 5731 1928 1782 6364 6354 6778 6640 753 6417 789 1559 6060 697 5075 1232 4650 3540 2140 6348 6456 5311 5258 8197 4356 238 8819 1455 3339 5801 8683 7130 647 2539 1054 6567 7462 8338 7103 2137 8412 8814 9719
4960 3100 4037 477 3114 7538 1808 4978 6886 6152 4996 5089 5260 4070 4829 973 7346 3502 1289 4510 4151 7320 1581 4410 2336 766 9343 1396 8884 3648 4994 520 8359 6282 5797 7532 7639 4800 7049 2169 6595 5263 5188 4107 7777 4353 6460 7549 6631 1666 4122 7144 5478 4575 2359 5167 3674 4462 8232 9671 5471 7601 3621 2186 6878 1171 8458 3500 4222 4254 8 3282 8155 7847 899 3491 4330 5557 7761 265 9308 2974 2861 4761 1165 7862 9105 7305 707 7553 3369 3172 7950 9501 6395 787 6217 7039 9434 9399
8825 8363 999 7117 6048 5968 8213 2782 1315 6000 7781 5452 9097 900 2317 4164 5981 2708 5904 7304 7029 8323 1731 8409 5494 4392 1246 6801 5719 9065 8226 91 2120 1152 9201 8362 8491 8746 2682 6800 9033 2048 9672 2285 1711 9543 4851 3094 2860 1313 2550 6916 9605 6629 758 2033 4616 8721 1037 2772 4967 7364 3490 6523 2893 1453 3761 2617 4974 4667 3039 5165 7859 5481 3307 1451 4235 3601 5859 2539 1848 5294 9962 3371 654 5290 7474 2458 6690 4507 4302 8612 220 5821 7664 2937 1496 7609 5617 4977
7429 4696 5651 3074 8966 8200 7212 6365 5930 323 4545 6592 996 7864 5574 5085 8081 8880 3981 4837 25 2826 4266 5064 4603 467 770 8062 1577 3712 1837 5862 9521 928 5150 7463 9596 1285 4722 9341 1095 1030 5696 7970 4447 4547 3952 8890 8701 5351 5083 9380 2360 5909 9533 6249 1414 2956 6929 1966 5092 1581 6125 2299 3532 4342 2075 3940 4858 9218 2615 7260 6696 4155 6330 8588 4941 1458 1655 3412 995 1549 9790 9372 9663 2056 6984 2540 3628 4542 1903 4911 1844 5844 2443 7736 911 1795 5086 7179
9196 4583 8782 5492 7856 8433 7400 9926 4226 1074 9144 7435 1228 7535 4359 474 3284 9496 1771 8679 1150 4811 7912 1157 3160 8271 7246 3371 6280 1871 9374 1835 2130 4740 4124 6102 9476 1857 6108 5112 6541 3864 5798 9949 3576 7958 239 5084 3271 170 8035 5096 2954 2770 6119 1921 8128 1073 6605 8104 6152 339 7715 4583 168 5097 1585 1989 9669 3527 5137 174 7133 7008 7541 9439 568 8527 5460 1530 5791 1453 8260 225 4996 6861 930 1294 9004 2406 6812 2544 766 4398 6161 8714 2472 1664 5532 7732
361 1034 7356 8692 2618 5438 9097 6163 4417 9150 7083 4916 2353 6027 3720 6368 8628 5546 467 6017 6323 2490 9376 6842 6696 8829 3616 1447 8797 4935 102 2175 8490 4718 5835 5738 7390 5986 4081 7822 5199 9989 2206 2321 2540 8190 492 2492 3709 338 2571 7815 1057 706 1235 2628 1191 7560 3165 8789 5112 7779 4667 2721 1883 2235 7256 6317 7108 5771 1812 4210 3302 5394 2588 3515 2233 7993 2474 4539 4493 2097 8392 2619 2672 5707 9624 8357 8946 4062 6332 6474 6023 7864 906 3098 4785 2303 5848 5494
2693 863 2854 7720 6787 1729 8526 7603 2864 9121 8744 969 8850 1414 5036 997 8037 9244 7451 3952 1078 1523 9845 7116 8115 4818 7513 8434 7623 4792 8484 6063 7632 7560 1820 5035 5438 3832 3750 2870 4104 4513 33 3616 8399 7148 4142 8099 2485 7299 7114 97 7394 863 5104 5273 2346 2288 6935 1279 8530 636 5783 3201 838 4787 3020 7917 4425 8897 310 4349 1068 5005 6212 5956 3705 8670 7115 3557 4589 8671 2546 24 9282 5978 7607 402 8412 8590 156 9588 9451 5337 3150 8661 6238 3384 9515 2892
9548 553 9347 4598 8352 6736 3255 3784 5963 4314 1211 9933 7302 7633 929 5595 9755 5648 7395 2671 7009 439 5127 3379 5794 9243 4760 8201 8939 6870 1377 3099 977 5636 7283 1777 9356 7548 2786 6166 5681 365 6842 3045 9293 1125 2580 2618 185 833 1398 8961 8902 3716 6367 526 6212 9278 6609 9678 2849 8927 6629 1567 118 1549 4840 4775 3144 3067 270 1636 6034 2628 4431 8568 266 4793 6659 734 8017 3740 8248 3911 1623 9196 6688 9070 9719 4248 6330 3556 626 388 7143 773 9709 9197 2516 9918
7502 6981 8519 2204 3918 1546 6733 6828 9137 5621 564 1942 8847 6258 2096 4554 280 4385 360 5146 6303 5789 6457 7722 743 3544 7010 9329 7129 6828 7227 2482 8455 8193 9365 2982 6971 2308 1912 8610 3659 7568 9916 9770 6147 3713 7101 4106 7448 8632 1163 5999 4491 5624 5009 6655 9455 6461 3248 7574 3106 8270 6687 6553 7917 3677 8077 9958 5542 6892 5866 272 9146 4430 9670 1023 1738 4795 3571 3459 1539 5593 2480 9696 9144 3867 7589 4287 6312 1207 4120 9383 4895 8962 4236 7544 3281 4049 7561 6893
8099 8561 3520 8025 7948 7200 9292 6276 5083 4179 8724 4241 7909 6181 7721 4862 3861 1390 7563 3410 7708 2264 8766 6175 117 8264 8629 9134 6174 1759 4738 7237 2778 2481 7752 7058 2092 5414 7907 1799 8588 1230 7653 2419 6630 7009 8194 6088 6478 2120 971 9323 6305 76 2428 1406 2535 2599 3697 7399 5531 5034 1879 1819 946 5412 9209 3761 7414 4049 5668 1729 5718 3780 7623 2668 6791 2320 2682 3300 4951 857 2162 596 6430 3226 7404 3156 7074 5492 1668 3768 6885 9447 583 3472 5679 1478 5297 8982
6104 2907 7670 1501 6181 4126 485 6759 1377 6592 9112 9287 392 2456 9694 6240 3531 7295 1960 9750 9904 6074 424 5030 7229 6221 1378 3273 2709 3834 8512 9303 6102 5511 5745 8180 3937 2693 9887 8386 9939 5733 2868 887 8378 6373 249 2335 7339 1142 7777 8242 1139 8579 5435 503 9616 8417 7185 9726 3003 946 6772 156 4786 35 9706 751 211 5410 8028 1558 829 9578 6016 3369 8487 4529 560 7929 8880 1188 9499 2680 116 4572 5687 3527 1085 4783 7198 8071 1166 6219 1328 3652 9131 9735 8492 5685
4944 4126 8797 2287 5343 8015 5200 8045 3475 4594 1399 7403 4099 1992 3324 7600 5632 5123 4044 1128 5278 6296 1716 1328 6266 1494 2291 9770 3210 9451 5973 7552 1808 4337 4623 9588 9726 8245 8485 6531 8390 1070 2771 1395 2957 7323 1012 5455 2249 5907 3656 4188 712 9694 2366 2640 3366 7841 920 2828 1268 46 5166 9780 7757 5458 2735 217 4292 8418 2390 1440 3341 9483 1575 1038 5392 3885 1172 9484 5002 4248 164 7633 5677 5416 2019 6512 8229 595 8354 4534 2555 711 6212 1754 5365 7587 3121 9785
3411 3499 6380 3527 1519 546 2671 143 4747 8569 5339 3344 7143 4467 5264 4085 6979 898 6733 525 1018 5948 3835 3659 2616 2979 7420 1621 7067 2852 3685 4548 7800 9144 2248 2588 2960 8273 5484 2277 1518 2047 5959 1253 5210 9180 5280 2000 2082 628 5814 7551 3582 4100 4877 9324 4088 9576 7805 8555 4022 2546 7258 7804 5912 3335 6910 1316 6517 149 5603 3709 7715 7949 4383 5445 3700 5311 545 4347 988 1210 862 7477 4181 554 7798 3578 5470 339 9103 1344 1177 4034 1935 8692 1638 7294 5105 1286
6044 250 4703 132 7017 437 6087 7714 2002 1890 2112 8465 515 521 2544 8240 9143 1895 6212 6644 4768 9748 1653 6071 7886 1539 2699 4136 6957 2390 3977 8201 4905 5255 927 7145 9789 1697 3792 3368 5205 5876 9974 6995 5680 7376 6884 1307 8809 7254 2439 1475 5381 1926 466 9899 2112 9850 8631 2604 9863 537 1474 2711 6414 5642 2282 3442 3066 6413 8331 800 5188 4802 6991 8399 6085 7854 2053 1173 9875 8117 4813 2464 7018 8104 2674 5658 2338 5539 7226 8825 9986 528 9515 5404 8623 9739 4940 6405
522 8264 5364 9459 8149 663 4151 8133 1238 7547 1147 547 2447 2242 7671 1107 1620 6415 9319 6992 7178 9700 3548 7986 9062 1313 1770 1171 4791 5598 7583 8965 9613 3907 3223 4243 9927 8177 6922 1483 7528 6432 2659 9390 2305 8136 4410 1490 548 6283 4501 3270 3949 1119 5152 2173 9551 4917 3917 3878 7916 2810 2276 1427 6494 9917 3801 3442 4811 8529 2145 692 4382 8036 9240 3490 3974 2708 1088 3706 5393 2984 6486 7690 4191 8870 7862 8011 9225 2772 7959 6969 4654 7563 3308 5232 3418 4660 1 48
2203 4904 8517 5782 6590 6185 5861 4176 3771 7948 3599 2352 6543 3230 7953 5506 9737 6948 1697 8799 7900 4715 8792 5641 2137 6033 5693 6915 4125 3396 162 2498 4239 2661 8053 1498 5011 49 7656 8013 7839 6936 2706 8036 5988 2048 6696 2553 3431 2176 2351 1505 4385 6851 2505 766 5927 8865 9650 2142 6494 7711 8852 2411 5330 655 8766 7164 1122 7543 3762 4727 667 1767 8262 4202 4757 5208 3150 802 2547 7056 7175 1178 5872 7346 2149 2948 240 8896 4374 9976 9195 2368 6990 4101 1800 1066 3320 2221
7650 548 5683 5290 5559 4796 7244 320 7651 103 2339 3849 8508 1174 6970 9780 2886 5652 7904 9852 2332 9910 3952 2686 3962 4469 3044 4336 2238 3206 3817 3264 1347 431 2226 1170 6046 2296 242 7950 8282 5260 8510 4928 6557 1386 701 1953 1436 3109 352 7357 958 899 6345 481 5169 103 8117 2243 6419 3959 5431 4607 3197 1565 6109 1224 1313 2338 8681 7969 8475 159 1282 8904 4776 2271 5913 2758 4330 1891 9691 5243 5359 6599 7360 6105 3150 4554 424 6176 1585 6079 967 5119 1491 4205 1611 3932
1977 5073 4160 1110 7356 151 1696 6662 7111 2391 4698 7156 1759 4965 7053 2689 9797 7069 898 8092 5625 249 8487 6937 3846 289 3759 2312 3847 68 673 2887 4051 123 4422 5796 4166 9427 7661 6395 916 7759 6912 2053 242 6523 3686 7279 8854 3346 7149 5863 2186 3206 5226 2367 7956 6410 5923 6117 2003 2000 6839 1662 5507 3881 986 5086 1155 8271 9160 5919 7593 1156 4892 1994 2528 2936 2102 7318 3126 3754 6579 6795 4912 1437 7331 2986 1911 21 2151 2949 3924 4313 6132 7226 847 3977 324 5381
5768 7050 125 6643 6295 9837 4806 201 2886 7244 7541 2069 891 7345 4866 7035 1715 5455 5905 4590 1636 7398 6352 7158 8093 9795 5706 4316 4775 28 7424 5137 6445 3052 1442 3367 5247 4644 3945 6643 3401 3547 6332 67 5264 3892 8683 4179 2370 1640 5118 8202 7757 8854 7757 5028 3587 9566 4881 6470 4937 87 5721 611 4496 5540 4291 2344 9821 7683 8470 8257 3226 7074 7826 7707 7282 9103 877 7279 4505 7275 9760 2550 9455 126 4447 7009 8345 7137 3703 1958 1 9474 9728 4953 2201 7614 4915 8009
2350 3900 6076 7156 1021 8201 7233 812 6303 6802 2689 4142 4920 5038 6353 3062 4928 3651 6846 3334 355 6405 2895 7609 1427 5261 6610 3265 3078 3432 5884 6290 4278 8394 8224 2498 4677 5013 203 1629 9993 804 3072 3898 3372 8105 3740 8342 8658 5376 3513 3039 8245 4741 3709 1943 8120 1852 52 7558 7596 2294 9440 473 2904 6763 5503 4062 2717 3194 8146 8617 7976 2130 9547 534 7431 588 6083 7008 4159 5918 9476 5470 8743 5550 4833 1813 4323 6780 3440 2758 973 4758 6293 5257 946 5295 4455 7536
6568 7026 5814 8890 5057 6653 6387 366 810 2451 5007 9410 1147 1103 7876 3982 8278 266 2830 1230 4803 6384 8627 7086 225 1949 8192 493 2861 3743 9242 854 8301 7319 1123 7177 5719 8328 2462 760 473 5715 6634 1641 1953 4356 9418 9831 1921 6795 653 8697 8332 1600 7383 9319 3005 1641 3607 6930 7771 1075 8099 8429 1898 7100 1471 3786 5914 4354 1699 4705 6981 3680 52 4940 6171 5683 1372 6810 2118 2744 1294 23 7467 7779 1509 9965 7180 8063 4735 1866 8098 1211 5116 5521 8918 8239 5028 5959
7262 2892 171 7885 4515 2701 250 901 5287 3266 2674 7262 5898 2822 5483 1439 4136 2058 6142 3776 2241 9061 5687 3102 9407 2762 4231 8216 1926 7171 4136 3314 5478 843 2933 3379 5798 8044 6456 5751 7173 7746 6426 1477 1389 1156 9118 7109 3037 3619 9705 4414 4628 4750 9430 9988 1755 2951 3415 3539 9370 4297 1977 1203 8991 5951 939 4506 2030 9799 1347 2343 479 59 4152 8436 1729 1953 6031 5833 3130 8450 5849 77 2579 758 5165 7249 8087 894 7020 7551 30 9601 1496 6322 8024 7336 2350 957
1333 8247 1177 2403 1308 8693 4306 3718 7805 9190 5285 6823 2024 8813 2189 3055 1916 7682 9072 4984 1899 172 2963 3316 8068 290 3719 7874 1263 5081 6094 5066 1690 9778 9098 6395 9814 3979 979 8040 2123 8413 4539 2684 1268 8994 7575 3171 1431 2185 9513 9722 5931 2952 4559 7669 7667 114 6351 1784 7852 3153 1176 6014 91 8388 4045 8132 2908 3527 7434 8403 3707 1791 8344 8026 177 7763 1977 5050 2523 8200 7564 6013 3303 8555 8320 8364 5568 4198 451 2890 4225 7077 5243 1723 5396 7800 2619 8305
6687 5392 1838 1764 528 7993 6735 6109 8287 1052 5905 1881 2049 3638 7948 96 9542 8073 9046 4732 1392 9543 7731 1736 6760 3448 1439 6161 7493 9178 1448 7843 5678 1911 2425 9553 2591 5440 7712 3160 2906 3690 7690 1796 1416 267 6150 2608 2873 1209 104 1797 6719 145 3197 6841 2764 3326 8937 5170 9875 25 4020 2440 1216 3665 2023 5544 8943 7583 9390 467 347 2547 56 2854 2845 7804 8466 8263 9036 3512 6573 9621 6963 9105 4995 1957 8305 7955 967 7883 6098 2297 3300 6038 5465 9042 9814 4912
1788 9512 1042 8557 466 3632 7010 8683 106 5720 1303 9334 1273 368 577 1215 245 335 5549 4474 9636 6291 3096 1642 5966 7223 7939 3298 3975 1300 3311 9788 8234 837 5580 3071 4624 1245 49 4730 4681 284 8835 4744 9281 8203 4340 8252 6944 3014 7238 4539 8113 5186 285 7762 7224 285 2471 171 605 6115 3558 7936 2645 1876 211 8165 9671 4025 4136 7451 4812 964 4519 9435 3263 3404 5460 1930 6460 944 2177 5050 5558 8729 4100 6658 8642 4355 3100 1518 8720 5959 7254 9172 8901 5609 4902 2727
6488 1746 5014 7989 3947 6631 945 1591 5258 5997 3880 5310 8218 4301 1571 9811 1651 6397 4785 6562 2614 9945 7081 6497 642 2573 3003 7600 5547 2985 5752 7351 2824 9904 3623 526 44 4633 9911 246 1246 2881 3153 2631 2074 6340 3133 2429 4933 4313 3112 8661 8242 159 3815 6216 6608 3104 821 918 3264 3658 9386 7554 1970 5699 7422 5255 2410 4963 8892 652 1120 4187 9395 757 1734 1372 7341 4041 3608 9694 396 1525 2950 6190 9461 1887 5894 9086 7922 2376 8853 9804 8219 5649 1200 5690 7013 9831
2915 11 5349 4741 5949 5433 931 4526 7096 9095 7626 9233 9257 9609 5786 7247 5255 188 2417 7964 8599 9687 2350 6104 7813 1559 9567 3063 2653 1300 9258 9248 9428 2241 619 2003 3744 7574 8239 8434 5547 7568 1880 6382 1378 2845 6034 6947 6418 9789 6755 4761 9709 3120 8307 1029 5849 8371 3753 7245 2350 5495 2393 1213 3193 9500 6048 9610 4031 5950 5948 2650 671 7915 9243 2997 3424 796 7453 7125 3078 7108 7113 1230 7534 4794 7012 7153 2799 646 7216 3841 4215 4492 389 3988 6471 3274 3869 9050
4575 1694 1871 5022 9037 9200 4861 5085 2135 6239 5788 9388 1501 4343 5556 2607 4526 357 7641 8627 5178 9638 6960 9047 5923 2978 3296 2508 5025 5986 2299 2031 4271 4818 3633 1665 7577 4272 5679 8682 952 962 5234 5260 9278 2264 2485 3995 861 2875 4057 3461 7342 5388 728 7086 112 7000 1883 4483 6803 4532 9350 4411 920 7500 3768 8994 2474 2986 7216 2054 9170 2779 861 5308 9539 9186 5521 857 3912 5126 7729 6597 5214 3432 4850 8575 5687 7036 4341 2477 2544 2710 1284 2271 8447 308 8464 1173
5736 2978 1153 6356 3381 4063 1491 9279 3287 8966 6042 7784 9549 3334 1359 1775 3504 1146 8062 3615 3584 3948 9556 1142 9445 5474 7153 4007 1044 2154 6701 2367 9108 771 7101 2728 980 3827 488 4806 5399 8958 9848 3918 5991 2449 9161 3261 1093 7223 8822 5077 229 9222 2674 5457 9025 5483 8602 7800 572 4651 767 8236 6082 674 2637 7191 7052 7009 6856 4977 4330 4667 3804 4195 5375 1450 8672 6286 7969 990 7948 5636 184 8357 8286 6058 5683 5047 3586 3944 4258 9232 8039 4537 3508 2680 1326 6609
6486 7314 8710 3415 4087 8676 3860 9263 7381 202 7474 6194 1453 2046 4376 9869 3682 6422 9247 8924 23 2036 7275 1560 3996 5289 5288 7439 9906 5813 4249 5913 6511 4068 655 4522 4945 4296 1304 8569 8983 5728 6642 5532 1452 3188 9785 963 2233 5842 8880 3492 7422 5127 7140 6448 233 4788 541 1886 4418 8992 3929 521 3433 1803 5365 2231 3837 8415 1776 7912 7664 1532 5106 3376 8209 7230 4058 3296 161 9738 7963 7227 6055 5267 4872 1697 5448 7600 1128 3165 681 2044 9185 2296 3478 7784 6561 9766
4899 4248 6557 8715 1448 7526 6414 9318 9063 4997 4585 8145 5695 368 4398 907 2990 8517 5057 8748 9206 6864 4431 5567 7044 44 5175 398 5997 9163 2079 6894 2698 449 720 6720 1448 5602 6246 4650 7787 6628 9816 3754 9729 8083 6450 2499 9013 7375 1735 6439 9360 3968 1827 5085 1686 5706 4454 1139 6466 4810 4373 9601 122 8051 9332 9550 2930 6430 2256 1297 5405 4436 9739 8961 5911 4976 9583 4980 9626 1824 4627 8364 1059 4460 6978 4688 2765 6562 1129 9222 7779 215 563 2528 6123 4173 2419 5125
5703 2763 3498 9738 6019 911 1601 8009 6190 3694 4343 8180 145 5456 6292 8730 366 717 4476 2575 3131 5205 6219 7662 1351 5016 5706 3279 3892 9710 8534 5757 7156 5560 6912 9011 2402 9927 6528 5881 5422 802 3522 3039 2571 6551 197 359 4164 1944 3085 8161 9628 4044 8937 8350 8536 1768 9837 2153 6342 8075 852 4441 1597 8659 6409 4953 7836 442 1388 2997 5818 7296 9810 2025 119 6176 9853 285 2433 1990 3288 4265 8939 7490 3562 5785 6122 5180 7996 6866 9568 301 1429 107 102 825 7855 2855
4261 444 4225 8168 8812 6302 48 6273 7134 3168 6273 1389 1109 4498 9717 6548 5144 6025 2924 3960 9711 7365 7368 5337 3031 5444 8917 2377 8420 6610 4190 7007 310 9568 339 4250 1123 3890 1172 5447 4810 9591 7564 96 7096 8214 134 2894 178 9238 4614 629 9847 4544 2654 7545 8803 9866 6641 4119 6783 4362 3720 5817 9153 327 2541 6835 8270 8432 4040 3871 1224 968 3585 2583 4385 9429 7530 1168 6904 7466 6786 1473 8040 8435 5917 3597 455 3209 6464 35 3680 3927 25 5205 6646 515 2627 9877
922 9092 9221 3173 465 1529 7048 3148 2709 1168 1796 6047 3952 2172 7476 5485 8352 7896 4054 4470 49 232 6032 3439 4733 6289 2880 488 3526 4058 4109 8556 8210 7064 7576 6820 8026 6004 6696 3324 3077 3130 1773 3825 7138 1649 2824 9902 6425 6204 272 9608 6458 8629 4649 9083 2767 7963 7202 6967 2101 5085 7960 8707 690 8797 9390 8247 2920 247 8301 7380 8940 6750 9663 6190 568 8857 8814 4560 863 5689 4447 7059 3849 558 9820 4273 1485 495 442 3376 6250 990 9721 5354 6607 9552 744 478
692 6581 4840 20 918 439 2718 8573 2472 3946 1659 6213 9825 606 4698 5956 1766 7459 3227 6712 1335 7146 4417 2281 903 7085 1947 9034 2941 4546 5935 2 8171 3431 3971 3035 8345 2625 8197 9641 1417 9144 2645 9305 2438 3461 2223 9285 9985 3963 462 8868 8967 2086 8449 3111 4762 5575 7310 5489 8713 9679 3786 429 4544 5833 6921 2608 3498 2102 876 8605 7482 7679 6532 7098 8639 4232 5700 256 7305 4926 7491 7442 8369 4733 468 8842 8718 5466 2806 1759 412 2212 7607 7838 5529 7917 715 9946
5473 3875 9092 8952 7276 5344 8128 7051 3335 6239 1014 9309 6929 3649 3430 4361 4197 8121 1151 8540 9581 9963 3580 5988 6936 1424 2649 6078 8566 2748 1346 8130 3316 9710 3547 7550 1661 8965 9675 9223 4630 3436 9146 6387 6523 6864 4479 1532 4623 2421 6212 8827 4511 9981 6082 2013 3550 9241 9799 3727 7809 2029 5721 8725 6023 9497 7418 5965 3380 2222 8005 288 9534 1265 2267 8960 308 4188 3849 3032 2579 9288 8278 7141 2952 170 4374 7439 1349 9932 262 7169 8740 7714 1356 5967 2814 5695 1531 3407
. 919 411 469 749 146 240 291 365 905 825 577 261 669 811 795 272 260 709 446 600 2 897 373 503 851 64 713 508 180 698 86 342 394 124 505 546 982 328 . 738 7219 3874 908 5721 5631 7518 8376 3104 4071 4081 3275 3191 7359 459 6266 9704 1822 1954 440 2703 4626 3811 6174 336 5134 5829 6509 5589 6758 8364 5366 919 5352 3520 4418 1746 887 5631 6773 559 9339 5255 120 9851 3664 7078 6230 3364 9164 6317 6740 3598 893 3707 1770 3579 8071 3776 7341
5836 8210 6693 2006 6918 2819 3904 1692 5341 7182 7965 5308 6746 8280 6726 6651 1725 4332 5559 7386 4828 5140 4132 5233 1494 7296 356 4554 4462 3390 8398 4569 5920 2193 5884 9383 8000 6826 9537 5931 2705 9556 2090 5686 5098 7672 1756 679 1363 8429 1762 5725 7367 3358 1714 4367 5300 6761 7003 1560 4667 6640 9469 1692 2183 1963 8866 7438 5771 3595 8375 4881 9642 2541 6274 2272 5567 5487 2160 4283 9227 855 5774 1150 7782 597 5970 6882 8810 1109 4366 4964 2879 5699 72 8635 3874 1390 1741 2880
3338 7210 8232 6621 2090 8285 512 7981 1199 1500 3595 3708 4283 2239 2008 9291 7517 1242 7747 7948 49 485 6791 5344 1838 3000 9828 5368 9649 3858 4046 3363 3442 5353 4718 2387 9983 6189 7662 9505 2955 3102 5582 7251 7594 3712 9093 6636 4550 5804 1882 2906 943 7678 5147 1258 2763 2940 4814 4214 9969 5666 7205 9577 1194 1124 2675 2586 7375 922 4427 555 6934 8323 6900 8248 5037 8375 3248 9632 677 9198 5699 2093 751 5756 9348 348 9829 1550 5240 319 2880 393 540 3258 9210 4682 9518 6652
3367 5421 8535 5387 8111 552 9039 3457 6166 6695 6484 9523 7646 593 2051 5296 8664 2694 8461 3124 4171 6859 9199 8610 4542 6283 4553 1463 194 9362 2118 4937 2477 2496 933 5061 3566 9552 5278 7959 2990 4054 8608 653 6378 7940 7164 6363 248 2271 6990 9911 3486 6379 4099 9113 1713 3285 4384 7049 8481 9634 8703 4244 3990 8390 8356 9384 3691 4092 6394 2288 4797 3757 5401 1247 5785 9933 1135 6325 6127 9420 5991 6270 4115 9489 908 1564 8303 6256 6976 6916 8808 241 7474 5791 1769 7075 3919 9706
978 737 8928 498 5836 9953 6904 2522 8917 8643 3979 3417 5897 220 7077 2037 7540 9074 7560 7256 6341 2501 20 1948 8692 5738 2962 9305 7315 2206 4067 5839 9621 3238 9956 3896 1320 4566 9129 1978 5615 3778 448 3893 4557 4466 4836 2229 3579 4197 5716 8325 6584 9676 276 4971 9043 5710 7054 8023 1683 1023 8385 8421 7288 9889 2608 5577 1039 5396 2053 6100 6505 8444 6503 3693 6807 5691 134 9064 5950 7788 3146 3552 428 1396 6993 7817 585 9570 8296 4203 7284 6223 2510 3516 1578 9585 4089 19
9561 5141 9897 3523 551 7933 6864 7033 4608 3009 2915 9641 3494 7135 4517 8160 5591 2917 3861 4107 7216 4864 145 5406 6658 37 2637 4927 3972 2458 3714 5422 7862 898 9186 9427 2122 6178 7633 7202 6811 5260 4051 7041 4691 1893 9008 3390 7008 2275 9998 969 6454 2708 4391 2479 5915 3528 9421 6931 9357 8879 2605 4277 4555 8912 7851 7056 3764 8526 4796 8715 4211 5803 4078 8673 5694 5973 6048 7814 5511 6388 9394 1734 5984 2620 6390 9350 8638 9609 4427 5622 9006 131 1685 6911 8161 1707 863 8990
4859 7936 7114 2186 1612 2407 3492 6511 4084 1150 5042 3341 5502 1637 6862 6265 121 8444 7059 7127 2062 8222 2527 1815 1158 6528 3531 8089 8862 8432 2380 2343 8421 9366 9766 5392 2319 3811 4788 1087 4794 9580 5525 8985 9065 7116 9768 3675 8152 4473 9535 1161 32 4417 765 4603 9476 7893 8417 2380 7204 160 5773 4681 1724 1646 4807 6258 7586 5632 5488 780 8408 4847 327 9536 4818 3581 6072 6552 3731 2005 4642 1639 5202 5993 3664 3949 6997 8170 9178 1667 4390 4850 6440 6978 4715 708 6095 30
9573 4796 4753 5452 5579 9806 4214 5731 7568 1179 9849 9730 4436 5781 3521 4424 4054 4291 3401 2686 7851 6393 2385 9479 3380 7564 6270 9174 6408 4588 5254 9981 6748 5567 3157 9640 5583 7920 6995 910 5925 4568 8436 684 1393 4411 4151 4641 6602 9992 6464 1661 2017 1508 5787 4116 6013 1673 8898 9283 3889 6028 4290 3666 4215 7776 4393 9677 3363 4210 6284 8032 2412 1857 4023 3871 3014 1779 5879 3049 4847 8978 7856 8324 4681 7136 1450 9796 7068 8911 4445 1867 3260 8268 9557 4574 8209 5423 837 6882
52 6056 7415 2967 2156 5250 7200 2834 7304 2919 2036 2379 6092 198 3821 7490 1500 8195 8877 327 6255 8814 2556 8669 9157 9873 9740 6642 3858 2157 6766 904 5907 9100 7363 7799 6594 2946 4744 9842 8969 876 6903 9672 8801 1181 9880 8098 4624 631 8229 5034 1313 2358 4281 1265 9607 5443 6988 9293 1443 2710 4479 8828 508 2540 6624 8735 4221 7077 2796 5105 5330 7213 9142 9736 9118 2184 9458 2437 7721 5339 3835 8138 6086 5746 9761 9016 6042 8899 4475 3687 244 7686 5518 9998 2887 8101 9174 9848
5783 2228 3383 9030 5543 3983 3218 2920 7533 7616 6808 9840 8102 3784 938 8292 985 1731 5650 1930 415 5580 1771 9728 603 6358 2399 545 1507 6420 7721 7987 3208 7372 5163 9340 7955 7212 3518 9403 3939 1981 6053 6102 5048 6471 9894 5665 5997 368 2429 6227 2634 1554 8656 6201 7311 3834 586 7763 5370 4921 7311 4259 4311 6053 6191 433 4446 5911 1027 8146 1542 8868 9044 6188 6578 3367 8344 146 4429 2572 4717 7932 4510 5270 5187 9883 5244 7862 5742 1830 1062 6512 97 2412 5461 8795 4225 8414
8335 4699 2015 2778 5006 8084 7154 3344 9493 3272 1044 4013 5071 736 8363 817 8092 3423 3759 9453 332 1137 9978 5290 1646 8362 8733 8177 4859 7416 8405 5591 8731 2074 2229 1135 437 4359 8696 3137 6611 6373 182 7881 6072 2345 9631 2252 5621 4373 1453 2850 856 1734 7189 5574 7682 862 4753 4322 144 5692 2553 5108 3872 5916 7785 6328 122 1274 4371 2214 3490 8198 7982 6188 313 7339 4021 2645 590 3960 2891 773 6220 1150 1395 9478 1433 9081 1917 7818 6261 995 2227 3790 8797 2590 6088 8015
4952 1386 7197 6745 9063 6083 1604 9903 5985 5635 8277 6901 5365 7217 7677 7146 939 1228 7309 25 7321 2723 8669 5543 9313 9375 9910 6318 5867 1917 6354 5145 7637 8119 7239 3048 2098 3244 4620 9381 4273 397 9633 6339 5760 2921 8443 8460 9841 7737 5635 6434 1507 2520 8919 1151 9070 7318 2064 8553 4746 8745 8790 3209 2033 1275 9487 9812 8185 763 5772 9568 6098 9085 3706 295 4736 3124 8364 2636 6379 940 2681 8277 4364 3345 5561 1113 1295 9179 206 2385 1316 2104 881 5187 2144 8688 5994 3472
2952 1643 2064 1273 3404 9254 8120 8429 5124 6381 6089 6237 1032 7676 8893 9040 6942 6384 328 1483 5148 3730 2132 6761 4989 3415 9615 9157 4133 8831 4941 190 2722 821 2672 5541 809 4176 3901 838 1913 9615 3405 1903 6394 1569 7980 5601 6246 4624 2349 7874 8985 9673 5625 1358 5417 7808 8163 6774 7615 2630 8387 4510 6486 7429 6571 2057 3550 8355 7762 6181 954 1603 5666 4855 1138 7510 4430 3317 7935 8995 8118 8480 3847 6038 351 2536 5513 6498 475 4491 3012 3526 4401 767 5505 9246 9398 1735
4554 8089 9415 2809 1602 9161 7674 3877 8742 1231 5083 4186 2458 3061 3893 2813 537 8596 2587 7041 4887 9328 6318 228 58 7714 8088 592 8162 3045 9819 9900 1693 6076 2471 432 1145 7487 3002 5825 5306 9713 7104 7140 6440 8134 5479 3616 7203 2255 2189 8841 999 6688 7634 1106 6678 6273 6603 3101 5680 9038 4438 7604 5867 8099 6863 7596 8638 2914 9014 3018 7466 6384 6130 800 725 9100 1757 5316 8257 986 3123 943 4619 392 8459 8248 6994 1454 2413 7879 1774 8571 1926 1845 4572 4437 1769 1259
5304 105 5378 4081 2340 2894 46 9605 8729 3358 4288 9119 1138 6173 511 704 5498 7177 4485 9102 883 1845 9607 558 6700 3620 8513 7736 622 9791 3876 6143 9038 5398 9964 4949 4759 2318 1368 516 7195 3111 9582 7652 5034 7220 7026 1423 3237 7346 4156 8222 2247 1178 9229 1689 8411 1902 2448 9459 1823 4645 4365 244 8288 903 1189 4321 4451 7239 1546 3738 8423 9785 6196 3334 9956 256 8596 9545 3044 6433 5433 117 2081 6808 7571 1043 3955 4585 4698 4158 7870 5154 2498 3278 5885 7766 1782 8281
804 5358 822 7521 9364 517 9808 9807 7011 3723 3366 4645 2794 3436 3723 2232 1336 9340 6046 9703 7816 1091 9156 4285 1654 3401 1576 8347 7794 2276 4716 5504 2057 6425 6027 4661 2725 7136 6037 7251 3189 9274 3811 9907 5511 7005 5262 619 937 4792 6270 6127 4021 7256 8608 3619 2595 8659 4755 1794 1777 2006 1733 9495 8780 9979 1254 4892 122 7662 8895 7672 6763 9337 7396 9185 7436 8590 2762 4447 9743 1245 159 6104 7782 688 8622 261 8077 8013 452 6846 1028 9810 7692 4827 8282 6531 8495 9147
5436 1365 3701 476 5492 5947 979 2085 2903 1473 7607 9755 4550 2118 5144 288 549 703 7949 6321 1740 4997 5688 4815 6715 1489 3440 4534 1138 6522 8497 8930 6057 5294 306 2277 4657 3803 1360 7721 8259 5554 3488 5483 1897 6923 5587 2282 9339 4206 2192 131 8612 3993 9961 8636 1987 1231 5280 3093 2498 9615 4824 8970 5365 2922 4641 7109 1707 9702 2735 6439 9927 3119 1627 6729 230 7547 3659 9663 680 8284 5638 6096 3680 2821 5691 9297 492 6224 5071 3831 7699 8712 396 9615 7215 6709 7279 789
4620 9376 2073 2701 6862 8756 222 4556 5482 7847 9202 6175 5646 8115 8116 9050 7081 575 281 4695 7684 7224 3844 1995 6955 6186 737 3194 5823 820 174 5822 7009 8697 7942 1944 7204 323 9366 9429 5184 3855 9119 8179 1058 4681 4105 9984 3750 5274 4267 3283 9613 9274 8159 1956 4960 7627 8579 6281 6315 50 841 8262 7562 4396 7359 8245 4339 2910 2027 1466 7037 5455 168 3945 9607 2169 5361 7070 7961 1578 911 3235 9774 724 2756 1275 1882 7632 2644 3529 7350 8635 8349 9300 7972 8123 1244 936
4105 6143 10 6055 3199 9639 8960 5486 214 3610 3687 3488 5041 2098 7653 3644 2135 1558 7489 8481 4433 1981 5065 5428 2623 5629 9398 7801 860 2518 3211 445 3561 9594 5464 5225 1709 7692 6194 1160 4748 7268 3330 6976 3983 9491 3211 333 1884 620 5190 50 5419 3386 8969 9855 9928 1892 4763 2233 2804 1044 4219 665 7173 8081 7201 8272 4154 4595 3582 882 7480 2867 6618 5937 2078 4444 9477 5782 2386 8579 6709 8492 5101 3728 7872 1206 9628 1914 8735 2363 5113 7260 9012 7515 2776 5034 2659 7485
4663 2716 3628 1064 1844 1600 8395 7776 5716 3326 8895 2236 7836 1905 9803 8877 8135 7591 2422 4618 8903 4071 3149 408 3833 6317 5419 7055 9315 4725 542 1577 3572 3977 3591 8688 1102 29 8064 5175 1033 3589 5295 8960 1380 2674 7353 2886 1403 1499 7162 6956 6285 8277 5571 8019 1705 8352 4666 6415 6031 7726 6180 9607 5742 7373 4074 7033 5923 7533 8995 6615 2657 3367 985 4719 7824 6578 5266 7914 8165 8134 6394 9462 8546 6497 6850 2476 4018 3837 2160 6153 8221 9969 8563 9218 2333 5175 3920 6489
3321 9882 6569 1619 6608 4543 1529 9222 7584 3752 6534 6734 7235 3859 6767 3433 6243 3657 7457 324 9286 6395 2895 935 2074 4501 2064 173 9395 1050 9843 6313 218 7903 944 7184 6080 9241 5996 2343 6557 1118 2836 3585 7980 5069 1730 7887 1698 8396 3808 8979 8702 436 8380 1737 5112 9773 1199 9579 9717 3612 1564 2343 3329 5838 9107 5765 5998 1767 8609 8531 2174 7623 7641 8444 8756 2576 232 3307 5593 8460 1186 5073 1298 9168 630 1855 3022 7021 5955 8036 2195 3552 5505 6011 9604 3655 6774 3177
6257 8127 2692 5126 9255 4703 2634 6936 3040 9160 5143 382 820 1329 9649 485 6297 7868 3959 904 3472 9491 7880 572 6757 4706 5217 7879 9798 8657 384 6562 4294 9195 7945 9762 7026 9158 2566 45 1371 818 5236 5397 6769 7445 4932 288 9626 7970 4585 2949 173 9296 5462 1999 3773 6418 2023 4948 8186 5399 8102 3952 6737 9489 2156 3954 1628 3669 8190 7180 5174 3232 6421 1468 5698 3771 2017 7445 7260 5277 6547 1295 5989 1528 772 2776 8676 4252 9308 9223 4550 9089 913 5096 3919 235 4221 954
493 5111 7511 780 7283 4363 7257 7943 8523 4155 9733 9349 6153 6538 3549 615 6523 9938 4640 2830 2626 7718 7176 7676 8233 9787 6910 3565 9420 3524 7984 3461 7049 4767 1994 1483 198 1221 2137 2703 7503 225 7892 4006 421 5224 6076 5098 5859 3452 1378 1688 1912 8792 8285 2004 4927 150 4319 6998 5974 9508 9822 1254 1819 6871 9329 6249 941 2439 3165 4465 2227 7782 6807 2519 296 4001 4693 4011 4043 2678 4114 5307 7966 5072 6091 4853 6551 1787 5251 625 689 4057 2888 42 6056 5688 1432 6096
7217 9320 7239 7453 4014 8761 4749 483 8503 7839 7547 6148 1056 959 8680 5607 9159 4236 4820 3336 3362 1032 7890 8076 6626 5005 4720 3441 7889 4591 5434 4002 3588 566 995 7669 5494 8440 4545 7711 8485 3842 8979 3765 4733 4657 1948 3499 8206 8952 358 3825 5836 5144 9103 7793 5401 5339 3118 3131 2748 8662 1752 6775 7842 7624 7949 7088 875 4867 2381 4945 9883 2153 1386 7720 4606 5900 6395 1867 7004 280 5716 2318 7326 7120 9299 8734 7781 3493 5878 224 3604 731 2744 5355 3797 188 9244 8038
7744 8934 1193 5586 9563 5628 6906 1572 76 444 2130 8522 1168 7543 9452 5909 4508 4734 7020 7638 5530 7900 1813 9260 3151 8437 36 469 444 2325 5891 5476 8412 333 8052 2666 4664 3320 8221 3054 9529 1871 3187 5702 9528 8383 4528 7929 9339 7192 8159 6862 9285 1025 8660 1217 153 5382 6049 6025 8111 9309 436 8007 5880 5228 342 5488 1548 3211 3284 9825 2369 1540 4815 6427 4505 2445 7344 5215 1705 2125 9644 7455 3508 8049 9484 1982 5821 4432 1869 751 8829 372 7412 8805 5427 5244 132 401
2815 880 9999 4951 2120 1243 6177 6736 518 3424 2740 8670 9475 7353 8855 5603 1226 4874 6577 5208 1044 2934 8142 1852 2542 7560 1880 6670 9830 332 801 7171 4039 6304 9382 5126 6686 1497 1707 8829 2348 8758 7554 8268 7114 7969 554 8768 6497 630 4967 7431 8657 1690 8808 5767 8943 2622 1890 1072 236 519 4671 3606 2977 4329 2718 7744 4595 7110 2964 1820 9276 5435 8366 9686 3238 5374 8814 6680 9638 2040 6660 1490 1913 2781 5532 9483 1753 2100 370 8158 3957 5497 2186 2956 8782 9330 2520 8552
297 4271 6405 8986 9464 3247 433 49 2041 369 2599 1064 661 7015 4975 4618 71 1909 1921 9865 3833 6807 3397 3714 3875 5250 7473 4320 4388 5224 2380 3240 9430 2826 1387 9157 2181 9636 756 8301 7847 8388 4230 151 8087 5526 4819 1797 6823 8910 3315 8498 3266 8335 3706 589 1155 3956 6256 7060 702 6871 9126 7443 6852 721 8721 1684 373 1516 1306 22 5234 8272 4188 1072 7400 6244 4962 7801 6827 6394 5958 6401 1416 3861 1903 4590 7097 7555 3716 1605 8534 549 5337 343 8699 4373 1244 6966
6150 1926 1618 9867 278 6281 9934 1510 9021 4832 9800 2403 8311 2083 6630 9304 6007 8269 3264 8426 5091 6335 2355 6800 707 5892 8163 7099 941 6092 8907 1110 6896 4837 7014 1108 1582 2167 4137 974 1592 5495 6931 7891 5386 7024 4328 6504 4342 3701 8811 1637 911 4430 1527 2448 6671 4648 672 9997 9367 31 5202 9987 5963 8686 2107 7979 3558 8821 3446 1511 3376 9731 3152 4262 3205 9234 1940 4502 2168 7425 5654 7837 4469 8482 2733 6016 9071 2405 1940 6478 3704 7445 9427 5182 3925 4786 3338 6323
1882 6829 2934 6828 8429 5166 3837 9109 5222 5376 7517 1197 1876 6952 1359 1064 8885 7415 6574 9612 4252 4916 9942 8465 2155 428 1372 4703 6464 6453 4576 3859 2431 9422 3840 5967 2524 7047 759 4890 3504 4107 7921 8636 3417 4736 2480 9298 4076 6024 9952 6197 1080 8412 3974 3373 5567 7948 8670 1674 3504 4438 2541 8458 5103 8807 6954 3917 7250 4432 1406 720 5058 1044 1393 2157 2097 1488 4194 4429 1969 2047 4883 1279 8767 8486 1250 7367 588 8119 1844 1111 1944 7671 9308 3315 883 8692 1688 1337
6581 8360 4490 2173 8044 7285 5848 6402 5188 7911 7170 4268 4755 6972 5809 7115 1365 9356 5994 1260 7641 9196 8628 7969 9463 6626 7143 5826 8325 5476 4010 2593 8916 9892 3717 848 2802 3763 7089 999 9186 6107 2518 7889 5327 633 2001 6853 6819 6167 2983 8997 2842 1404 8589 7844 6262 1655 6819 810 4296 9776 8809 4408 3764 2875 8807 3875 7563 2832 7597 3176 4824 3416 9984 5725 4618 7311 5330 1766 3553 6054 5084 5601 5418 4433 4201 9703 7951 1894 7258 4008 1343 5545 6208 1669 6914 4704 5857 401
3855 4838 8322 7188 1074 9356 6801 2121 8741 228 2843 6171 2188 3105 191 4074 5230 6564 211 8288 7671 9586 8400 5298 7566 8134 8076 7289 1287 8533 3115 2008 1406 7914 990 2364 5979 1080 7166 4710 8085 2456 3415 5124 3963 913 5625 5743 3233 7987 6084 9189 6892 533 5490 2860 2618 849 8554 5446 323 5321 8474 3895 7433 8444 2346 2244 1438 4157 9478 9866 1654 8383 5160 2865 17 5253 120 1928 2807 1255 5485 6471 3221 3161 3834 3674 7613 7905 1345 5206 8190 6221 9296 6370 5637 1875 2652 888
1357 8272 5260 9860 8908 3211 4695 6216 4898 1107 3441 4305 262 1838 1718 4336 3438 7464 6515 8449 1496 3949 5416 5348 8435 39 5450 7910 9631 6350 572 5751 6080 6430 7002 4817 4519 2929 54 4639 8457 731 8612 927 409 7908 3212 3178 1451 4740 7876 5831 1396 1462 8578 2824 1940 7975 8145 925 516 7165 8180 7590 3873 8973 9580 2760 7848 8862 616 4088 8812 5586 2410 8895 9372 1845 3210 1863 7137 3840 8417 8805 3335 2655 6995 4721 5946 3935 7853 565 4958 5148 7241 8766 4708 1588 4092 3842
5821 912 6286 4975 6559 9815 9897 8847 9897 4132 3052 3075 5091 4307 6543 8609 2788 2170 7935 709 1510 7406 4831 5648 3669 5171 5269 3960 9817 1888 199 2111 4449 492 9757 1951 3614 6889 3621 2462 6829 1704 7503 4653 1158 9244 9996 456 5095 8022 2733 593 432 8779 4277 2751 3022 1105 2427 7111 3163 5786 9367 4217 1307 5068 678 8555 6568 5223 5286 5676 6200 6495 3320 2333 8753 2664 931 8106 6130 1122 8847 8972 4419 7653 2077 9414 1241 5661 1708 250 7713 1831 3120 5062 6551 8260 513 995
6810 9192 1546 1510 6501 8448 3543 596 3122 3668 4102 5762 6395 6061 4436 1376 1247 6186 9330 3750 8145 1143 4177 8361 3020 4602 3166 3985 5825 2714 9914 724 4982 4782 9530 7995 6716 1173 1329 7177 2709 2644 5328 8312 8630 2764 7900 550 5455 6783 958 5184 1453 273 7964 6634 8682 6782 6174 7020 7109 5936 270 8067 3013 7492 2209 9555 9969 9789 5702 5661 8924 3326 7542 4503 3889 4239 2077 7826 146 5634 1975 2541 690 4689 536 9820 3780 7865 2750 680 7734 2675 1094 2789 32 1373 7871 9000
2316 8988 5772 1512 4984 7212 7764 2645 2433 2170 5104 2771 9391 8854 2861 9456 9363 1805 2526 7283 559 7982 5440 4472 6155 3504 6846 1856 935 9147 2672 212 6034 3046 5543 924 7680 9747 672 3671 6675 9945 1620 1049 9489 4785 908 6211 9468 8630 6634 9334 5159 5042 3244 9268 1374 3838 2599 2118 9293 8894 5149 8920 3671 1184 6674 5572 2763 7217 1656 6534 5505 5970 4054 830 1811 6692 4812 145 3191 3017 604 588 2994 5840 5860 2370 2914 4292 7141 256 9048 9465 6520 7370 1399 6028 1913 3489
7730 1793 9803 200 1640 3156 1607 5097 9153 290 5354 9982 3393 2611 5171 261 4629 2315 5491 6661 6306 1980 2527 914 6553 1236 4179 1084 932 6637 5434 2550 2631 1183 8947 7057 2651 5682 8013 8665 6050 4266 8459 5627 8145 9426 626 0 2177 654 4691 3462 5476 1078 4374 3286 9097 2698 7717 8041 4856 8974 5281 1607 2986 8987 3071 456 2830 7428 1292 9928 6634 4114 9994 4298 7018 1465 4820 7073 4403 4885 3186 3941 9273 6841 2795 6048 6496 2227 8734 6339 7024 1742 6318 4257 5089 3360 2806 9153
6093 3929 202 9226 7134 8145 3022 208 1675 9086 9251 887 6761 1229 6867 5094 4677 6776 2439 5291 3067 2865 3410 4575 6350 6908 6911 3405 7414 7709 2270 1833 694 4926 2840 6319 8923 2403 2580 7640 8901 9011 3506 8380 4886 2638 2255 7735 9100 9811 2639 3382 3183 6588 8053 8988 3536 7975 3330 7355 1989 1784 4973 4714 2391 3527 2762 8067 1673 2812 2242 3893 9583 581 3970 3738 4478 1296 6970 9961 4224 6244 2648 695 389 1595 9378 1808 2148 8386 224 7528 2414 1027 7617 3670 5077 2801 578 4405
3494 3541 565 1050 1776 5315 1454 1302 857 2478 1602 4482 6370 3575 1883 4914 5796 7813 343 9383 605 4589 8792 6893 821 7282 3861 8327 981 504 1706 2746 2286 3883 5843 6373 3059 7607 5997 6189 5434 1609 2717 5639 2929 5704 3493 1551 4860 129 7900 8963 9870 2061 3410 4214 5400 7042 6676 9956 7354 923 6625 8174 3825 2029 8470 6594 3422 6449 6441 2400 4093 3971 9212 1095 1885 6582 9724 4542 1851 6043 8666 1705 688 148 5599 9099 8972 8519 1861 980 5672 3898 9338 6739 4597 177 6051 4642
274 8781 9584 2869 1592 3419 7162 583 5311 7319 4908 2077 4718 3302 8771 6209 8372 177 4720 86 5370 8599 9423 1514 4560 4457 4551 2337 2628 1650 1356 5344 9141 6284 2742 1199 8771 941 5435 3009 8214 8666 8037 1649 1696 4009 9237 5213 8274 9292 9134 6957 4939 3744 6681 5498 2658 1508 1994 7077 9007 5015 2437 9370 3783 3892 3328 1211 3543 924 1245 4187 7761 937 2346 8709 7396 1489 2958 1780 2258 2490 9620 3970 4937 586 4438 1078 4040 4961 2378 6370 2601 4693 1889 1755 131 7437 5226 3590
6859 5872 2404 8347 995 5826 7358 312 3792 5611 8694 4208 7856 9851 9126 1876 3661 6026 9990 589 1026 1537 2304 4814 9561 5468 8827 5719 4075 1969 42 8291 3111 5632 3322 5701 1974 3119 3003 7786 6949 5647 9843 6448 7772 3347 7495 4544 8044 3399 8498 5256 6219 9222 7493 4157 5589 5654 3484 5250 7968 5862 300 6705 1730 9549 1125 560 5364 7790 3334 7079 4506 2653 2869 4244 696 9849 1644 8778 8249 5479 3614 3475 5283 4057 8251 2917 904 3483 3202 7570 4349 530 5551 8755 7802 8221 3736 8888
179 3819 4999 7065 3723 3751 9995 7188 6701 8065 1566 8693 5493 2260 3829 9060 6597 463 5542 7162 5015 5819 2175 1533 4413 7510 737 2701 4292 2888 7145 2951 3346 5845 461 4460 3669 5836 5961 1742 1387 3677 2313 8925 8078 4694 4983 3283 465 3022 3992 2934 9906 2775 6142 2116 3523 9393 3775 6667 9841 6717 6311 8147 7978 2093 8274 7701 9214 6526 8520 9038 9052 1687 6675 9474 3500 2737 755 721 7635 1216 571 50 9875 5677 9853 572 8182 4344 833 2070 6484 6894 8419 837 7108 1705 7644 586
6424 3208 3771 570 5925 2621 874 4135 7451 9767 4142 9791 2489 993 8266 7998 9460 8990 2341 9960 6502 3370 2911 8359 8132 9329 7256 9644 2756 7001 4987 3314 5119 7263 9926 6687 6987 4774 6458 8217 2191 3611 1182 2539 1146 2489 2745 5996 8238 2689 7389 2748 8507 6248 8257 7721 1549 3866 9373 4985 1029 657 7527 7051 5127 2924 726 5230 5648 715 2808 7716 6540 8986 2149 4255 1921 2072 332 656 4802 9435 5638 856 7327 1188 5932 6752 4026 9977 8731 8158 6876 4802 6514 7986 96 4281 4462 9344
1573 7944 5523 3128 3344 4124 8944 1982 4241 1139 1752 4841 5965 7256 1670 6163 1284 1693 7206 1674 528 2758 2598 6588 4377 8957 4644 845 4405 7611 6072 3723 4494 6318 8393 2189 8555 3226 7256 1570 6629 7204 3488 7065 7060 1879 5600 5059 3360 4849 4063 6504 776 6578 5582 5661 1953 5969 7132 4054 7120 227 5314 8929 3658 3174 6941 901 8462 4180 3379 7641 8903 590 1165 3646 5091 1110 1154 4667 1364 4930 9303 9794 1567 2069 5902 9827 8115 5805 7177 8933 9763 1580 3350 6768 9930 3214 1180 659
8665 2217 5928 6614 6158 5084 2003 8150 1963 4399 4875 4955 2793 9377 9201 206 2610 6223 7547 3387 9622 7389 5232 5435 9216 8416 8692 2546 2081 4334 9153 3226 7663 2906 2809 3351 2291 3721 3346 9125 1009 9008 4342 3681 1728 8956 6845 7172 2276 4833 1480 2822 908 1332 7576 744 1959 2749 2674 4140 9261 795 5222 5269 604 2582 6288 5210 4321 8561 4885 2453 1936 270 3283 5410 1782 4554 3428 7509 3003 1138 3116 3551 5005 3078 6827 8002 4562 1169 7294 3024 3579 6392 7904 1051 1506 9484 3320 9319
6664 9689 108 7586 9576 4636 1 648 9734 452 5734 7955 4411 149 7582 2050 9308 6522 3404 4676 7903 4108 6478 1587 4524 4553 8072 2 7354 7858 1431 1518 1780 4852 3987 7075 3132 6786 1846 9646 3246 9032 7844 5504 7744 3936 5327 6999 3713 2505 3076 3067 2651 8147 2810 2435 2291 6200 4485 7258 7100 9614 5169 1089 3880 8919 1104 248 5562 1792 9114 1577 9667 9101 87 6291 5905 9558 7172 6955 5668 1453 4123 4824 5468 1083 637 9741 9519 1277 2887 5057 8169 8883 3842 9444 689 3054 266 7148
585 3244 8192 4207 4630 1520 3559 6379 8951 2689 6712 3819 7747 5487 7018 5358 6924 2403 3555 4619 9821 9228 225 8442 6047 7847 5382 9265 3178 9085 7622 4973 7824 4299 1896 1745 9246 6101 4562 6166 8940 2890 8058 8641 7214 4978 1580 110 7500 201 6470 9891 4965 9600 934 1624 8805 9387 1664 7207 7816 2371 4563 7001 3207 4867 8717 1569 586 7697 2544 418 4193 139 9605 6269 5765 6044 5581 4708 7073 1823 2773 7069 355 1827 1160 7738 4529 1755 8638 3979 5146 6395 7865 9338 5981 8212 9245 5847
8311 9591 8222 1066 5167 4455 3036 2883 7327 3995 8747 4162 7495 8881 5191 5394 5815 167 4810 4922 9584 7548 7531 387 6030 4736 6549 3756 6261 3921 7798 4632 5105 3474 9214 2603 7697 7000 6427 3166 6831 9636 7092 9141 7095 2803 2938 4235 5237 3892 2349 1902 3602 3816 8215 6500 2892 267 2648 1451 1243 5121 1053 660 2489 978 9906 7351 3112 6712 1727 7677 3263 3954 5653 4473 2930 4097 3432 6702 8977 3418 9231 9354 1309 5559 2066 5017 2853 8741 5928 8926 5046 4639 6038 7820 210 3196 9103 5095
3697 7838 6653 5260 9828 7852 332 5315 5314 2225 5273 9592 7519 3153 6522 5781 3935 2196 1546 1206 2209 2613 1763 2116 5328 4567 9443 7115 7154 1735 1452 46 8014 2089 9586 9356 7648 6535 7738 828 2961 1351 9835 1784 3562 8474 9034 6335 3693 9083 4988 4221 9935 5175 1430 2755 3376 4016 9640 4091 7453 7673 4455 6721 5311 5848 1700 131 6716 2893 1115 1670 1517 6800 8323 7280 752 4957 7200 9532 9296 2098 4341 5060 2198 8448 6967 2977 3682 8359 4816 8390 900 2006 881 3437 6557 7712 180 6800
6814 3861 7725 5058 6087 5831 3476 3358 1172 7550 1866 6175 9058 791 95 5507 8062 2612 9 6059 4018 4441 7187 3777 7544 9009 6811 9204 1216 2803 7561 963 4775 3137 5916 5168 2707 3887 7723 2447 2500 5336 180 3537 4652 591 9123 1623 6850 4814 8134 2464 7787 9758 7087 7819 832 1664 2776 3102 9878 761 8182 9358 699 5852 8934 2683 4275 6066 7929 9297 23 3195 9644 743 3679 9326 5423 7367 9278 2631 7401 56 6346 5076 9977 6263 2162 2772 2421 1105 2510 6225 2322 949 7101 1718 3672 4681
604 2689 2588 7240 883 5971 4813 9558 4789 2926 2064 3914 2414 7220 7725 7074 4109 4582 2546 8939 6305 4584 2241 8928 5611 4661 6699 789 8083 4668 8299 1059 9291 4305 4022 2162 656 6112 6239 2631 7541 5971 3338 681 49 3969 4632 9546 7971 2958 5596 7842 1564 5489 7693 8366 5235 6563 4313 1371 812 9160 4825 1894 9904 952 8960 1830 5213 9025 222 5872 6618 4378 2217 2741 5701 3145 1705 4494 3992 8560 8863 706 2501 3234 8753 8336 3950 4874 6480 177 4531 5185 9691 4429 9457 2904 3647 7930
7662 738 723 819 6459 7995 9605 6201 7671 1060 1070 1582 0 3514 4499 5597 2995 7448 3816 6797 3267 8731 105 9143 9317 5743 2125 9985 5215 8464 2809 6404 2690 8508 9777 8989 2026 8162 5039 5335 5634 8661 5862 9096 4194 8147 4201 5624 131 3501 7586 902 8296 2831 4581 8847 4764 2012 974 758 9671 5325 5491 7573 5942 3798 3887 6063 1788 8633 4731 878 5291 8597 9541 1438 2196 5239 4578 2162 7521 2857 3352 6951 6386 2251 9626 4972 7556 1962 7969 8042 2000 3533 923 2664 4014 9650 7154 4116
4680 7445 7076 6155 1445 55 157 3001 5840 3703 803 3018 2467 6807 5183 6357 3636 1634 1990 3550 6100 3162 7835 8620 7274 8951 5603 5569 4995 3684 8866 1772 1781 2203 2128 5553 2618 2178 5577 6444 9844 3199 6786 542 6296 3420 5215 1400 5761 4556 3032 9773 6238 9819 8541 8737 5602 9809 9810 5029 643 4835 9156 4918 6700 3364 1417 5198 7840 7639 32 3310 8669 3423 9129 469 9142 660 8211 6567 7593 2490 7546 5691 6156 8062 7034 8777 5386 5666 6327 2423 7173 6677 6316 512 4591 9115 5415 2298
3334 2237 7289 472 8867 8195 7914 9091 4307 6657 7595 6693 1881 7778 5422 4292 2435 3387 1470 5797 7077 5941 6940 6367 9898 7515 9112 155 8420 5407 7940 6177 8535 3015 6124 4740 7481 2123 8713 6821 3459 3409 3810 7032 4617 1412 9274 9127 4621 7566 2611 682 2750 65 8544 6583 2136 2749 5750 9259 9564 3149 6279 4159 8644 6388 5885 7789 1320 3839 9864 8274 5114 5068 178 1486 2801 9791 5199 224 4337 7578 7359 9170 2387 6503 3649 805 6215 5340 6399 1603 9957 2753 788 3879 3890 3008 6676 7296
1967 7016 5081 6503 3972 8358 7623 3445 7128 1750 1196 25 3123 3109 6391 8530 2937 2569 1735 9950 5351 1709 4540 1851 8497 2707 8939 7627 454 1623 3244 5671 148 5431 4659 9912 5154 1284 5392 3472 9442 4890 5592 2336 8887 2743 2927 443 8878 5864 1310 8218 5630 6776 5633 7188 8809 5758 3559 4308 950 5991 7476 2513 8779 1387 1361 7186 7653 4477 2384 8531 1711 3021 3712 1929 2378 4876 45 6771 4992 4429 705 5150 3274 9131 5449 9658 752 8148 4343 8992 8904 9448 2888 5116 9836 381 2841 5733
8833 7846 6665 3504 9774 8330 2940 3973 4317 7096 9059 9190 5690 3006 86 8846 8677 4400 5776 5927 8035 5806 6163 9944 8288 6476 8913 7603 7743 8529 5342 4597 1438 4246 1019 7402 6092 6030 323 2347 6148 2778 5775 410 8686 2808 7574 660 3222 5840 5912 1848 7084 3514 2004 7980 5667 8909 5980 6322 7054 3364 13 5386 849 1091 5303 9375 7922 7229 8160 3635 8709 7810 1086 5520 2562 7145 8490 813 573 5018 8587 2494 2296 5807 5192 984 9905 430 9445 8979 8571 5186 7929 1979 8664 631 4045 1881
5035 2887 5437 7504 9171 7553 5578 492 9684 9495 8386 8582 5233 7278 6680 4829 1971 2596 4134 2442 3563 8521 7146 5021 7324 6580 6809 2250 5756 286 3072 233 1301 6994 3792 1640 4230 3243 7199 310 3893 7082 1200 5817 169 474 5908 2144 5218 2948 3071 3100 8662 7546 5915 8032 609 495 768 8220 159 7963 8477 5980 1452 7781 9943 5646 8803 7152 5958 4554 8566 3418 2438 5838 6666 7049 2997 968 7067 9104 1922 2261 6740 5229 4636 3851 6577 6985 3936 5836 5025 6584 4473 6176 8249 2774 9688 2521
4459 4474 7857 9606 225 9653 9288 4266 1982 9841 6733 2951 1182 2675 1077 3001 248 726 877 1836 7633 8179 3514 5040 4405 1057 5136 7761 6791 1340 4244 251 8928 9169 5316 1768 8527 5534 1058 5385 2997 2619 9147 8778 617 5827 8561 2359 1242 2343 1539 169 3475 5839 22 2235 3241 7287 4969 5737 9508 4259 9903 2928 8455 1814 7210 1969 8739 6366 6577 9211 7456 8123 3859 2204 6713 1486 7501 7639 8839 2559 3000 5661 3254 3723 439 5211 8214 5225 6817 5020 4112 1494 8333 2291 4585 145 7817 5643
7493 2497 7726 2060 31 1724 4391 5307 6826 2203 9342 7422 6019 5664 982 1790 5454 5821 1656 3104 7212 1237 3838 8626 2554 8207 2634 5301 4303 6466 4918 9994 4308 6818 1486 4154 5765 2928 1733 9015 3698 9458 491 853 8928 533 1107 5497 5258 5349 1016 4195 6007 302 9193 4696 5148 4340 2421 6197 2367 6057 5709 9072 8729 8493 4083 3671 7610 8777 771 3392 1325 1742 9135 2715 1525 9452 7357 4955 786 908 9880 4606 1962 8891 8492 3647 8824 3606 3753 9942 6641 6651 9517 9047 7293 9988 1533 5270
7583 4335 5326 3696 1295 2912 8691 8873 7999 6855 5948 1784 3613 538 7134 3624 1801 6563 2967 7778 6688 1358 2176 4949 3526 2523 5871 5688 6883 3470 6722 951 2277 9664 3148 6189 7906 1030 3794 7764 9738 6428 3692 6971 733 66 2887 9408 1068 5982 162 9265 7248 6177 5852 388 4729 2555 3588 6236 323 5272 9765 2733 6520 8377 2888 3599 9936 1881 1953 9275 4347 8788 192 6189 8904 7338 3477 5436 8815 1710 279 2353 2877 3898 2310 3701 1039 5016 3619 8688 4956 8663 2848 3866 6537 6509 609 3904
7409 17 5455 6720 3245 2072 8417 4705 8589 6833 3820 6468 860 6975 118 6252 9284 1750 7189 3231 101 1672 2637 6661 3753 1160 3666 1020 1215 9338 1674 5937 7259 1018 5042 3803 6371 8984 2557 1222 6690 4988 1894 4601 8766 5208 1225 568 7992 5563 304 4740 9386 6202 1638 4722 8747 9816 7219 1847 9268 9061 4250 3437 6275 6610 1970 6479 1512 1448 3867 4380 553 5807 7321 9415 3843 3190 9978 591 4769 2702 7583 5384 3883 5219 5935 6452 6030 7931 5411 5291 1075 1603 8734 7717 9318 8820 4092 8486
4424 299 1895 1446 6846 2498 6688 5895 1171 4978 8004 4839 3895 2782 5545 4805 1254 529 4007 4564 2889 6544 3210 3221 4641 641 234 8535 6848 1848 347 6296 1668 9347 8913 9480 5547 3164 2656 4729 5330 9226 1266 1773 985 9424 8267 6431 5384 9631 9383 2218 6276 1757 1381 2735 260 1016 825 4919 6758 8834 7794 2309 5317 8324 5016 9577 8167 6220 5009 1856 8234 8171 3734 5416 9181 5345 9082 1829 6150 7937 469 2207 67 2860 2814 2286 9902 9247 9211 330 5019 1609 1624 8767 6376 7717 3950 5285
6780 1276 2935 2026 3544 3078 9654 6618 1646 1575 2300 2941 5385 8870 1596 7302 1218 10 7786 8285 2558 5991 3617 7313 5147 9125 4414 8799 30 2652 509 4203 2136 9480 6797 1953 5633 7327 316 8758 4620 2280 8797 5728 9114 3094 4 9150 9563 9895 5263 9873 6626 686 2074 5788 6006 9759 2787 3627 5800 8437 7203 2770 8807 5471 4404 2124 4171 6179 4949 2426 3155 9069 4405 7695 5146 7616 3262 2905 9782 293 9517 3840 6675 8948 1998 7635 414 5667 1817 6195 1209 260 4481 4103 1904 7252 1343 8505
3411 2788 2563 90 561 8080 5299 3175 8488 5753 2081 5511 1197 1930 5296 2237 5295 4375 5960 5142 7015 3623 621 9635 3722 2189 3345 2257 964 8828 9480 7154 1192 201 6283 8522 9537 9875 6781 2343 107 9837 2255 6332 1546 1241 1148 6843 8220 449 2433 4599 3293 2718 8146 4207 9936 375 1223 408 9886 8153 1286 7940 7399 6606 1660 7436 6770 2368 5008 1803 2557 7156 6749 1067 2033 6187 533 4953 3012 314 8121 2380 6184 5882 9974 1091 2928 4052 6727 5612 5204 9159 9417 8042 1839 3105 969 198
7007 7158 6513 3573 1567 8179 6374 1244 5879 5439 5199 3283 1031 3096 8951 791 1093 3855 8732 7874 9762 2997 8745 454 473 2310 3555 8589 5411 3612 4812 3973 4189 8598 9703 9741 987 6465 1178 1956 8221 7966 1193 8111 754 5027 3799 884 8237 7014 5836 5315 6699 1036 7553 1700 1320 8629 6392 5728 4613 5160 5323 7091 7599 6269 755 6400 4242 5073 2014 7205 4981 3515 9345 8523 1873 4746 5574 7466 4776 4111 3031 7849 6021 7000 9240 2259 9387 7797 67 9181 3476 2072 9302 769 2377 6674 9338 4149
4912 1359 2838 424 1817 7124 5401 5966 2703 3923 1421 7576 2284 8814 6425 8117 6312 3124 3361 1553 9778 2994 3838 6657 3834 6716 1149 4276 702 1128 314 4548 261 1147 5872 5288 5957 4845 2981 3871 6411 8362 217 6754 3345 6024 9120 6626 6371 8324 834 460 7754 603 4478 9306 5953 6769 1595 7388 4012 281 4788 5225 2890 3252 3162 5017 8770 3477 1239 9807 4516 8803 692 586 5546 3162 376 1219 6005 5261 5225 4872 7139 5660 1914 9144 1430 311 9709 7992 7135 1460 4379 5451 3735 7523 6117 3941
5443 8415 8748 4126 9906 6793 7154 6355 3101 9431 8053 5149 2865 3737 3913 1829 9678 6580 5980 9964 3887 9875 7096 208 959 7724 3840 7061 3997 4284 5649 4123 8225 5726 7431 5546 6253 7802 4725 7271 5424 8765 3449 7683 604 7319 6294 5140 3600 5750 4903 8567 1537 4162 281 7640 9727 3482 2352 9693 5226 5395 1112 9343 6570 9329 5882 661 5897 7856 3752 1337 6275 6185 1282 5961 4759 9962 8638 3218 6024 1868 3898 1673 5113 3851 6552 5739 2620 7923 3072 4982 4464 644 5249 6034 6493 3816 6088 8204
9366 3533 7247 2213 3409 1383 4912 7863 350 5346 5188 7093 9042 5693 2276 1529 8099 7145 4756 2872 9106 6137 5993 5940 7657 50 1467 3207 8091 8830 7242 356 6786 2485 6023 4195 359 4803 2260 9581 3202 7280 2228 205 2020 2586 6409 4136 5521 2865 4865 8740 1300 5665 9541 5992 2758 5206 1339 2425 1387 1671 2727 9733 7787 7932 8676 4469 2734 6954 2222 7758 4631 1965 5808 2134 2104 5346 6833 6480 5103 1444 6732 7048 4386 3623 2038 7025 9561 3461 5833 4399 5434 8161 9237 2788 4643 9726 9569 1909
7420 5695 8856 2222 4586 5955 8059 6563 8011 287 2139 8722 6682 1935 4677 9511 8330 6038 8158 7177 2582 2873 109 4585 1192 9791 2059 9048 589 5161 5074 9952 8130 4301 4090 3636 9233 285 8703 5055 9103 60 6707 9566 2810 2768 6832 7208 6387 2918 8230 8327 4197 772 4057 2888 6810 7555 3490 3191 83 5844 4175 5633 4003 5905 2388 3862 6167 4292 2741 3568 9725 7608 9976 5248 8658 7340 1059 4878 4521 6394 9860 5849 4186 5683 1272 5927 3412 388 3901 1952 2235 2167 6239 281 391 5983 9303 337
5638 7408 8865 5550 7986 5793 3071 5317 1344 2255 1899 6477 2040 5617 279 8498 2293 8307 6153 2292 2142 2246 723 364 8183 5173 2344 9554 5789 2134 6231 685 891 7267 2824 1713 3802 7638 2115 9919 9448 3670 9226 602 6723 23 8343 4374 3826 1351 1377 562 6067 6371 758 9066 6870 9772 2115 1698 8735 7162 1376 7817 2514 5693 4948 6903 596 8383 9958 4140 818 6415 3380 4634 3204 3011 1186 5143 2671 5467 1223 2567 4515 6477 2242 1917 5043 6085 5691 801 1072 7005 5355 8214 2310 8783 671 7687
7467 9195 1837 3252 412 5502 9445 6517 6161 283 2254 4053 6834 6559 9048 396 7383 7081 1642 3733 5135 153 6064 1699 4547 3270 3391 4642 5629 7737 5243 9233 7605 8620 3547 6489 6461 2132 7472 5681 2886 1983 1171 85 5926 2521 3657 253 5066 4702 6523 8351 4185 3411 1567 451 9161 7185 5885 2097 9173 9320 5556 1771 8146 196 5176 6219 2438 560 5649 5733 1769 8074 5200 9714 6354 3233 9086 2311 5558 5240 4960 5735 9902 1849 1921 6814 4101 7787 6096 1887 5139 1616 2845 9375 2963 8174 448 5414
563 7539 9558 8856 6848 6757 3696 4109 5056 9840 117 7579 2372 2008 7815 6550 3423 4752 581 2648 5944 7082 6365 4837 1488 428 1938 9347 4980 8416 6756 7938 6168 3984 615 6603 4664 6882 5792 3391 7870 6984 4944 8245 8193 9930 6412 2088 1493 1847 7040 256 3145 6295 9068 1621 3838 5115 1330 9611 8226 1742 8673 2180 7254 5169 8913 9575 3256 9134 6210 7301 3627 5542 8562 3131 4910 5922 8779 519 9520 2156 2765 9550 2758 9094 9764 63 9980 2032 2140 2321 6673 943 4606 1347 1331 1766 8942 2007
3393 3538 22 30 6206 6022 3514 9853 1162 4477 5906 2896 4077 3813 9065 9617 5732 4020 2751 2598 3034 9920 7289 8247 7840 9022 9737 5190 8547 6440 2716 5204 126 6797 7096 2445 3374 4447 2514 3106 9507 5683 6015 1830 6519 8253 8435 6336 4093 5378 7698 8069 5774 8262 977 4490 873 9274 8869 5782 6426 8170 7426 1319 9591 1504 1823 7446 3241 2528 6654 1103 4570 5732 6886 9578 1304 920 3544 8535 5887 8502 37 7562 279 5537 6648 5712 8709 8427 9944 9234 8906 491 5104 5839 1671 1963 4450 1075
6668 9863 5063 5293 7962 3016 4338 1804 5066 385 7311 7958 9644 8216 3320 2895 7389 9371 6904 7242 3900 5323 5033 8858 5975 150 3519 9184 2374 8132 3429 8190 8034 2123 9671 8060 7023 1364 3983 326 4022 7411 8169 8201 5875 6616 7410 7490 4573 8596 3731 7591 4187 194 7717 4878 9802 4294 2949 823 3773 9781 7068 4187 387 6758 284 288 3258 2162 1735 1565 5690 391 7750 261 3008 6485 1311 138 6283 3857 1574 971 8146 6400 9760 9187 3760 8876 9583 2290 1258 6399 5524 670 3765 8943 1242 1356
3681 2090 8609 987 8386 2550 4686 6817 4895 3636 3404 8870 4597 8406 2347 4182 4883 2147 4794 735 8831 5678 2176 6372 4591 9408 496 948 4165 8815 5785 1951 7268 627 478 1390 3464 5197 475 6813 4076 5640 116 7913 9290 6072 7368 6007 1252 4169 9715 5112 6629 333 9291 5269 3514 4229 4595 2601 7256 123 5527 1247 1238 5478 8836 7749 7464 4350 3891 6788 1592 9236 1916 2664 4652 1060 924 7084 6440 859 2874 6061 9768 3030 3 8 8457 5559 4578 8208 7758 6946 2453 3599 8018 1083 1016 1842
1846 5052 6488 2926 2378 9442 7029 923 6645 1012 2919 3130 6605 7863 6831 5329 5262 4838 2133 3884 9666 8687 4736 7796 1929 7140 1533 1775 9498 6045 965 1132 8631 2194 1010 3074 2298 4059 5177 3636 6200 3195 3517 4597 6659 6287 4977 4127 3634 2239 5817 7602 3954 4560 7367 8513 5643 3170 3499 5072 10 7583 2966 3130 1525 4445 1426 1598 5036 6198 7988 6997 6126 3953 4983 9199 7345 7417 8032 8606 1044 4321 3428 3879 1887 8231 3780 9611 5328 7476 2409 1908 6887 7625 700 3111 3453 2800 0 8567
2487 3386 8647 9338 3141 7410 9423 9498 6893 8267 5482 2188 222 7220 4154 2825 7830 2604 6278 5969 6927 1808 6345 5255 8770 1244 9239 3091 6745 7219 3394 1732 8019 3965 4246 6926 7421 1289 6808 8292 5965 9483 1880 4987 2561 3497 9510 5987 145 7831 5652 4825 4876 4617 4077 9648 4431 6897 7047 1004 1479 4599 4832 5637 929 6057 6867 6911 8969 1202 6119 2473 7256 4217 3752 8544 310 5620 4033 5990 9876 6588 3278 8553 1917 328 6664 8332 2453 2578 9588 6159 9186 5138 3289 1952 201 9025 1018 3541
2700 4354 6045 1941 8336 7822 9291 3513 4794 2505 7774 2371 4317 6200 4602 9522 1203 8762 1415 4694 5722 5558 9929 9514 7162 9798 2760 7433 230 2917 8223 2176 6262 7900 6977 2917 2057 8497 9799 5778 2273 6805 6157 4424 4498 7656 868 2834 415 208 4444 3132 7638 8258 7029 5611 1649 2992 650 857 3531 7858 9981 9264 2772 9355 3355 2508 4823 7679 2316 8830 3549 4998 2151 9294 6282 1495 7120 8675 6330 1357 5779 6721 7752 3198 8030 9837 8581 3613 6023 216 2701 6657 7179 6086 5282 2896 8324 6065
7496 5019 2257 9485 1464 932 7777 2134 5111 1066 3286 8031 6377 1876 6497 7820 4564 3804 4324 5849 8578 1033 3674 4447 6553 3271 2340 8383 6940 9752 7690 2172 7463 123 3618 3181 7707 7875 4141 3692 5715 8578 9724 4722 4764 6474 1287 360 4872 8744 6642 5802 303 8556 5728 7142 8385 2258 2798 1918 6801 7021 7453 3050 8965 4561 9949 4936 9521 6994 5820 3004 3343 3064 1561 1455 766 3931 8296 9449 3088 910 3798 4639 1508 9105 3827 7294 6964 5152 4987 2092 475 1629 2996 9026 8093 4812 2674 3115
6351 1057 8437 7522 9582 3001 330 1143 78 9747 6964 4376 5588 4422 1979 1805 7372 5660 2465 9607 699 9263 2938 3805 2435 7780 1408 2413 1581 9289 7948 8520 4740 4720 7788 6739 5370 5917 1756 9897 3355 4588 4668 2488 1026 8790 7097 4544 6179 5589 8748 448 8039 2573 9347 4745 9338 2332 7508 2219 6422 175 6652 8603 2726 6082 4411 2884 8608 7885 168 5253 5582 4282 854 1296 5951 8691 9135 2827 2116 8597 3433 6014 7901 2230 8654 5944 3817 8296 2266 8430 9172 562 5191 9794 8016 2722 9995 1111
179 8602 3366 3576 5569 6425 8251 1254 4002 1076 9141 1881 1724 7068 3616 2235 9006 3930 1663 783 1523 951 8271 5388 599 5856 7472 4784 6467 6914 9331 7828 1838 19 1194 5662 2335 1643 1794 9079 1337 344 7675 4337 3195 7308 2533 484 2777 8882 8919 151 4660 4262 3140 982 5798 4856 9291 773 8404 998 4313 5790 4401 5456 5439 699 5926 4077 2485 2733 6620 6813 8567 4344 4869 9357 1155 6172 1177 5539 1486 5287 9218 345 9058 5877 3060 7044 4680 8053 5121 9487 9727 5748 8680 2485 9940 2636
3933 6087 2804 7031 6751 1991 2247 3470 3131 841 9504 469 3021 2398 7191 2794 1008 3098 2050 1259 4300 4462 6991 6775 2761 1932 5769 3302 1382 6795 8336 1642 5738 7285 1467 2304 3271 993 5543 5828 692 9253 4542 9298 2560 4678 6503 9372 1813 3621 7055 4775 7809 4310 1858 1467 3517 6298 1476 5085 3338 9738 8894 6342 50 3384 153 1364 3297 2679 5753 7282 8234 4230 8343 9876 1519 4091 9778 6812 8201 9767 829 6173 3713 5623 4872 7218 6358 5264 867 3389 9290 9557 8682 5734 812 4044 6407 438
4792 3269 9970 3483 374 7164 3122 7166 5566 1635 3480 1085 9365 5120 5752 4007 3507 917 5604 4953 7219 5305 9978 479 8217 533 577 2399 6479 9591 8241 3957 3589 7474 1412 1518 5124 3201 8547 8409 4893 105 3220 1428 6651 1024 9714 6435 4928 786 9879 4621 3899 5774 8813 7928 6010 2412 9647 5739 5719 5091 528 1968 553 3134 4389 4126 8719 4270 6070 5826 136 8510 3008 1726 925 9670 1869 1763 9328 3856 6734 1196 3354 2593 749 6969 771 5991 5451 5284 3427 3040 4041 2439 8177 5173 4331 6940
6065 8482 369 7259 2344 7739 6319 8316 4802 9497 501 8484 8634 5615 9103 5140 3577 2170 8883 9491 9976 5782 2085 6963 6996 9468 8642 5875 8444 2807 4561 4536 9885 9904 1070 5526 2140 8743 2137 705 8125 311 8949 5795 3228 6987 686 7556 4226 6320 6972 9213 4477 972 6659 4218 3164 9346 7064 6309 3984 9923 2628 9189 3284 8879 1196 154 3195 5788 8196 3686 2521 6921 5780 2224 9248 7928 5428 8754 5909 7866 702 4894 9974 4090 1403 7739 7728 7703 6072 5897 1534 2191 4146 8370 9262 2492 7497 5966
1214 8181 4014 4714 8830 4082 4017 7110 2701 4177 4935 7460 7845 2729 3675 3097 3481 4550 4781 1561 1188 8673 3375 525 3904 230 3513 410 5098 7021 982 2527 6926 5535 8336 3232 7333 56 9058 9024 4440 3077 3535 9001 7242 6571 9014 782 2921 4808 8259 867 2147 5418 6603 9344 365 7141 3524 8311 5407 5975 1513 7067 6781 6395 5626 6216 2516 6978 5446 9709 5463 9227 456 2437 7710 2884 4241 7079 8053 7023 2409 4858 3306 8803 5321 9341 5981 3896 624 7596 9706 6803 3407 4890 7756 9049 2789 521
7693 5740 7410 1020 7955 5789 4609 8215 2392 2219 771 9114 8676 141 6127 8495 8470 6690 9068 3405 5317 4216 8156 226 1610 1657 7456 8463 8416 9565 167 7537 4020 47 2921 9263 422 6372 4892 5608 367 1584 5143 8340 8748 9877 7333 6726 6515 374 2864 2623 2302 9921 1567 6440 7221 3883 7956 877 561 8042 7922 1179 9620 3632 7120 326 1051 6683 173 8853 918 7768 2898 577 4558 9708 8968 418 6598 7948 3251 9983 1444 3091 4036 1776 4917 6177 1079 8733 7963 8859 9865 4882 3095 4141 3072 1910
169 5004 2899 5554 1162 7126 5245 5633 522 829 1688 7239 1010 2709 9569 8039 2860 1004 1886 7273 4129 7283 7438 5672 5131 4524 5185 940 1822 2252 6957 4922 4417 5965 4856 8703 680 2893 9484 8024 7846 7095 7784 5167 8421 4966 2813 807 3606 5782 2011 8263 1658 3574 7862 7653 6526 3600 6884 4695 3969 9850 8044 5090 9938 4188 2247 2762 8862 3688 1932 9632 2068 9023 32 4912 9617 5842 4121 8149 1537 4656 1474 4147 8319 9566 5050 3769 3634 7826 9192 8527 3294 2694 7928 3295 2824 2088 8997 6023
810 2101 7953 1762 8570 453 8477 1334 6908 6086 7351 7072 1773 1412 7334 441 3749 5175 8850 8860 9903 8974 7846 8249 6132 1402 560 3912 5608 1689 958 3210 9801 3718 9293 4838 2513 7238 9655 5265 8548 3877 8686 498 8629 5711 2760 533 2483 4112 717 8671 6740 6611 4 8904 5164 8476 4223 1329 1723 7375 9311 6270 1154 7856 6222 2299 1915 6378 6406 5668 2433 1984 7078 2802 8298 3475 4000 9450 686 1719 4774 7134 9116 5893 852 913 3123 917 4953 5724 4435 3584 854 6368 2476 292 5221 7562
8258 746 8941 6158 4689 9839 190 209 6861 1510 9520 7543 548 2631 3978 7138 1294 4042 195 8572 7069 1243 7115 6036 2367 6905 8419 9214 9217 5987 8982 7937 5206 8862 9402 6115 8898 8895 3695 2819 4819 1939 588 1199 381 2964 6431 2460 9632 2788 1889 7688 810 8692 7922 2316 6215 3565 7237 6211 8801 7070 7711 4936 4310 1088 6104 1783 667 19 821 5242 9638 2973 7564 3536 2987 7775 3784 7197 4728 8455 7322 6715 1449 899 4194 3083 2080 4126 880 8352 9195 8581 9532 1412 5279 1962 8598 1368
1298 6349 8643 3556 6730 8710 7730 1266 5195 4455 7439 2358 8041 8141 1722 2267 1054 1062 2833 2630 1896 6369 9416 7372 329 5915 1918 9700 8674 8726 3127 9578 6847 7349 492 760 8615 638 347 8911 1408 9905 4906 3745 3371 2835 3969 1540 4273 3355 8868 6130 4815 9593 4059 5463 4671 3682 4164 3931 8346 9301 9253 6604 814 1388 6116 8639 1411 4368 3267 8804 2257 8425 1760 441 4028 5177 7974 9401 1142 8883 7778 5938 9510 9174 314 5454 8619 2511 7926 4257 6558 4065 9491 5959 3711 2942 5418 8082
2494 5726 8232 1037 8618 3924 2737 7170 1386 6558 4951 5996 5735 8182 8865 6637 9662 7524 4432 8044 8498 5066 9753 2073 8207 9156 7079 501 2227 4196 7557 229 6388 9572 1344 3754 6500 7628 3655 4660 8313 3629 6624 7980 3537 2246 970 5422 193 8747 2296 6273 5834 9542 4939 4653 534 1179 3265 9949 8274 9438 4483 1305 323 8352 9856 8387 7271 581 4183 3324 3282 2547 3658 5904 5918 5321 4459 7163 4610 6223 8743 8012 5263 8493 5593 3581 9067 3197 9644 3457 6539 7974 3720 2171 92 6533 6254 1292
1437 7472 4525 800 4458 1948 1237 7347 3207 2676 2261 7860 4436 2176 8822 3141 5825 7713 8561 3325 795 8245 5054 6562 1442 4253 6861 6740 3260 4183 5413 2006 357 3101 2513 1668 9630 2921 1152 4747 3064 9581 2084 9657 4109 407 438 6674 641 7448 8967 7939 91 3781 1943 1591 4010 6925 1607 9006 83 9334 4099 6370 2441 9383 7328 3253 9912 3815 4552 9067 3414 7087 2587 9833 8008 2103 3218 7569 8560 7551 1834 3252 2802 7230 4028 9281 8139 6640 8458 2569 4507 9524 7082 7691 1386 9169 6658 9161
1571 6735 9260 5140 4204 8648 9321 9936 8257 1850 5424 367 3439 7589 4192 8257 2069 7852 8253 1958 4130 8239 7894 5803 3709 1024 9146 7854 9114 3478 2803 909 9412 2464 8378 7416 992 4821 3915 946 9440 9582 4903 4748 7402 2610 2390 9875 4438 803 1010 2456 4619 1179 6548 3379 2711 7989 5850 7858 6642 517 6993 1807 2218 8622 8284 5068 9816 5921 8294 7061 8231 2792 8369 7819 3026 3999 2993 7454 4068 4666 1623 5713 5154 7059 8667 1965 4764 4332 4388 540 3922 8672 1863 3381 7952 1532 352 1695
3030 5909 6549 5738 9007 3746 4154 6945 3950 8897 8059 8401 5844 9948 3303 5828 6422 1983 2495 3643 9056 1174 5189 1837 1577 5433 8667 2375 9191 669 3030 1851 8308 3345 6735 2006 6112 5523 2026 9134 5796 7856 2498 3178 6789 5820 273 9893 9397 4601 4162 2453 5388 4640 7592 308 4765 3654 2592 9953 8950 1918 799 6521 5694 3061 8660 4627 6099 9963 7688 4151 3096 1455 1052 8095 8296 7610 4675 552 5709 9547 547 108 7852 769 507 6952 139 7175 5193 8767 5526 1528 9584 5899 7638 2444 5225 3559
1126 4148 9977 4765 7251 2678 6566 7260 8300 6178 6064 7847 9128 844 5089 8770 2153 980 768 3988 4925 5182 8861 2346 4396 412 8666 7763 9622 5275 4730 6638 4635 6009 4932 3289 5959 6417 8291 6095 186 2417 2326 2678 2909 1101 6311 8468 6041 2189 5113 4452 5965 3403 7835 7051 8394 6609 8872 9199 8708 3866 1896 4429 582 9551 4899 6123 6892 8070 6683 7440 7822 7990 9757 6207 1872 1202 8368 8071 7903 3470 634 2430 2856 8410 6268 2803 7740 6165 292 6153 5819 8800 2469 8154 7152 5939 5439 9514
5618 9010 6181 3209 7804 8477 4790 7682 3898 8178 4566 4522 3190 7478 1466 7440 5522 4589 3206 2110 808 5661 772 7521 2218 167 8795 9812 5698 8108 2829 5415 8383 8369 9233 9507 1993 6640 6127 1798 1843 2987 4411 729 9469 3444 1261 2006 2359 6930 8590 3401 8054 1275 6909 6307 5687 1731 7787 8066 7646 1846 6114 6046 232 8629 7681 9240 5137 5911 6746 684 725 3508 7138 6844 6708 9343 8312 5712 5634 1983 1844 4801 8384 6846 98 6950 9539 244 5547 8378 9397 5048 4500 6972 5640 8047 3656 7828
2543 5385 5725 9668 6832 9843 7990 7405 7474 1768 6568 4980 4091 4096 2180 4770 3769 6604 3052 6434 3409 7495 1794 5182 5082 3131 8329 6298 6604 9760 8838 7996 3727 4077 9773 6143 5993 5878 5453 8826 1793 7542 5973 8660 2379 8579 8595 1105 1185 6777 4939 1602 2992 9256 9747 7978 9367 260 6169 3798 6365 827 9541 543 7061 214 3164 4733 9692 1732 1539 4327 8803 7029 5332 4293 7890 7917 113 338 4143 2450 7735 6043 6135 8385 3136 1372 5156 4803 9590 6351 4338 8496 3199 8796 4830 1192 843 7797
5226 2973 8704 6356 429 4176 1906 1554 338 1158 770 3080 1406 2961 7607 3509 2754 7184 4438 9577 1452 2326 5753 6462 9473 5727 2971 9031 5255 4003 5057 1915 1492 183 3021 71 2128 8904 4074 9160 9013 4752 4697 8047 9705 8040 5353 6959 5557 6306 7612 8205 1338 9346 3184 1075 3358 5827 4522 4072 1460 3033 6062 8142 5743 9790 1875 6384 7410 3519 311 6800 1542 9537 7749 991 9114 3964 2379 1418 994 8714 6827 9683 3382 7713 4149 4765 6639 3454 2141 8280 7990 3628 606 5039 7030 6002 4786 2933
3287 1526 4922 1537 1232 1534 5896 2230 7434 9102 6036 9945 1589 7964 9891 7441 6420 9276 0 725 8751 9628 888 3438 7755 8616 6129 9497 82 2979 3009 8574 6483 3016 2299 6110 2654 2444 5930 4177 944 5544 4202 7051 3837 9144 6182 9516 1364 9940 5742 8533 2724 1632 2668 8548 2385 6413 2915 6735 644 9916 8313 6775 4385 2180 2727 2260 1590 2822 5889 5474 8277 5615 6851 9824 8708 5725 7069 2751 7899 3316 5721 8296 5214 566 5271 6945 3081 4983 6197 9072 2482 5581 2681 6828 8821 2713 1800 1543
3141 1487 6309 717 9188 2750 5774 5758 1784 8907 1911 6028 5364 6010 8262 1232 7724 2523 142 77 6170 1977 2540 5009 8415 5168 8413 8750 2405 1284 1183 6444 3364 8801 3092 4165 2687 3122 733 4177 777 3618 4775 4163 328 6835 4026 4356 7560 7282 7676 601 2652 9372 755 8539 7392 8991 1007 8380 648 5053 1152 8085 1270 5549 5581 3478 7470 3080 1543 3289 6757 5480 3116 7284 3916 8736 1306 7600 7715 611 6632 2810 627 8588 7356 1632 7674 5795 3402 4170 1603 5071 7566 4961 2458 2199 460 9217
5820 6273 5117 8624 3258 1872 5861 154 9183 9886 13 4314 3757 3567 3109 2910 52 7324 2832 3753 2834 541 7243 7678 6699 3380 9987 20 8926 7523 8252 7148 6899 3248 3756 2413 9598 4338 1755 7579 338 4405 5031 477 683 6478 9248 9680 6610 266 3343 5981 8164 560 8144 6378 8432 4724 5454 8442 7264 419 993 3965 6573 979 8701 7228 7469 1777 9249 7261 4910 4370 4376 5720 7279 600 5271 7218 5326 308 2601 9864 8746 1972 3629 6689 3511 1883 4082 9587 4256 4136 1614 6285 3578 5448 8260 6465
8571 5741 1775 537 7980 5409 8982 7549 5987 7706 6670 1051 892 1697 2379 2288 2606 9500 2139 9193 8782 6078 4701 131 333 8965 5910 6178 1373 4317 6243 4860 4352 4915 9449 4364 4671 6687 2703 5118
