8189 524 1956 5580 4685 8834 9631 8610 3674 4598 8373 9849 2959 362 8760 1976 7740 351 9842 8274 6933 197 5417 9072 1874 5305 6178 8407 8146 7815 9292 2060 1283 5044 6571 2613 1576 1700 2975 6531 9385 9205 4224 7851 853 2701 4092 7253 6829 2593 2741 6929 4370 5363 8896 1723 3853 80 159 6715 1401 2913 2476 9851 5683 2202 8160 1658 3807 3556 4281 871 5579 792 6540 5015 9240 5495 6788 5893 636 3144 9446 5996 9673 9691 7102 6240 6143 4111 2434 819 1046 9678 10 3478 414 1169 1047 8614
819 3675 1692 8635 2744 7434 7368 6677 8436 9233 2095 2505 6246 5034 8740 4102 4483 9412 9228 4924 5109 2595 6991 2080 2333 1383 3209 1685 3834 3322 2100 3915 6362 1275 843 2769 5049 2015 5388 4251 8943 463 1797 1760 2352 3428 6668 9783 1109 3604 6265 6071 9521 5413 7225 5478 7732 1381 6030 1768 2636 3304 5716 6284 9473 9148 1534 7855 4939 176 3868 2386 5590 9280 3597 1184 8224 6891 8075 8970 7621 3955 6926 255 5399 9149 6931 8926 5869 9446 5278 1603 4122 4149 2015 3842 9880 9756 838 1861
3650 9884 6126 5098 9519 2372 9282 8662 4489 6441 77 1775 1907 1651 9030 7931 440 3278 7768 4589 2687 9344 1381 4023 9487 5174 1490 3115 7256 2071 5090 3904 4361 582 2332 8684 4276 4011 7451 2685 4547 4606 4847 2993 7144 2463 5497 9575 4366 4888 9103 1623 3991 4928 9612 4233 4268 3265 7087 6011 1788 6201 8791 6218 2787 2968 973 8921 2805 5361 8161 1759 4537 1332 6612 5699 8782 9155 8916 4608 5113 3086 9160 8705 745 6193 8406 7759 8355 868 7038 6857 7329 3150 5029 7275 1402 7241 2505 5001
9898 8591 1944 4008 2503 5626 3058 3666 179 6264 9092 6890 3612 4606 8492 4124 4368 3594 1667 6175 9207 1496 6289 1882 9392 3461 4164 441 1676 8592 356 5728 6314 7522 3985 4891 7322 8087 391 4692 5685 8891 3597 4416 3532 4790 1625 7498 280 7758 9294 5727 8970 7299 9326 3804 7260 7908 8611 8209 1141 5513 5600 2307 5227 6047 9620 8664 7948 6547 2669 1485 825 8206 1497 7272 6983 7517 2286 7051 4304 7072 3179 1503 3791 8023 5869 4868 5050 1649 8625 5252 4875 3071 5683 5128 1769 5092 7336 610
3604 5491 6365 1549 4582 9233 9353 1962 4873 3741 7237 1621 8154 8130 4668 9914 783 1144 1840 6937 1742 9026 112 1639 2265 5201 3839 3822 3060 1119 6305 8042 2689 8408 5705 214 4439 179 4719 7900 9392 7149 4801 4411 2008 539 4219 5442 3428 3097 5033 5268 407 3142 2594 2709 7167 4716 5980 9661 2521 3836 2537 7312 9229 6194 6891 2458 5940 4145 4876 6763 5571 3680 7820 2601 2439 5439 6565 8853 8998 6374 3478 7816 8101 4276 3944 4134 468 5836 3577 3139 442 6635 9318 874 8541 7146 7991 4137
2691 9976 5147 9222 3618 7234 2188 7740 5893 1782 9020 8590 6733 8126 7376 4678 4016 4528 3821 8027 7587 8717 5661 9347 3873 21 9533 3505 715 6521 7709 4955 4112 5825 5740 8930 7969 23 706 4279 5766 7825 1306 9580 3424 213 7743 7967 7527 8193 7885 8743 1585 3866 4864 8317 9110 7726 9416 3512 9253 9993 4859 6933 4447 1361 8782 2178 5286 5631 4923 834 9907 2334 8097 3472 5868 6434 5712 8277 1785 1949 6553 951 3964 7780 6715 4699 2489 8915 2168 1091 5691 7119 1652 9023 5673 7619 3455 6688
4165 4012 4163 1361 9449 6791 4499 6495 5955 7963 5574 5598 8096 8309 6386 7261 2763 6219 7625 8978 4124 7198 8179 886 7875 4735 447 3761 4929 9674 3109 5559 5623 8380 5250 2733 9396 366 6148 8761 5883 2251 1076 3793 942 4290 8152 596 9810 8437 9625 2237 6933 7705 7734 1511 1663 4329 5906 488 1387 3794 4854 806 553 8708 7900 6769 2054 8945 5509 8756 6998 1187 6276 7328 6407 2835 2301 8153 300 6537 5583 8844 849 1106 9767 6255 8793 9234 4867 4360 7734 1413 117 2205 4449 3599 4211 6255
5821 6593 1591 7942 9960 4411 1038 210 3045 8862 3929 1923 3649 6384 3587 3831 2725 9079 6602 6161 7105 9221 2590 4620 3320 3991 2195 9495 185 8924 5867 2043 7207 2396 1428 7180 8826 2952 2120 7246 6243 6724 3596 544 4082 3854 3591 8726 1168 7352 4407 4474 2688 2148 669 4943 9241 9410 645 3775 3697 1770 7791 8235 1322 9316 7658 9008 7241 7715 5055 4748 3904 321 5125 1852 7282 6040 6178 9471 5175 8327 5673 6556 3049 9664 2631 4634 3960 3896 425 7483 5851 5282 2237 5217 9270 7418 7494 0
3839 1237 8472 2692 7688 4134 8119 7448 2173 7723 5431 9401 9227 9714 809 632 6746 6633 9781 7335 3202 8544 7270 1315 1025 9099 1245 3526 3368 6550 4812 6516 7108 9764 775 503 787 7772 5136 9294 3486 5011 8030 4775 6605 3435 6963 1302 6005 8264 6186 2550 7158 5407 8362 8655 7861 9072 2400 303 6853 4017 5444 7227 8302 9458 2493 7033 1839 3608 1019 4474 1808 5856 5220 234 8504 9720 2327 1309 3881 1450 2187 3656 8174 2284 7070 3684 7826 6446 9672 6464 6184 8225 99 53 3223 8839 1381 3002
6407 6856 5566 8005 9260 8257 3926 8481 9694 4745 3406 3478 5252 8412 9959 5105 4063 8469 5104 7570 5819 3300 1098 5493 4720 8740 7475 6796 1925 3614 8469 2345 4684 6435 4630 5364 2250 6491 3820 8823 6691 2383 685 9877 5094 4489 775 4419 1816 6231 3459 9594 3884 2482 5414 3280 7809 5679 7360 1879 5939 7481 3980 2391 5361 1875 136 3529 9316 4205 7371 678 6064 5776 4256 7184 1041 6276 9189 529 7912 6197 6354 9555 2715 873 7351 1594 2450 3500 2119 4262 2809 2065 9673 7733 4514 352 8584 7025
4200 7431 1552 8428 2266 5480 5009 1824 4802 7810 287 2433 2803 5771 5775 384 9061 6863 7656 6161 9521 4378 6402 1973 5901 9474 8224 2457 9999 6362 5756 1645 7071 7905 6304 983 4844 7137 6028 9709 1184 233 3951 7730 5849 3303 7409 6249 1026 5620 5717 561 545 8980 9807 8568 4706 3713 173 6193 3308 4609 2027 5293 7312 5926 1604 6833 1918 9800 1088 6059 9223 8525 6928 4955 2246 175 7142 4832 6972 2851 8521 5411 4220 6208 937 2839 2541 7139 9954 9223 9140 3404 4487 9988 3421 5789 611 599
9588 1602 4013 1 810 6067 404 8325 9792 1572 2670 3284 9919 3286 8612 6373 4865 6457 3737 5477 8960 881 1839 9725 2225 4388 8956 868 4676 2624 123 5311 5038 2343 8621 3631 2296 3953 2436 4775 5455 4555 8329 8078 8945 6501 7663 3487 4469 4603 4922 432 6207 9209 6370 388 4334 693 9056 3816 813 5009 1635 8176 6750 1047 2550 5229 7523 1389 4318 2862 3032 5238 7133 8312 6262 1031 1527 5161 9963 2407 557 5336 7277 3362 1334 2881 3691 451 9093 2763 958 3569 5186 4417 8096 3386 892 6413
2661 1384 2113 5737 5142 5734 8079 5252 8136 2565 5670 9157 1268 5596 2504 3858 3073 5544 5367 1561 7953 4656 4547 3510 2145 2443 3419 389 2018 9526 3589 275 7691 9750 4569 6493 6362 7716 7529 7814 5567 2358 6854 1090 7791 5039 8716 6703 1875 2000 8376 1010 6098 4522 8003 633 3594 6234 3416 4331 2836 9652 3766 8026 7416 243 1359 269 2405 4996 9221 40 4106 7612 795 4479 9603 366 6955 7505 9232 8658 886 7920 1192 5142 8250 30 5058 6369 805 854 7442 9602 1871 7358 9135 7833 4667 922
2625 1101 6625 3621 3395 4540 4450 7792 6854 3027 3922 5065 5373 9748 8559 2919 9287 5343 7065 4204 3795 5811 359 6656 8169 7904 2079 8267 4584 7113 5324 6800 2387 2738 5422 2471 9412 5630 6994 565 8012 1125 2002 4549 5713 1024 5170 5554 678 8167 275 57 6197 7206 3326 4978 9213 7244 9028 1479 1759 5615 5050 847 9563 2975 8923 3439 6842 1109 7071 5877 9825 7633 2324 7929 7099 984 1159 8656 5389 8671 8742 9958 6581 2617 4392 2082 3140 6619 7105 1889 609 7518 1706 928 8737 1132 8785 4574
7434 8453 2571 2890 9827 7590 996 5633 4525 7003 206 926 8480 1185 5915 9451 8296 3843 5002 5706 722 5480 5883 3624 9803 3774 2411 6843 996 4220 7794 1877 724 7768 5985 712 3984 2757 8248 7765 8604 5470 3335 8875 4471 2297 8883 4321 6548 3027 1455 9675 4059 9970 8271 6489 9987 8466 8092 9384 6452 6428 689 8839 3211 2552 7991 2802 6855 7258 6563 9909 4806 3162 3647 7420 9764 7032 1143 9584 6452 6328 4034 4568 9354 4133 7960 6958 3655 2222 8828 5806 3561 3296 5547 8772 6320 8985 7366 4432
3309 5406 837 603 9318 7768 3114 4523 7853 8606 5448 1796 8373 8963 5306 7128 1980 9208 1558 5730 4803 7025 6359 8339 5788 3095 5161 3323 2873 7780 925 2023 7375 5800 5804 1523 2211 5204 3090 6891 7569 5864 7821 218 8512 1324 3434 4725 2622 8557 717 2106 451 8014 610 8522 2170 7790 1816 4006 8972 6748 1455 5052 1423 9397 869 2148 8403 5312 462 1090 4381 1913 5178 8738 6130 8560 7522 4617 9428 3799 18 3569 9309 6079 1774 6865 766 8821 4607 4478 9788 8298 5077 4182 3411 5525 7571 8068
708 2658 5703 9491 9682 9632 6708 3933 7920 6028 7277 3976 6572 7291 8093 5195 6345 8072 6476 5391 2412 6409 2252 7 4694 2082 3735 9432 6505 7206 8900 9643 148 8567 8923 4140 9725 5703 3490 2798 1201 5746 1540 7811 541 2885 8278 8623 4572 7606 1195 6374 7220 6648 8727 1565 4287 9105 837 6343 4897 6907 8019 3021 4967 7906 9824 6554 4096 4045 5869 4887 4379 6905 1346 4175 4231 645 1377 4720 9548 831 2062 9584 823 1609 565 7843 5302 8321 3296 9652 5403 5554 4424 4998 7139 4007 1701 2211
2405 8928 8865 1818 2724 3788 7608 8574 6227 7408 8109 5530 7708 532 7552 3581 3510 7467 8449 9440 5070 5268 6748 7361 7305 3463 8772 7743 3729 4472 6171 6037 3213 7200 841 4721 5153 3438 9917 902 8172 9440 6998 5395 1139 9500 630 828 5785 7121 2885 116 9648 5633 459 4522 3438 7889 3561 1358 8884 9068 7943 3918 9240 1248 8520 3868 7905 8858 502 4724 5041 4120 4613 3828 8864 4773 834 7776 1815 4802 3817 3415 7419 6351 8078 1220 2967 2176 7159 1592 3284 2542 7297 5408 2757 1743 632 7084
3094 3344 6039 3937 9758 4563 799 6724 6595 3931 6616 6528 6218 4356 8424 9734 3558 4750 2509 7840 6580 7427 3998 6161 6404 6785 7221 2459 638 5031 1573 1638 5887 2890 8953 5894 7084 1456 6900 7925 8627 9863 5319 4763 5226 3933 3362 2043 3301 6025 9035 9710 1022 9868 3154 3433 5471 9655 4514 694 2141 9655 4423 4057 6880 3164 7823 2759 4612 9456 2550 1927 8251 6887 8705 8020 3686 1469 7985 4817 5008 8256 3677 3135 5246 7717 6571 5162 5498 5536 919 2318 7097 5856 1660 7327 9714 8877 861 3973
2756 9691 6211 8096 9305 70 6986 6006 8956 7290 7828 7040 7040 532 6012 7672 4245 388 4168 8378 7052 943 865 4911 3744 8826 3922 5139 9236 6646 1667 2623 584 4987 5783 7735 864 7588 6665 5702 8280 6615 4509 9892 2616 2449 101 1090 7532 8816 4613 7690 3935 4462 3353 1986 1477 5958 9230 8135 2331 3022 8844 8160 2036 7294 1869 9705 2069 2524 7947 9135 5865 6511 4427 8550 962 2175 678 4855 6575 9350 9979 5522 7478 5115 4435 5223 6913 6218 7914 7989 7140 8171 3018 2675 971 6592 3715 9556
3646 9941 9712 8075 1503 7848 8758 6693 494 6817 3676 8341 8765 5183 6588 9002 8363 9040 8424 5325 9966 889 2248 859 8583 737 3017 3204 9577 7007 4704 9828 6260 481 5183 307 9509 7570 3096 8445 1058 5814 4992 6835 945 8449 8191 6882 832 4566 8956 5032 559 4860 4743 8770 6988 1416 3386 9359 7197 4633 8679 1802 5569 7254 7818 7665 7227 5175 4981 2076 715 3847 7526 1961 9378 5294 95 4480 3493 5320 3102 7734 6233 1980 6164 5889 2443 6287 9513 4146 9171 5470 2747 7128 9574 4867 8308 6498
4933 8955 11 7455 259 5470 9144 525 9839 4558 4888 7963 469 2329 2475 1920 7433 4090 8177 7152 1184 3575 1312 1577 6911 655 6795 1284 3012 6592 6503 4836 7457 1519 9569 4909 3513 8184 1267 3054 4962 6292 9936 3782 9368 2546 3612 132 295 3576 2565 9847 5770 3953 4060 8970 2230 9835 8011 2351 5385 1257 3839 6111 466 1488 535 1860 3128 3208 5665 8296 8470 6628 603 1149 6902 8900 2851 4723 2014 3914 1180 7090 8961 6107 8966 3495 8085 3585 5455 2871 965 7258 7342 860 6641 2438 8160 7570
503 2857 6639 5547 7746 9093 773 9828 1077 2732 5795 239 7266 5405 6271 4180 4345 1656 399 3846 6485 8968 6788 8701 5105 5749 3024 1136 4697 8275 3143 7343 4975 2735 1633 2284 2389 3940 5727 8335 2349 9993 1865 7553 4105 3028 6867 3153 6322 8438 3160 8274 7135 7035 4241 7597 3062 6032 2681 1103 5464 5562 9410 176 9626 9663 6168 1804 3810 6935 1872 7053 4788 7766 1348 8983 3620 1361 6886 1298 1855 5738 1471 2650 889 9128 382 3982 823 5048 738 1809 656 2359 1460 4882 7246 2621 9970 184
8235 2625 6933 808 5268 4688 2258 7711 2320 2616 7413 4897 229 9125 5940 5787 5627 2699 7142 4860 2755 2346 906 7636 9659 922 8382 2877 1514 6764 5038 3651 5807 3306 3917 7597 9123 4980 571 3793 1820 3089 8244 782 101 709 3361 3480 7476 8614 4999 7933 6052 6923 2465 1078 9866 5159 3057 9069 7954 2958 6504 6468 5929 9662 8384 3746 6954 8079 6030 2043 7284 5577 6474 4028 2221 6465 7592 350 1126 5089 681 7322 6842 595 5592 468 6251 5495 4571 6481 7666 502 5685 5915 2477 5814 1963 4744
298 578 6143 2401 4306 7210 3429 1077 9284 8526 7545 2031 2499 4784 6986 6817 3209 9370 1027 5978 2674 8291 4424 3795 8810 8445 6911 56 2002 2672 9093 5442 6401 5577 6971 6766 8467 3612 636 6660 9716 3157 2695 6059 3286 9159 7471 4593 5233 7467 8294 3756 9616 2245 4435 4241 3552 1512 9335 9098 195 1014 7903 3232 5188 4218 1835 6765 6018 4970 4826 8399 6943 9399 1394 4958 5504 7987 8456 9938 8300 119 4840 8776 8604 1617 2964 1583 3913 8209 4243 3859 7378 1955 3420 173 2395 7296 6841 3046
4620 1271 9178 3602 8368 9569 9090 9014 4607 6293 4776 2385 9496 3570 7503 8767 873 6499 7631 1531 7098 3138 1093 409 9466 7772 3963 6099 6217 6531 2921 9309 4168 4887 3925 7725 8860 5322 4804 1724 1887 9000 1169 438 9374 5848 8940 3517 9066 1099 329 2160 87 4131 6073 498 5105 117 2104 7171 8282 2437 6344 2751 1029 656 5214 3672 5893 5868 9073 7422 594 4832 5453 2601 8939 3763 6227 7493 4141 3943 1330 548 1881 9788 3963 1370 4946 6652 1837 5901 6810 9538 678 769 1208 8197 2108 1914
6794 7638 2561 1316 7288 1515 8577 1118 4269 9459 8827 1946 4610 1435 3464 1428 212 8081 5281 1412 3955 8959 7510 2137 4902 5136 2924 2076 5433 9815 4495 4455 4566 3390 7436 3173 889 8167 8809 8895 9816 5221 803 8274 3891 3375 8133 2539 233 2833 4644 7456 7527 2458 8462 351 9832 7785 1195 7301 1805 165 5932 2881 9813 1658 8694 3202 3641 7522 8450 6659 932 1374 4430 4509 6751 7468 8717 4246 1957 3644 128 3157 9417 1850 9805 6282 3353 4442 1592 5040 3898 6583 548 8183 9518 6135 3269 3201
3541 1432 8257 9218 7463 9658 9968 6754 380 5465 9422 4521 7710 5394 7795 6373 1418 5419 9867 2000 8165 8943 9292 9694 387 6847 8309 7102 4858 5374 4956 2569 3466 1941 4124 3623 2053 2566 2087 376 5094 9204 3651 632 2225 1779 2502 8902 4762 2695 8867 9597 7064 9956 7240 5767 4881 5121 8464 7364 1296 9762 444 873 3203 8672 5487 4938 8446 2131 9433 5155 353 5969 8933 7988 6118 8513 2262 1192 119 3319 3752 6784 524 1765 9226 6493 8084 1782 2022 7109 5153 1271 2239 5704 3599 9696 3976 3901
7555 7271 2551 8659 6879 64 9837 9980 650 3120 9342 2015 8916 4416 229 6327 3035 2032 7060 9724 4402 6424 5279 7050 6551 3945 3528 6433 2830 6812 4417 8938 2956 3842 2752 2933 2754 7417 8814 6946 1714 8972 9353 1331 3984 2459 9880 6747 1408 5764 7006 2779 2578 5037 3721 2944 6624 236 7432 8829 1334 9611 7382 7793 2597 6130 4993 568 3809 441 5458 1764 8307 6979 3021 2443 9684 2858 1875 7393 7600 2263 9606 2177 4682 8223 150 3934 8373 481 2343 3477 1810 6528 1091 4929 197 3226 2495 1430
9965 7848 352 9499 72 3690 4288 2515 5747 9476 9608 9149 2965 9163 9736 2130 121 4273 2789 569 6176 9847 3082 2551 2596 614 6053 9419 5663 3525 7977 1495 974 3659 6074 1954 1517 8599 7032 8183 992 7286 5741 3848 234 7784 5519 1056 9339 2470 9490 1766 2048 4273 2713 5618 2970 1328 8075 478 4477 6257 2893 6165 5406 2866 3051 3597 7953 8898 6451 9759 4565 6036 1516 492 8671 5376 5233 6385 8496 4137 9470 201 6296 1213 2523 2275 8837 1297 4179 7956 4798 5804 8720 7316 8200 2109 5425 1827
5205 2984 311 1786 5984 3084 3659 6364 1080 9922 1187 594 3567 9886 4593 9146 5399 7692 9813 2617 5120 4189 1903 2439 5859 9780 6570 6485 2297 5903 7235 6051 302 8697 769 5494 7118 847 4799 3829 5507 9240 765 9916 510 5857 2073 5088 6701 9842 5466 548 272 7927 4553 263 3579 667 1144 5986 2074 8037 4544 6725 7080 2636 2916 1480 3840 1161 9834 4997 2834 2735 7942 9347 7709 9191 9976 3246 1626 7396 6212 2975 6 5478 3308 7102 4532 8004 2012 3741 1883 4436 2470 5796 1023 3633 6932 3073
5066 4516 6702 6483 8988 3651 7928 5816 6787 1841 8021 7569 252 471 7127 5485 4452 2295 9718 66 5995 6656 3802 3274 2961 8459 3342 5990 3277 5877 2181 5256 7374 697 2412 6996 2899 8252 2994 2795 6515 2015 8681 2465 106 9641 1084 2653 462 2830 5624 2666 1210 4917 3758 2231 1208 6414 3257 8321 8176 2575 25 318 6223 2142 3536 9032 4376 9974 6895 120 9904 9251 8069 9162 1608 790 1926 6174 142 7823 7631 8373 869 6418 7905 4465 4745 4850 5408 6976 6432 2885 1411 923 4881 4481 9228 2409
7467 2688 6710 5599 5460 9224 8063 5806 5441 5710 3868 8892 1420 4388 8502 535 5533 7350 5582 1429 8524 6070 2876 9242 7526 613 608 983 6740 3972 4660 1209 6338 7103 5100 5354 3911 4435 2582 555 9022 2614 553 8246 5983 9959 8570 4624 526 3337 448 9763 9970 8301 3882 9162 3322 1680 1854 6994 9193 1331 7321 2355 4110 5678 9864 7026 1010 8506 5065 2775 1280 7769 2393 8216 8412 4193 8260 5364 2690 3934 5999 5793 335 789 9476 6209 5587 8387 911 7474 5238 4722 4400 9248 1965 3024 3031 7376
4531 6954 4870 5758 3789 384 9508 5720 2475 4747 5189 5105 5484 6960 685 3439 1492 6430 7920 9362 1771 4087 5518 4512 156 5235 5751 7554 511 4532 9038 3782 7295 6600 7535 242 3931 3963 5530 5497 8803 8974 8502 2953 9528 9594 3323 6711 5835 5190 812 2378 800 4556 9266 9588 2458 3915 1055 2181 160 27 1647 19 3420 5666 6016 5534 9585 5933 461 9105 6811 392 8077 3968 8733 7783 5609 2527 8974 8101 7820 3089 4608 9358 2220 4060 9483 4090 1307 1485 6856 6135 1044 8522 9466 1398 4888 467
6470 9301 7203 4809 1251 3958 4938 6319 7613 911 546 415 4720 3213 8195 5527 2506 6162 7262 8888 8179 6100 5454 1595 405 5245 8994 3492 327 8775 1921 7577 4689 6186 8638 6302 4652 7782 8446 2646 5389 5430 6563 1938 2360 4179 8587 1196 6546 1567 5459 8723 5007 885 4633 3606 1119 7696 4963 294 6579 4678 976 1762 7488 6141 7041 59 1305 4590 1662 4266 9378 4881 6925 1920 6373 3825 9737 8712 3383 1963 6172 5416 6559 5993 8232 1452 7315 4193 3920 3565 5913 4966 5227 3543 3346 7364 3944 4803
4384 3454 2879 6930 1202 1328 2517 2665 952 5454 2210 4200 6146 3539 1114 6455 2196 7111 7317 3054 8293 115 145 7127 8889 8585 1733 1955 9217 9579 447 2581 234 184 8974 3551 1048 4055 8359 4052 2135 8660 5000 6394 2384 5993 1338 5582 4741 8334 4236 469 982 8093 8070 1582 1234 7372 432 7073 2561 8807 2984 2254 5286 9255 729 8725 7694 3780 599 5720 6899 9755 7513 2941 8981 5214 1413 9410 3413 2318 2360 9736 9032 6253 6691 7269 8925 4679 7212 5407 117 4922 8114 480 7192 7628 7096 5599
9508 8358 7405 2628 6836 8452 9679 6657 6406 7429 7411 184 7646 1065 9020 5986 8025 2996 316 9250 2419 6149 6390 9378 7221 358 2220 1595 7833 389 1775 3440 6646 2350 7650 2429 6438 4560 6671 4185 229 828 7665 7756 8025 823 9485 7794 8812 8987 7513 7833 3847 453 1747 2248 8968 8963 4607 4397 9776 4137 8168 7553 8390 1252 5221 4707 5587 6821 3612 362 76 9729 1609 2614 1020 4887 4021 5131 3712 1935 7698 5501 2672 7227 634 3705 5035 1382 6730 8506 4909 7390 6144 7309 7980 1915 6053 1617
9145 2786 7745 7270 9458 9949 3208 428 8430 5379 5608 741 2223 9789 5989 4549 1328 9058 1572 8169 4256 771 3431 3754 7986 2624 4077 5315 7846 8373 5918 3494 9799 4326 6758 5767 9443 1692 1892 4112 4733 2845 3082 6270 2274 6656 3916 5698 9786 3509 3164 5340 4189 3599 4063 6286 5956 1834 7433 5268 940 5133 5973 7110 8877 5417 3166 404 4181 4048 444 4552 3015 1944 7523 9153 5072 9863 9770 1877 8414 2082 5418 7936 3678 9843 1327 8355 7241 4391 6630 5664 1471 736 2481 3138 5543 6461 3876 7520
8256 4945 992 201 2713 9017 1590 7268 5336 6192 1121 2580 3661 2575 5683 2631 4580 3969 5546 7513 1335 8103 9134 9080 4073 2658 7436 1619 2093 593 6833 3022 8390 5527 5101 806 4153 6956 178 6494 1575 4441 8972 2197 9273 4770 1457 5484 727 6599 633 8154 3005 5032 4651 7745 2785 7024 8214 4278 4707 839 3831 2891 4363 2749 8995 5556 1950 7208 7550 3164 2662 1726 9493 3829 5190 3486 3151 4679 4059 526 7617 5552 2728 8768 7639 939 7017 8798 1734 7683 3647 1365 7991 773 7046 2434 8455 8939
3608 8243 703 421 8066 6888 6802 4987 7846 6220 4353 6894 8951 1507 989 5684 194 8611 9844 3729 1197 9174 479 6121 2943 8369 1711 6139 747 5896 1413 7711 9601 6069 9525 2319 6245 1823 1312 8785 9926 8366 5993 6456 9403 6845 1703 713 6603 9 8938 3680 9177 5688 7148 4790 6158 576 6846 5806 3615 3333 3093 2140 9331 9563 669 4489 3894 4296 9770 9704 676 3281 641 4618 8003 5232 7213 4203 4605 1080 5555 9154 2428 7574 6085 9362 5992 700 6376 3432 9521 5138 9494 9545 1291 6656 3992 6156
9261 8359 5594 4857 2824 198 1335 8836 9807 2795 1075 1472 8280 8973 6735 4044 6173 1603 3872 5077 4155 7912 870 5104 2452 526 6142 4811 1321 5581 808 7418 8293 7594 1317 8564 6535 4516 3139 240 3878 8992 7907 6768 3538 3313 3094 2420 5027 904 1852 2864 4492 3606 1232 662 2812 29 9209 5537 6717 5287 6575 9769 3093 9817 7670 9228 3555 8005 5094 5261 8873 2384 9338 6438 939 8869 6683 6378 2008 6235 7415 9779 7273 1996 5207 8297 6638 3363 4121 3490 2109 4272 8080 8282 1323 2146 4884 3510
1612 9765 9633 2084 976 3471 8692 3687 2024 2742 9979 4914 733 1551 682 1062 6697 8452 2494 9372 711 5815 9674 7525 8993 565 9483 5810 140 2280 7980 6535 4592 4218 3133 9716 7920 8666 6343 5633 4268 5864 448 711 5366 5712 5896 1086 8648 3095 4811 1944 340 2375 4514 6874 1794 585 4990 6340 2573 6330 3161 4655 733 8789 6523 7460 633 7121 8054 1968 5283 2610 1232 594 2417 8395 1216 8898 2946 2655 8166 4111 3886 1077 8017 1033 750 5087 8636 9159 7787 708 8666 8538 5988 52 5285 5666
9911 8678 8162 6014 7754 1887 1843 3200 6410 8043 8472 7755 1293 9041 7758 5406 1124 9604 9100 1912 1037 1652 2445 5428 4460 8214 5607 1273 9145 3099 1370 8944 2379 6438 855 4202 5801 886 8712 6991 4179 2927 1795 3192 2026 2615 6176 9553 3645 6454 8057 771 9786 7934 7581 1693 5767 8801 7442 1258 3627 6581 2471 232 9810 358 9664 2645 8426 1518 4182 6914 6034 5659 5962 9810 4250 863 8648 8772 2718 7326 9231 4972 4970 8159 7421 1239 1202 8173 2406 6908 906 3703 2451 2424 19 3635 3042 1710
8128 3522 8022 2493 8095 3880 7168 6439 87 2584 6360 3945 7200 596 604 3565 9841 6817 3200 1071 5972 5046 2640 7582 2325 3465 6535 9115 9377 5774 9271 6178 7109 7852 5465 2030 3296 8135 1888 7969 7359 1156 9936 7935 5501 2071 1237 2131 7170 6111 6490 1754 5808 4406 9477 5361 7420 6848 5674 3557 6255 2462 8527 322 5055 6487 5486 7629 4346 523 3643 4304 1604 8259 5889 4568 8328 5220 2365 7009 9578 8223 2748 4914 9887 177 6717 2468 3066 9682 9251 4759 4598 8031 9697 8520 7334 9823 1940 5825
1422 4384 4649 5598 5034 6895 2047 2402 2865 8244 5934 9590 3862 5104 6946 1287 4808 7642 7452 4951 9166 6771 8741 4476 2828 8960 1020 5591 8636 3148 580 5461 6433 8355 1422 4219 9388 3228 7558 3553 3951 8692 9045 6769 3831 7465 8000 5507 8558 1407 9325 4036 1144 3420 9756 6722 6117 6001 1112 6012 6936 9006 8700 9296 4218 3512 8004 4536 6341 155 420 9389 5389 6596 7430 1087 131 9828 6913 6397 9444 4335 7733 9405 9804 1555 39 7053 3604 6412 5347 4814 2361 400 6067 1412 5803 3055 5146 2250
7229 1248 6830 4646 1836 5428 1517 3314 7397 6114 4730 4454 3587 4155 677 7592 890 7542 9606 8713 7954 4087 7767 5524 4202 8180 8806 5268 9225 354 9925 8772 995 5186 5866 1177 2532 2553 2063 7297 5896 2065 1179 8333 632 6082 6794 8707 5451 2375 5990 8701 8119 8516 9214 6173 1914 3649 9241 3677 2556 7178 2272 5318 8698 1355 5421 1939 3818 9573 3811 6599 9362 5775 8027 8747 5681 1294 4781 1283 8371 306 4102 6088 2438 3407 5622 8129 1720 6597 8161 2275 1571 1665 9718 5328 1226 6074 2830 3454
9979 7046 3546 255 304 6023 4883 5893 9888 7617 52 4445 6014 6977 7774 6098 1697 5030 8924 1340 7301 6990 9241 2585 8534 9633 9087 8791 7377 4775 4788 2059 6196 1493 8694 5904 7165 1526 4366 9475 3631 2808 1787 9206 5725 2319 1788 6576 8412 9826 2593 2237 5993 3481 5339 7298 5584 6308 4585 3761 1982 1183 6440 4186 5360 9425 3042 6818 7846 5422 9786 7428 4787 8310 4260 6025 4009 279 8576 6730 4150 2229 3669 6462 3854 3076 2173 9285 4205 2415 7352 8000 68 1628 3252 4579 5639 6796 3613 8931
3632 1734 8873 4087 4642 3292 2355 3583 37 1738 7305 6703 5119 7828 6144 6206 8797 1481 155 1407 395 5456 622 8885 5368 3855 6391 839 2450 335 2710 8206 31 6085 908 2409 5050 164 7339 8743 8669 8657 1864 869 8160 4301 8724 7949 4227 9622 3836 492 8856 4502 7864 4503 1886 1614 1226 645 824 7541 9250 7129 2828 4043 5449 5920 6347 4139 3602 3393 74 5446 4902 136 9629 1063 8189 5652 1472 7888 6188 5628 2157 4417 6224 6632 5842 8175 6544 5754 8836 4754 7902 8547 7619 21 7784 5460
6703 153 4066 7800 8119 8230 7698 1019 4370 4436 7869 4723 4668 8017 5668 2451 9206 3996 4020 6443 5211 9368 6999 670 3620 5210 2465 9144 6915 9501 3075 6778 8956 266 9751 5819 4852 6283 3831 1692 8720 121 3156 4753 4125 7372 1086 52 7294 9390 5184 7215 5729 6124 9201 7726 985 9807 7211 8648 2136 2844 7111 501 9747 7221 9657 6489 6725 769 9727 1225 5345 58 131 8531 7108 1820 1259 3070 1504 5252 538 7281 2707 1058 2171 8760 2931 570 9218 9696 6400 9462 8661 9485 1266 6785 1988 9853
5992 7336 9885 2202 9815 4887 9755 8907 2640 7484 6769 5703 9842 3304 4338 6896 6254 6097 1736 9326 6065 9879 4613 7365 354 6912 2011 6931 4830 3979 1364 9578 2145 4463 7197 8335 9824 1433 1532 4008 5667 1829 3120 2413 7086 8749 7952 5081 5673 8335 8144 5212 6963 6157 3643 1960 1804 4312 9135 6885 114 2250 8000 9343 2884 9164 6175 8321 3915 6220 408 4387 2811 2641 45 8258 3497 4562 9368 8312 9677 5267 8019 5524 7029 3216 9442 1499 4208 8406 4767 3139 8587 861 4376 6424 4627 7723 8296 8438
3621 780 3541 2139 9537 4388 2678 805 8949 3025 5394 2493 8161 7025 8963 8122 7597 2592 7116 6171 8249 5870 5228 1670 8891 3200 4772 4616 9508 474 8622 3494 2651 5589 9258 6975 6650 622 3243 8919 9412 940 3188 8591 2153 6829 5132 8430 8113 1496 1253 9892 5568 6341 9528 4973 583 4067 2063 2232 9972 4733 3087 5791 5791 4079 1920 6796 7508 513 6225 555 8178 8330 2124 764 3041 5150 1935 6133 7482 197 4560 8659 2934 3286 7998 5997 2427 6597 3766 7286 7563 8658 7248 8612 4630 1567 9032 9934
7797 7035 8968 4477 5907 8129 2992 8435 2119 9869 8841 208 5966 5227 7028 6806 2876 6588 3495 8508 3581 1825 9801 5586 5493 2565 3336 397 7851 3900 2690 1864 1878 1531 2043 2288 8698 2013 7048 4888 3805 509 6709 2801 5382 1037 5400 5434 803 3351 8084 8012 7525 9306 4642 3473 1229 9848 724 3952 921 4805 7760 1946 9425 9017 6540 975 7824 3435 9417 270 6325 7492 5020 6547 6137 6174 5857 5126 4613 8552 7039 1137 1300 4078 4238 9631 8876 77 752 863 2400 6476 3000 9630 3747 8064 3933 188
8172 560 8974 2919 6598 898 1311 3154 6416 2476 3961 5177 5507 9454 8462 6629 2996 9926 7743 7084 266 3735 8527 8149 4392 3762 5888 1822 5929 5139 7503 9173 8056 4336 1986 7652 8831 311 4486 2232 9500 3996 6760 4224 5750 7972 3491 8027 9364 3960 422 1053 3658 7600 1720 5181 6324 8383 9486 9928 6219 2221 6696 1192 1665 4084 6795 2868 3022 617 4364 5750 3074 8289 2307 8383 8559 5731 4248 3714 4781 4399 9288 2052 5153 7674 7103 7549 2847 2663 6531 2494 1768 4271 2578 9772 3557 2263 7042 92
5735 6548 5137 4388 1485 2236 9599 8985 8649 7052 1465 7315 5567 5759 7768 7704 4681 5339 4669 7511 8282 8645 5183 8904 270 5916 2237 1823 7671 9286 4716 6584 6811 9690 3353 6701 6847 1592 1029 5273 2085 8185 6737 1130 2432 4488 8943 4755 8698 5512 3387 5765 8829 7835 8511 9061 2558 286 2890 8043 6239 9075 9468 5876 3921 5522 7498 2686 7345 302 2760 3807 8919 8865 4185 4879 7325 7181 2735 4409 8320 7840 5279 3811 1555 4888 1788 8214 3037 6286 1270 5935 2221 1804 5437 8367 5388 5821 8286 6679
6403 4531 9128 419 4005 3104 1472 2803 5567 904 1654 5055 8813 8289 9860 181 4241 7706 1623 1460 2206 9889 4803 7366 4832 1580 8517 6519 6533 9186 8295 5880 1173 6631 4709 6426 747 9659 7974 5485 2727 1531 914 4939 1982 9524 7485 5599 4177 9805 365 5725 9127 7322 8725 6325 1705 2329 6843 9791 9058 6047 6491 8381 9114 1087 6249 119 5867 2087 336 8475 3713 2592 3199 869 9777 2817 4766 3133 6263 1105 9281 783 5292 5651 7781 1550 502 8752 6887 8913 741 6768 1289 2849 5102 5913 5452 4676
1914 6635 7291 5683 8950 4892 9518 8705 5255 8504 9249 3244 573 6058 4308 8389 6641 2766 4676 949 100 7785 3319 3013 8986 1886 1944 9769 1010 8916 1509 9926 5739 779 5516 1457 2830 6520 9322 8581 3212 2853 9258 2016 1806 536 3861 4796 1653 5619 7615 3834 3752 1717 5082 3143 6225 6377 5153 3204 3793 4892 1376 9949 8680 5615 424 2188 8928 5862 2352 3729 5678 9078 5690 8998 6842 4779 9960 4057 3434 4659 2646 7926 1276 2995 8279 3644 6951 9196 3742 2457 1478 3732 3779 7122 8045 6533 1904 5823
8962 4930 3883 2833 5140 6761 7933 5906 2493 3469 9005 9202 1756 502 7908 634 2058 5739 3621 8516 7066 1413 9403 9502 7446 5068 1245 7619 138 2787 1831 5993 7731 814 6995 914 1190 1599 1643 9304 3603 7227 1698 1633 6129 379 121 1822 5269 1754 2821 9451 5909 3409 6696 4369 3392 6724 9336 9495 2730 8706 1383 1183 6744 4731 5645 6014 6790 7443 7116 636 792 3366 7787 5197 3613 3715 1132 291 2489 7372 831 5394 9287 6195 8879 791 6069 6495 2772 5880 6498 5888 3267 6029 6864 5638 9981 781
8663 5514 1291 5934 5566 5407 3189 3960 9636 5741 8154 8523 8744 470 4484 7615 612 8697 3846 5918 7803 2250 7952 5783 372 3950 3767 2681 4053 297 7880 8472 3217 8784 944 1493 3286 7854 1715 3120 7717 2529 9052 7297 6258 8790 1422 3673 5000 8616 2671 9801 4012 5313 1158 8781 8976 4402 7473 2427 7426 241 7013 9603 8891 2198 7940 2437 5645 5648 8871 5746 1550 8365 7275 8398 1847 6546 1627 3509 2517 9624 8263 8152 3255 704 8490 1001 4921 6354 8789 5467 4827 519 4262 562 7555 9763 4716 6292
8572 209 8964 4292 1072 9035 5559 4153 8449 2275 9002 3463 7775 8918 4954 2692 8487 5031 700 1228 5830 8857 6146 9453 678 4090 6620 5745 9571 7358 1919 1180 6029 2378 9688 8792 4589 27 4509 6803 6562 4897 8214 2999 8290 3087 6075 2875 4600 7824 5692 2236 6760 609 1361 2876 6238 655 1455 5778 4242 1401 5532 796 3864 2553 9791 5577 6090 2136 7329 4148 759 1673 3161 6139 7886 9614 7538 4130 5128 2367 3498 2755 731 7598 9248 4537 3412 5527 1765 496 9815 4452 3372 6683 7759 5131 9803 8026
8464 8564 8716 4165 7810 4779 3296 7963 2274 6635 9792 1306 4326 725 6321 8606 1511 4713 527 2199 4494 6374 3233 3858 5798 6975 2991 4217 1 4740 6790 9026 6119 1122 4224 1487 6054 5544 8875 2240 6931 7562 7765 6553 895 7268 2338 6496 1497 8448 456 4072 393 2725 7034 511 7750 6596 2105 697 8914 4087 503 2285 3151 2191 7059 8401 8209 5425 3103 2270 3213 4844 9050 5488 1575 6362 8399 9308 3564 6807 9414 1645 8813 1396 2115 2311 1104 2810 3517 1495 1211 1546 87 6892 948 7245 4253 7108
9106 9356 6814 4266 6626 306 8777 8679 2224 8496 5636 5653 3224 8691 192 7086 2657 4853 7845 8854 5235 3913 4904 699 3928 2493 3947 4621 3813 7046 3114 2261 1012 1737 51 1499 3552 948 6978 5923 2312 4178 4489 2165 8019 9237 6383 6079 494 4556 1759 3329 7002 9047 823 4028 2466 2154 5544 9895 7181 6130 853 469 3166 3036 995 3348 5930 8171 2752 6819 2536 8914 7173 114 4302 6402 4042 8864 6383 5374 19 2439 1369 9987 193 288 3474 5905 1898 2553 8552 2679 9638 948 4331 6773 9607 2474
2589 6338 4127 2236 5817 5321 2097 5401 8166 4413 2242 9586 4609 1016 9600 250 2445 9000 3425 7795 3381 4968 5215 1622 5671 9677 6431 1315 3808 9416 2529 4243 9923 7000 2275 8469 3466 7870 1991 4768 7676 8727 6430 7908 9554 3899 8453 5059 3180 6997 1102 6904 4318 8914 1524 6911 1695 7709 3651 4246 6367 2956 5170 8272 4719 7451 2607 6719 9113 4506 8551 9618 2576 2951 2785 5330 8634 5666 7887 592 6230 7027 4434 3480 4978 6284 3077 8566 3591 765 2905 8412 2421 5947 5455 307 7672 9683 9336 6349
5117 146 5473 1129 7899 8447 8977 601 8978 8483 2321 2226 8781 8069 2166 8609 1154 5503 4895 5702 4393 571 4757 4635 3556 7402 8794 8409 8974 373 1630 6860 3108 1560 4020 5971 4180 2552 435 4808 6693 4038 8247 8148 6115 8121 6693 9136 4666 4680 960 3994 692 3240 1846 2274 9172 7164 6463 2707 8763 2264 2102 3152 6097 6207 3369 1833 5093 6981 9716 9290 4496 4278 4931 5973 4929 2298 23 699 5340 9640 2422 5860 1356 6208 2919 6876 575 647 2384 3922 3554 3913 6504 7773 8707 6973 5347 3823
4658 966 4164 6456 1007 9228 2974 444 9839 8118 3310 8241 6500 4800 8958 4574 7548 5137 9616 657 5114 9752 8124 3610 4219 7696 2034 209 8978 3339 7270 8155 1668 9483 8580 5158 1871 8647 9050 850 6452 2955 6191 5119 5228 2446 1385 8263 8347 2964 8607 7859 8587 8715 3639 2996 8907 896 993 9793 3633 862 3649 6581 5159 3100 4403 6136 8804 8378 8668 639 3782 3781 1417 4367 2848 9246 8329 2707 8715 1170 6503 2035 9404 3398 8300 3539 5537 4063 4184 30 27 3019 8074 6933 3251 7664 8831 5472
3412 8704 4775 4490 4831 4897 7341 7282 6956 6774 8050 9753 9881 362 1334 600 5560 9710 9235 9098 2208 784 1537 5831 9942 7585 9989 3662 3721 5235 247 8244 668 4840 7570 279 2326 294 3097 1778 9739 6731 9301 6438 8095 3684 2664 1483 3838 7690 7304 8721 7253 5576 3473 3509 1509 3601 2812 7701 8024 2632 425 4131 8110 1757 28 864 9960 2511 3843 2626 7211 6829 2612 5226 3730 5760 2527 2023 3054 1427 1290 2107 3741 2119 9957 9284 7572 1207 2469 3678 3178 7371 7619 8386 5687 7806 6220 8994
3632 2975 6615 1635 5541 1671 602 9288 2833 5834 5769 5051 6432 6160 6510 4793 7873 9383 3060 6532 3776 3686 3465 3236 5339 8440 2593 3734 4731 6924 2062 3767 8349 5083 2716 9600 7212 3661 4499 7481 2164 5711 2395 4829 7221 8326 4377 6017 4608 1721 3293 8315 2475 6680 9089 87 820 2536 2782 6599 9218 6104 1601 8144 7556 6083 2691 5188 7792 6657 9184 4530 2061 3915 2588 9601 7809 7358 555 905 4957 2689 4110 6253 4168 8042 4909 4731 1905 6238 5234 4910 4426 2042 4051 4054 6726 9186 9597 9738
1485 766 4773 9914 3136 5620 3521 3887 9748 4413 3222 7174 2160 1250 8049 2614 7903 6107 1496 2459 9807 7570 1301 9353 2559 8497 9734 7270 597 125 820 4417 1454 1039 400 847 6865 774 9502 8624 3342 5225 3773 4018 6583 1860 7564 7782 4417 353 5808 2258 4142 2783 2512 9427 4442 3927 2650 4518 9788 5686 4566 6940 1013 5593 8598 5623 4 3239 3707 2878 2069 3975 5991 342 5977 9115 9935 7975 6556 4677 5172 7097 7314 649 6530 2474 5834 250 7318 6504 2034 65 9272 6733 9652 3179 2641 5443
9163 5042 2726 5887 211 5326 9611 7726 7826 4942 3594 3856 1215 1717 1708 8140 5664 6482 6977 6601 7369 7414 1726 6298 8635 9381 322 5276 2849 1521 5080 8158 8114 7520 5592 2727 4002 5211 3198 3884 1224 6579 2769 4479 1868 7894 8626 487 1524 9012 1157 8765 9691 6085 5738 4174 7098 7202 4434 2078 3570 8729 1156 3169 4528 2233 6325 4013 822 9516 2696 5742 3765 8318 603 4279 1306 42 905 2961 7684 4782 1359 8011 7413 3007 1862 357 2572 8651 2092 4598 6181 8715 6400 1422 3916 1024 1000 7512
9735 159 2951 18 6233 9135 5212 8850 2745 839 3772 536 9014 1844 2528 8999 6712 6707 9231 8875 8912 9209 8428 638 8269 1122 9486 8589 5194 3231 7940 3878 6094 6274 9820 2532 3481 6279 9158 1963 4991 2687 2938 6994 3669 3224 4607 8706 2126 2849 3974 1077 7453 5168 9631 8905 1929 4687 6085 2415 1024 1279 3294 1263 6509 4760 7669 2648 8820 583 203 5664 2635 8366 2668 7880 5984 1426 406 8847 3568 3403 8959 9278 7109 4660 6376 3875 9505 5151 8793 3353 6724 3893 3678 1278 412 4759 382 9516
3759 547 5211 2107 4510 7041 2038 8594 2023 4809 7975 5973 8610 3246 5426 4865 4615 2389 4286 8008 5384 5775 1838 64 1243 3304 541 416 2402 5485 6625 4205 2460 6109 3911 8991 9845 3053 2642 917 5676 9831 6429 1981 3809 9722 3907 7746 9091 1060 7598 5773 5950 6557 2598 572 2478 2448 9653 7755 1744 7 1137 7437 4440 5573 4425 1408 6745 4166 5047 5140 4903 2279 1392 6409 5141 7212 1506 4152 3504 451 3847 8179 9208 1168 1294 1174 6472 8134 8920 6244 4499 4022 8719 6885 1549 1575 878 1187
4875 8088 8007 5591 184 6420 1076 5702 6816 7603 9756 5707 7153 9599 1758 8875 9174 9102 6179 4620 8714 1898 8517 2107 6732 6504 9965 7294 1448 2415 4417 2192 5281 1307 2858 5762 5656 1198 6436 7007 2595 8945 3316 4190 6719 1602 868 341 534 6694 8176 1108 7540 3305 5429 2419 3760 9908 8990 3165 3992 6655 8887 4232 4360 260 4322 8325 7955 2504 7311 304 7280 3295 155 5232 5336 9227 7111 2706 6856 1348 4318 9772 6986 3573 8959 2547 7994 1880 7135 5314 6025 6995 9551 979 6639 7294 8960 585
3208 6992 4218 1674 8471 8084 5422 8789 8113 657 6819 2025 9551 1641 3799 9688 3610 7460 8075 2114 9473 7230 571 2855 8112 649 9340 3166 3742 3657 1160 5482 4175 986 1308 648 3457 6846 104 7013 22 3644 5532 3652 2037 5531 3105 7430 8777 8880 4673 1449 5134 2324 9406 220 2581 4687 6110 1202 7262 3231 1695 5701 957 6633 8390 5715 7213 7228 1815 1499 2020 6203 6029 7500 2411 2369 3793 5280 433 7331 9884 6274 6629 8466 3318 5100 8224 8051 7060 4259 3674 3691 9957 6708 4011 5020 8337 1399
5112 2050 2511 4794 6317 2881 5103 859 5009 917 5334 7421 6138 3987 2632 2889 5733 3652 9730 2745 3883 9499 2596 128 6981 9993 8909 6978 5533 6304 6606 1634 6890 744 7109 8578 2550 953 3867 8094 6261 9941 3349 8276 1604 9893 1008 132 8833 2940 9908 8906 3724 9608 7954 2660 112 5440 6535 3709 1937 9971 5551 4924 2922 5828 4521 3351 7241 8870 1819 3126 7693 6040 7918 9046 2248 4211 6020 1930 4416 3634 5469 1454 8698 4238 3802 7990 6902 3896 4783 6186 4513 6994 6688 7672 8309 8796 7022 6516
2215 3305 5943 7802 3156 3177 6094 6786 653 4304 5700 6754 2396 9808 5478 7438 7006 1658 8038 9337 3480 1433 7855 641 3806 3823 5119 5383 5949 3296 9760 8730 560 6142 3278 9929 79 6672 6987 2609 9326 362 3694 304 7126 9694 3364 2414 9999 4405 4448 7066 8226 6078 8319 2628 4934 7180 2417 8162 8136 8193 1237 8227 9030 9635 3609 8061 2936 4325 9963 6519 2336 3673 6415 175 9867 6564 5570 1037 6197 3579 9053 8042 5150 4115 1284 3526 9281 4841 8349 9719 9280 1827 5603 2434 9891 9954 4743 259
2582 5641 5866 6971 5879 5026 9423 3494 7174 3710 6567 5282 1608 9406 2012 1716 6651 9100 9354 9011 8056 5570 6217 8202 9528 1256 3369 9207 8711 4041 8916 85 3167 7560 6534 8858 9156 9733 1990 7028 6862 1585 883 8850 3728 941 4830 1524 773 9000 9433 3690 3320 1625 9426 2033 5857 3364 9854 1805 7888 5745 3486 5128 2214 4583 4234 8812 4705 5145 2867 3741 8644 4536 6028 6389 337 1544 2926 8114 296 7276 2450 5040 6106 4401 2354 1704 6904 7789 8740 1908 7989 807 9094 3768 3904 4809 5600 3649
5987 3967 1233 1997 3778 7801 9957 640 4708 6681 157 9894 5224 2140 1384 9926 945 305 829 9717 1248 3397 5543 4949 752 8129 5386 2283 3839 9671 9581 1843 7278 583 5641 9410 8759 5009 721 2926 435 4608 380 288 4228 1059 8559 2490 961 1388 3085 3691 7393 6246 4361 6055 8163 6046 98 4030 7818 6435 2743 4546 9849 334 950 7998 1370 9863 8000 3950 7801 1760 1517 3872 7890 1148 8778 8266 8815 3274 8167 917 7636 1952 444 8782 8834 8000 2813 993 634 7846 3966 4638 2476 1068 2909 9419
6865 1745 5528 4734 1814 4501 5346 8353 8889 8799 2933 138 3443 4794 6735 3890 3514 9797 8295 8823 2730 3546 3288 7880 6569 8414 3364 2653 7824 6294 7133 524 9624 4401 4862 6882 2726 2098 3001 7025 5006 5511 2352 2060 4053 8463 4579 6000 3277 1727 7086 7477 7773 747 5528 5102 6997 4936 437 6482 9520 2052 458 727 4312 1815 6391 2419 5667 4295 9873 5420 5202 8476 7623 3535 1124 2770 238 5041 6214 1596 1005 6118 5736 8377 7842 9588 8463 2897 5097 3103 9626 7531 1819 6205 4454 7063 6752 7751
645 6834 9559 2424 4588 1544 6119 9786 7043 2404 9029 9771 1966 7153 470 9039 4792 9660 1306 638 8482 1799 9551 9768 936 2937 7207 4668 8499 7393 871 9880 3513 8038 7637 1708 4182 7658 5707 827 8693 9728 3127 7269 4869 7586 3188 3275 8067 7463 7005 1422 8706 3853 7754 7659 2647 4996 2076 4358 7993 6934 1836 886 8751 9230 2814 6042 7865 6946 1833 7034 2533 8059 3598 5342 1135 1390 7435 9837 8685 7691 2994 5372 6687 9524 8459 5417 5789 381 5060 6264 723 5497 880 7368 7491 812 7398 4266
9692 5916 4329 6290 8602 4047 9541 7390 4686 4124 8785 8625 374 4659 8243 4374 7131 2850 2215 9665 8244 7292 231 1949 4775 7919 794 9716 1008 1915 5523 4216 6127 1033 641 5656 8422 5041 9774 6276 7983 7 2687 6212 2992 2987 9000 7783 8054 4460 314 7615 6080 8148 5338 9415 384 7551 5902 4592 8470 6857 3548 5733 431 7203 7531 2985 4720 5268 7616 4072 550 7948 6712 8768 2222 8514 5217 1154 2777 5757 4254 2336 5561 3838 1560 7008 247 3042 5203 6139 7961 8576 6950 171 1274 5292 8841 6925
2741 1454 7829 2232 7493 8878 278 9817 8683 5221 7967 2740 5493 305 1476 6721 1868 6071 8551 6125 7016 9067 6790 2457 2109 2354 3756 3668 5787 2869 1795 2729 8600 6111 6726 9069 8383 3359 2728 2160 33 8222 1786 7650 5568 1044 1817 9931 7624 8066 7258 5403 5011 6387 972 51 4251 2911 4010 6327 7942 5089 2440 280 9422 8140 6783 5346 4839 6353 5174 3030 7645 6988 9315 287 4368 2531 120 9712 2215 3812 7329 2585 2102 7534 6358 3774 6236 4793 1217 8512 6077 8114 990 7414 4728 725 5381 187
5260 3963 3435 1690 6719 585 2532 1261 378 8807 5272 4478 3635 240 5772 7706 6408 491 1470 2823 453 9729 8023 2649 35 3310 8079 555 5322 1812 7058 9336 7589 4387 3108 8639 91 6063 6872 3310 5509 3765 4649 2724 3705 5350 8495 4969 2031 8320 3449 3301 4652 4516 2995 5925 7674 6057 3745 8058 3769 7461 7867 5786 9653 4408 622 6451 7770 2964 3726 9314 4238 2906 5141 2396 6214 6853 4073 8839 3196 246 7376 5771 4177 5835 6643 6691 7802 9858 3113 9157 3596 5600 384 3437 6854 8525 4753 8334
4991 8911 6859 3427 6820 8697 2075 9278 8872 1385 5349 2102 5169 5871 309 3146 1075 5533 3783 2746 6930 9380 7938 227 801 3157 9994 5 6814 2740 6057 4399 5345 4858 7001 5068 3472 790 3645 589 4311 2746 1414 9385 6025 647 745 8314 3581 8364 4818 7279 4626 862 2784 3502 4584 6901 6407 3701 8828 7929 5410 9615 8081 4149 2278 3144 1512 5514 4436 8790 5693 5811 6043 9481 4374 484 674 4633 4876 631 9453 3614 5056 7784 7550 5327 2077 9218 2012 7187 1070 7276 5028 4897 9631 7554 2952 3893
2218 8697 9003 8765 4680 9344 978 3879 1453 4236 2044 230 2369 6590 1929 3713 9335 2966 1717 3235 5350 457 3220 5371 8010 4352 3241 145 4564 5707 8893 8230 9724 240 5957 7174 9622 3962 8328 2749 6854 2998 3976 4133 3828 9196 3178 1338 3293 6123 2718 1061 2352 8170 5713 2546 3467 8991 3154 2797 2599 7877 5056 6434 4203 1928 8871 8727 6509 9227 4611 6216 8398 3151 7086 2634 4798 9196 2378 5843 2738 7146 3089 4570 3500 5997 3386 2881 4252 4789 4936 499 9093 2503 4324 7674 629 8680 474 9748
6866 4011 796 8978 6981 4709 2496 2275 6529 9671 4761 6596 8566 94 948 6472 1722 6639 4465 74 6097 3515 5010 826 5796 7720 3481 6218 2434 9824 9006 6151 2603 3809 2471 4782 3893 6412 960 8021 8926 7493 7544 5098 8569 3343 9548 6174 219 7059 9581 4410 6136 7123 2848 2464 8277 3057 4146 1456 277 3391 239 3498 6236 457 8690 2215 9082 2841 3208 248 2978 9464 3441 345 8097 354 3250 3213 1874 4419 9092 6140 949 6488 8517 6878 1919 6486 9455 5574 9364 7188 7150 8341 9283 9292 795 5464
6404 2479 4983 6568 3690 3379 819 2722 8403 81 8963 9782 2423 7164 5957 4262 1684 3703 1996 3413 2105 5442 9699 8256 3143 433 5080 6325 4899 9120 282 1238 5771 2554 6411 3988 6672 1716 4115 3920 1185 1760 7203 1409 3613 8761 2797 7641 6747 1434 3516 5773 3678 1918 3456 426 616 1006 2481 3184 6557 9683 9559 3005 252 82 7390 2291 2320 6628 9933 3655 7181 6329 6752 4768 9521 5210 1089 2685 498 2068 5717 9375 2363 5757 5399 6193 2551 5642 7168 5551 9734 1776 4553 3552 5850 8682 5061 6756
8710 1458 2817 2593 9797 7519 6019 2919 1289 6980 1445 1049 4895 7735 8089 1870 98 5338 576 6623 7601 4362 9393 1142 2770 103 3366 7584 533 8653 4406 8196 502 1125 6990 9678 5132 305 1896 3318 9996 6221 3974 6746 4672 2191 3008 2415 4945 2061 506 7938 4129 3521 4295 7525 3658 9427 2041 7692 3242 5903 7994 3177 6251 4975 4802 6132 5531 4771 3623 9506 9924 9922 3691 6890 3360 2845 8536 4054 1328 2924 5289 1002 4846 3857 423 7706 7573 260 3217 9675 5744 4199 812 9712 7808 3732 2442 4609
2081 18 8440 6906 5245 1475 7306 6493 3625 4980 7901 1851 3463 5247 5676 9100 857 5931 6428 787 7379 4341 2219 9361 8148 6050 1024 795 5022 9799 680 2133 4260 6687 6191 4369 566 4891 312 4814 1110 4512 4523 8693 8362 6221 9334 2896 2050 2624 8907 434 7407 9581 624 45 5369 5755 1182 5995 9387 6827 9691 5989 462 1810 699 8150 5181 4978 3265 5319 320 9055 582 6892 7140 2723 5014 841 4686 8212 780 9874 8646 8909 9115 8730 1206 5325 9329 7495 7402 8538 1015 9916 391 1417 441 1421
3729 1208 1090 6728 1962 6804 7093 6419 8349 9693 4339 1896 3277 9585 509 3144 7350 6898 8716 9003 954 5790 3750 2975 8832 5295 5241 6724 1302 5623 4785 9933 9217 5158 1032 969 1634 9733 8233 8700 5087 1436 7622 1922 5771 461 3560 8443 1554 7949 9025 1387 6170 4215 447 4862 4225 1108 7409 8194 2354 4213 3809 6611 586 3253 6507 9547 7707 2658 1927 1055 5509 8906 8534 5981 2708 6741 4505 1469 6660 976 554 8778 5215 3757 998 6855 6810 2819 6676 4447 4050 3814 2561 5328 2150 2423 8696 8061
7056 208 5636 2052 6479 1582 7782 4993 7378 2545 5909 1371 1491 8371 7770 1320 6062 2061 9358 1453 4314 7116 1625 7928 1863 7353 8350 4032 5620 7753 6358 4548 8198 9983 9091 5859 774 9607 3376 898 318 1371 883 3362 3708 6961 3211 6845 3627 5250 695 8380 293 71 7992 3425 2314 2 4493 6096 7251 9408 9940 6142 6170 407 6206 5584 1505 1444 1963 5364 4829 3940 987 8662 8870 499 7402 7989 4026 6851 1050 891 4443 4798 3045 5318 6691 9327 3655 2135 4092 7590 1630 4254 7849 5972 5410 5277
3673 6802 2647 1520 3712 4772 5628 2745 6998 1403 6424 7602 1434 8059 5426 9797 5958 8737 8426 9472 2322 5915 8880 1093 4991 970 8350 4419 4729 1402 8106 8691 8873 6369 3555 1968 2714 2645 5247 4000 1595 892 6743 2948 1492 9831 7162 6467 7857 4621 8540 9980 4301 5621 5488 7816 6372 8810 7509 8482 8691 6921 3270 7668 9260 6611 5519 9527 1049 5341 9192 1816 4939 7958 4491 8036 6088 6180 6476 1333 4494 8475 4609 7253 9625 8999 273 1178 7726 1416 286 726 8604 2471 6621 493 3065 5659 4365 6979
3257 4337 3674 251 3260 3448 5351 9593 76 4957 6290 2882 149 5216 6236 8987 1553 2700 6282 5123 484 1523 8733 1275 7444 7154 4062 369 5854 4220 1963 1367 614 8682 3648 8572 6894 8958 3134 622 9360 5031 6052 2019 3581 9763 6255 6068 2910 3980 5315 9670 545 877 5285 4194 5200 3791 7273 1156 3008 5662 7774 6044 6575 5692 3187 4530 424 4385 9177 4260 2505 7428 8341 9867 5175 2808 7193 2230 7321 1337 8644 1737 3047 8019 5241 7054 7854 5088 1748 9837 3400 6930 5194 7557 2531 9048 6872 6339
7633 3693 3589 2454 9333 2640 8838 6743 6651 1390 8154 49 5840 5871 1081 5763 4599 4590 3865 6131 4011 333 526 9451 9538 7174 7224 5417 3274 3534 9466 1551 4880 5851 3365 7112 9426 9281 9013 9613 995 8450 4751 4142 295 1563 3093 8741 9368 467 8301 6338 4841 4050 1531 4141 2489 9658 6103 7389 2907 8428 7277 2108 6058 1552 8066 1579 343 2910 268 8743 3293 3253 8671 4972 5187 2276 3164 7701 1807 2148 343 8870 3656 1317 5037 5665 8984 1246 8632 8989 5489 7590 9861 5626 3485 2482 2019 2456
4281 6440 9736 6733 7370 9852 6808 3403 4856 1561 5108 2666 9308 2978 3931 7921 7501 5376 1950 3286 7632 5700 8276 5561 8408 97 7871 2431 1026 3263 8781 9583 6203 7502 5943 1587 5346 9948 8637 2155 6803 982 1778 8493 2494 4746 2726 5027 2798 1701 221 6554 4315 6922 1050 6633 6696 3583 7768 3742 9381 3309 4620 8889 4665 2431 7705 2015 3596 6125 7786 559 5458 2266 7686 361 242 5379 1034 273 5655 6930 5973 6422 5883 1258 3873 185 4629 7563 9483 8117 7316 3236 7625 9191 1750 5660 5881 6003
6394 8049 7801 3289 3989 1436 8905 1296 8440 2452 7317 4856 3658 9816 5091 27 6008 8274 6760 2914 8376 397 2406 6494 5484 214 4145 6379 4580 7547 1827 4344 7684 1121 9435 5649 8688 2299 2122 322 3161 7339 8806 9388 3259 4791 9225 4911 1832 9828 3325 4454 9356 3120 1575 4323 2652 9883 5100 4858 2995 4280 2842 4333 437 9568 6603 3788 4257 6757 8643 6707 515 8559 1825 1848 5629 1546 2643 1120 9974 3503 5570 3505 4543 85 2505 4878 6265 4431 7287 489 3042 771 387 7402 457 8085 8914 8278
6722 952 5183 1072 9210 6753 5696 2030 9281 499 2937 7225 627 2414 4643 836 142 3810 3742 7183 7420 8884 6640 506 2244 6340 7000 2232 8148 5938 2372 8569 9521 1292 9119 2381 7197 7700 8422 6739 7601 4042 1521 3568 2152 8736 8347 5365 1983 2455 1230 8928 5762 7921 8891 9980 3658 8021 9479 1524 7174 5484 8335 7725 1113 3189 4754 4640 8115 2649 8980 828 386 3275 2050 7110 660 4776 6148 2762 6315 2709 559 6778 2668 3374 392 847 5328 6637 3073 9677 578 5503 850 1516 421 4851 8404 6363
6092 9021 5101 3333 7178 5949 3221 7849 6523 6299 8649 5923 3976 4611 5213 1472 8722 1791 9399 2591 4534 8634 6778 9938 4049 2204 6818 9547 6017 4902 2319 5808 683 4963 6477 4067 3311 8013 5479 4699 9556 9178 9737 942 3151 2269 7967 9748 6671 6726 8033 2978 939 6222 8194 4317 1533 6925 9730 6962 1505 113 4822 1358 1823 3300 3112 9826 8805 5036 8510 8643 8981 7916 9093 5493 5039 9698 8531 8609 7121 2650 6874 2743 8270 2974 2659 9093 8217 1343 9795 7730 9138 407 672 1921 9211 1723 882 4427
1477 2995 9921 3753 6942 8731 1065 188 1922 5242 2423 1236 3546 9895 8957 4965 9856 8655 5380 3143 5676 3197 4672 4170 4564 7985 1877 8744 6005 4606 5906 3871 1184 2370 1526 8483 8296 7842 4612 3127 2428 7033 9594 2442 5583 8497 1962 9271 4545 2753 9447 1397 3335 3248 7162 1152 9222 9429 2343 4941 6396 7342 6582 8989 1441 326 5668 380 9608 2958 6294 3849 5527 738 5336 7446 2904 771 7217 7936 9404 3100 5943 1052 1105 9826 4400 9266 8725 2619 7998 5574 667 2928 8902 4380 8606 8629 9301 4470
3573 8669 2756 765 4610 7877 1044 3052 4219 176 2760 5301 3221 7057 4335 8480 7879 9145 6468 6778 7887 1823 2243 6244 6655 1509 8093 565 5270 7757 5397 7366 2152 6209 5305 5216 4091 2098 2298 2828 7770 8808 495 2033 5653 9212 7294 6308 5822 6537 7583 5759 6854 7259 4176 1593 4482 6952 6399 7804 3979 1709 4270 3758 1392 3478 6540 3140 3384 1018 5626 3615 3502 4702 8645 3300 5690 1262 2069 5334 3061 1598 7636 3987 8904 8954 7526 570 617 780 1721 5618 8222 6101 580 3940 994 9558 3690 8423
7717 430 9602 8327 6182 5763 5026 8127 4838 2978 6121 13 933 9560 4210 3801 9148 5988 3568 4272 5842 2233 9530 4110 1915 2587 952 8356 9937 8312 9675 6036 9889 245 155 9898 5415 6953 2322 9632 1373 9700 9686 4056 3437 1116 3019 3349 7282 6820 4013 7305 275 8335 1899 6236 3182 1012 2556 3903 6088 8767 9531 9061 6389 6556 5359 4838 4801 6421 3491 2998 2413 523 4023 5907 9007 2201 6734 8193 8280 3622 3877 592 1050 8424 4262 4274 9230 2548 9517 2946 2762 8091 8358 1073 8300 6126 1460 3490
9397 9517 4706 8260 2923 9246 1365 3602 7131 4730 2327 1107 6150 6839 814 4729 7477 3993 3174 3713 4697 4558 8631 85 7750 2828 2942 671 1100 8030 7647 8109 5535 6506 1829 7703 8376 6675 3156 3129 5436 7855 9669 5320 3041 9924 1711 6590 9893 5598 7415 6657 7742 1490 9629 212 9669 1269 9211 7440 7471 3377 8934 4635 7915 1372 9480 750 118 2506 5500 7330 8177 7017 4700 1662 9061 9300 2801 8235 4876 4827 2238 4469 8531 3433 668 3489 4557 1153 9099 7100 3443 925 9969 1108 2387 3663 7588 3880
. 710 756 187 331 18 381 769 190 801 483 754 97 131 367 749 953 547 87 624 746 5 938 843 853 513 885 914 12 105 594 14 570 636 4 709 580 8 520 737 768 0 818 . 436 9657 7944 5362 1688 6135 3334 8088 6318 9702 6711 9299 9499 1913 3015 5002 6182 5428 2141 6389 3643 9006 7779 8589 5187 8870 5653 6176 4400 7384 9244 2046 7194 742 5029 2553 4518 446 263 8025 4172 2795 1245 6123 2876 4314 7781 7861 2629 3962 7102 2305 3034 5853 8295 2455
7717 3803 1537 5944 3455 3767 3580 3018 4776 2691 5976 8949 3027 9608 2969 1496 6497 8297 4018 2713 2470 5764 7867 2195 4248 8630 6807 3748 1200 3979 5880 8936 2237 8012 7293 4677 8240 2484 4485 9033 9065 8348 8283 4013 1067 8046 6899 2453 6751 3286 635 1433 7173 4504 5119 2264 3867 7663 9675 1738 2914 2876 4410 6845 7426 2202 4020 100 9164 2557 8754 9831 6291 431 3327 4460 7048 6915 6451 1529 2966 3588 4154 9586 1722 4320 8730 3894 1687 1658 9115 3629 5620 3455 8627 2360 6765 6267 4916 3226
576 2783 9607 2561 7444 3606 9794 2205 3095 8798 3485 8147 263 8156 9376 3009 3273 3345 6289 6105 162 3487 1302 5999 9022 8254 4115 7408 4176 7606 8473 5593 8131 2832 8292 118 6401 4156 6036 7853 3972 8721 6065 7690 6640 267 914 1803 4115 8148 2437 2010 3474 8732 8236 6492 2767 699 3466 6176 8064 178 263 1256 5291 7868 2038 9646 8293 6876 8966 8522 7600 3360 7984 9228 4358 9589 7216 2564 4238 3972 9945 283 8472 6047 3995 7031 7287 6820 9825 4136 1898 1863 6978 5988 2836 5645 7820 6910
1383 2066 3189 6242 2652 5729 2120 2096 5139 132 24 7192 3012 7811 2225 1570 8944 1177 3815 9622 3511 9469 9655 6424 7884 8288 3466 1449 9502 5175 4704 7181 1368 7642 478 5720 9464 1795 6050 2484 2357 3013 5301 691 4956 6665 846 2453 1176 7633 7459 5405 9031 7196 6079 5311 3782 2144 4351 7476 256 5241 9356 7975 6146 3482 5939 6128 5804 2260 2686 1236 6721 8897 7900 6301 6897 7668 4301 688 1779 8292 1560 6844 468 6754 5462 5773 2905 1778 8739 6188 174 311 1929 7500 2440 8699 2344 8559
149 2803 715 578 4740 5055 5007 4011 6879 112 2235 2645 3233 3237 6548 1325 7901 1065 7564 783 7562 8664 6614 9243 1987 7108 9758 1905 6309 8162 4958 4573 9890 5918 1685 4535 6534 515 9666 4052 9941 5319 1635 3356 5273 8984 6948 1433 1896 6227 9246 4751 6243 6842 397 5897 6622 9058 5760 4924 7072 9761 4551 8734 8958 2820 7036 8472 2791 8685 6902 3973 7030 3852 865 9448 213 8438 855 9063 9452 2232 1099 107 5651 1731 1677 6893 137 127 9074 1843 2227 8592 1930 698 3478 6937 4151 1150
3560 1934 3050 9420 3934 4543 7580 9817 7474 5015 1702 3400 5846 9969 1631 7906 851 3678 2588 5407 2518 5915 9329 5689 8050 4130 6260 7169 2793 82 7695 5824 3993 2686 3607 7916 2342 2224 2393 9644 2024 3377 8133 5225 7238 9144 882 3809 1680 2956 7604 7483 2536 581 380 3126 6163 5525 9654 9292 4060 2527 7428 6049 8743 2204 3820 8467 4649 924 6566 1383 6941 4185 4516 5155 3550 9500 5221 9744 3227 5628 4064 2588 5913 340 1356 2900 4762 6398 180 2035 7537 3060 9028 5623 9790 8621 6580 2379
794 5747 7154 3363 787 3808 5217 3853 373 7801 6118 3165 7786 428 525 444 4223 2987 394 4897 6778 6047 6561 5902 8364 3219 2502 9729 5309 6046 3121 6525 3753 8053 5567 8322 8801 7150 8459 1147 7998 4474 925 6304 4993 3717 5626 5512 6506 4595 543 3189 5093 9467 6862 8269 6720 6926 5087 1972 7919 6662 3807 701 7342 3342 2797 4739 4534 5293 2461 3823 9653 1594 9242 2708 2870 3132 3861 8889 1010 9418 7781 7052 6846 895 9265 9870 9825 7476 6379 1710 8715 8972 1010 8874 8658 5216 9943 3419
5548 6942 1188 362 8305 8101 309 6708 6267 6853 6993 9514 7026 8973 1237 6113 2517 2919 3835 2010 3556 6991 4711 9685 5258 7643 5217 4924 370 2730 4866 6970 3295 7647 5416 7234 517 3355 9723 3882 1974 5770 7435 5112 1503 5943 7054 98 3779 7166 1034 6475 8636 794 3438 6169 1949 8742 1466 6003 134 7887 4543 2623 5985 5412 308 5953 7692 8474 6968 609 3474 8736 3017 106 825 6139 8867 6140 2316 642 7965 400 5446 6654 5728 9838 4399 8792 2820 3488 1271 2709 428 3164 3038 617 8 3636
39 926 6223 6266 1552 9037 9131 1247 1601 2793 1493 5232 1268 6209 6125 1281 7334 1112 3875 8053 9017 1499 5193 3044 4987 1516 6244 6802 5391 5395 3251 7995 5867 4553 2056 5327 1769 7931 1868 2925 1361 461 6332 1190 1074 3099 299 4086 480 9633 6261 4016 7751 7894 1318 446 5291 4689 6838 2848 161 7987 9540 5071 4283 3631 3505 3752 1911 5119 2043 8198 2631 9518 8448 2697 2780 1321 809 6278 2104 6996 9878 3516 7555 7457 552 2339 4473 205 60 767 5250 3064 5859 4110 8212 4661 2129 3860
3218 2770 5683 9643 8704 2521 2949 1874 9849 9938 5131 6223 5682 5218 3070 4934 5261 6526 1056 4144 5810 636 4472 4360 3525 4965 1632 8325 9502 7338 5831 3774 2484 2218 3362 2578 7429 1957 8439 7193 2704 1347 4705 3839 8126 7229 47 8838 3851 708 1335 6254 4594 32 9811 9277 127 2791 2610 6585 3365 1007 9261 4978 378 2089 9724 6000 9720 6854 463 8502 5775 4639 1447 2100 1951 2332 5751 4908 6291 753 5221 3827 6631 3111 5439 9599 8220 4285 4217 5787 1679 9043 4108 5087 9559 5905 4814 6391
5355 8235 8052 6858 4996 3753 5324 7934 8151 38 9002 2057 6282 4258 4488 4922 3021 8358 7291 7509 426 2085 4850 4976 8918 8814 6666 8677 9928 9137 9740 1976 8904 7799 1567 8676 6294 8939 5547 9891 6105 8074 4171 2441 658 3309 7849 13 4922 7538 152 4473 1574 6672 2134 6421 7764 7509 6576 1615 7190 7928 1970 4603 968 7011 8660 5961 6075 1886 5241 8100 7587 4063 3010 1218 1861 8902 2079 286 8779 2104 7645 4998 5357 2931 5069 6648 3055 9249 1532 697 4402 7888 8159 6136 2715 3237 8685 5776
9969 7553 8231 2035 9882 7420 8279 9598 6605 4992 5769 1030 2828 2560 8316 7701 5931 7650 6530 7443 5298 9130 80 3825 2660 3225 2312 9087 259 1564 1552 725 7198 2678 9760 7598 6237 7380 3599 1833 2746 1848 8012 7568 5556 2045 2357 1220 8396 3730 2709 5627 5805 7559 5608 9733 5198 9121 1975 9446 4394 2970 6770 6532 6243 5115 7555 7267 3839 6738 3383 138 3726 4577 9175 937 7947 4691 5395 1087 5764 9344 5246 2686 4420 3303 2364 4079 9532 5559 1753 749 1958 9165 9230 7451 8807 1358 6947 8054
9995 6880 9337 1761 3009 5131 7525 9606 9429 3697 8266 7567 5825 67 6223 6909 9208 4414 9542 6357 2758 457 155 6964 2285 6692 6642 8941 1589 2452 2796 2483 4807 8011 4965 6985 2914 4322 2494 7244 930 8566 6444 2382 4324 1954 440 2879 1217 3449 6567 7074 7628 3805 8626 3482 7970 2363 8710 3944 8515 6368 9658 3248 3758 9124 3277 2256 2337 292 4007 7876 2409 8082 5390 6914 8221 2564 9585 4622 6454 9136 6817 3332 4188 7695 7809 33 583 2320 7124 8811 638 6270 3768 73 4284 6405 7725 5233
9585 3420 3057 7296 7237 1590 8603 2943 2144 2441 6030 406 2432 6210 6531 2045 3364 9762 8496 9981 2377 4694 4865 8543 9501 1929 6327 1651 7957 4689 7477 2093 1863 2708 9097 5065 5145 7155 9107 7061 8420 1161 6618 4378 3965 8917 475 665 6580 2391 2356 3900 1914 4117 1695 8855 3880 5130 3551 9872 5232 4831 9159 6651 8617 5651 3080 2522 3896 3051 1328 6035 1317 7340 9422 3651 8612 6218 169 9603 3048 376 5048 4253 6269 5461 4634 1134 4581 5921 8052 2819 8887 2888 404 987 7283 8886 9286 7730
2123 2275 4500 4138 1787 6411 3389 7791 1822 5311 3276 6792 9561 2661 8297 7514 5185 8877 3387 7087 9583 4519 4218 5638 2773 4788 736 3174 4545 9360 6018 4449 5269 1902 4716 9383 3312 4817 8271 290 3095 1032 5903 5641 5539 9226 4832 6523 8632 8549 9752 8957 7100 8010 9572 2425 1355 1648 6403 9248 122 8389 4772 5449 8743 577 4609 3434 2984 8967 6761 4322 2370 4988 9297 7826 2725 8425 3894 8104 5412 5549 5148 7128 13 6986 3136 7162 9159 8505 2061 5974 7281 58 4927 7281 8194 1813 4762 1825
2115 7615 3169 432 8044 3678 5024 1667 7233 7262 6068 6404 1494 2678 2439 2834 2538 434 5617 2743 8459 2110 6342 6926 4501 1208 7682 5837 3336 1017 7370 8018 9559 1380 7115 8720 6878 4140 4639 7313 3397 4618 7768 6399 8197 8366 9988 7437 1256 3013 8933 1250 9946 2071 9577 895 741 2368 4518 8293 1053 3666 324 8087 8713 3288 3044 8251 6637 2861 3601 9173 3686 6306 3790 6645 2770 8315 9371 923 5700 1852 1844 2548 1303 6965 2376 8218 2553 1255 5259 2 7595 1131 366 4387 1747 4614 9652 516
888 4576 2731 7262 8575 3859 1419 9246 3659 1268 2985 1817 2288 7112 9466 392 6861 3173 5480 4983 870 2748 9775 9232 8754 3473 6635 7137 964 7013 5724 6658 7634 8931 9958 6447 2457 7476 3990 5280 1036 6150 1200 1825 1362 635 8093 7663 3526 8533 8879 5680 560 4991 2150 8251 2681 718 6253 6586 7850 2967 3417 7237 7761 6847 3299 9273 1528 3972 2744 5240 4625 6484 8645 3735 9809 3565 5123 6636 7876 2265 3499 5488 7157 1919 2134 3859 4423 4644 489 1369 2607 8198 6915 9967 8773 212 6619 7837
8759 8589 4249 1587 1969 2532 4546 4236 592 9757 4676 6012 6933 2192 7211 7120 6530 3869 8080 1496 2795 2351 8550 3478 1643 6573 5666 5941 1636 9175 6867 7680 3431 7856 9032 9490 7681 290 6864 7847 3828 9899 5649 7656 9739 8472 1020 9283 8015 7287 2231 8742 6746 7045 4793 2759 4007 9567 6497 9505 2483 3274 1296 3552 2321 3210 7021 7490 8891 7353 3705 5498 5265 4183 9004 9911 3236 2331 2362 2679 6050 5854 86 3034 7391 4166 9726 8933 583 8505 4282 4515 2036 6476 5889 2595 3977 3470 4869 755
2306 6066 5998 1705 3384 2692 4663 1780 1711 3023 4436 384 4180 9089 2031 3606 2871 2967 6331 7666 8663 2049 8440 2436 984 6552 6316 5727 883 9212 3122 5369 2986 8900 5861 5637 9080 9621 7353 1610 8666 6150 6629 4381 5767 531 4061 9630 7331 7165 2969 2634 5752 802 7513 7072 3372 4913 8648 7935 8880 9158 1225 9264 1739 8133 9395 2416 4620 2424 4637 2236 4834 5594 8963 9258 3590 3597 4066 1872 9506 5628 7425 2303 2322 8506 3405 2481 4854 1655 3687 1427 6692 3393 9944 7887 8152 2794 5491 2540
5238 5204 8116 4816 5451 9566 3213 3993 504 8845 2509 9652 1787 11 9962 3353 901 6281 8609 1615 7343 8754 1694 1402 4526 8822 6734 5060 7357 4398 100 8724 1790 6779 6210 5285 9608 4698 8202 4815 3849 4717 7209 7100 8611 5239 9173 9132 3214 5726 7047 1215 5071 4128 924 5603 4148 9228 1577 6886 3492 2232 3305 8744 2303 9638 8291 3811 3569 8351 9348 479 7248 6762 9773 9935 2958 3205 6392 2403 7970 8824 8399 9696 1440 9312 3434 4246 9116 575 5404 4201 667 1748 339 9528 1138 9686 1145 5757
6245 8156 8853 4329 6071 3026 4198 5885 8191 3663 1639 8188 8079 1889 4239 3431 6462 9511 798 9961 8013 1314 7083 2468 9211 2203 7040 2967 2383 2237 2266 4164 4842 4008 9353 6380 1472 8804 4051 8471 394 7845 5616 893 4421 2292 8466 7764 6212 4366 1889 3999 5826 840 7067 2922 1557 8642 4950 6475 3158 8597 2661 7538 105 1740 8034 1221 2470 2381 8688 8055 3550 7979 8247 7841 2703 5028 102 444 8834 7273 3261 5932 7353 3067 7422 5863 7934 7690 726 2981 8305 7973 2689 7435 5179 6731 1780 8983
2763 8040 4082 2289 4422 2387 1870 6526 160 7704 7301 2334 3859 7684 3120 8152 2158 6571 9780 6589 730 9798 9274 5167 5829 5246 7070 2936 6847 9785 491 2228 4423 463 1802 5570 8090 6270 621 2267 2723 7083 5275 2446 92 6594 7138 4265 5322 5778 5416 6206 6672 2415 6733 3558 7782 4504 3696 282 7492 4301 8127 1574 9273 3514 5512 6435 5393 3725 206 5814 652 6762 1862 7244 2387 6041 5565 9705 3933 1685 9459 6235 5062 7205 8896 6914 3005 8352 6918 8946 5018 9536 4872 7082 5006 7413 5312 6596
1273 3759 8838 2332 5589 6194 4123 52 6480 8504 7199 7262 8548 4548 4942 8989 9640 1041 1287 6012 480 8903 1533 9359 4778 7316 2140 7810 2611 5815 2998 490 7898 3902 6538 1881 4553 2640 9384 1148 5552 3410 1886 3945 4727 6384 6797 6138 1992 7061 493 8746 9461 6530 9096 4527 615 8800 5527 6347 2042 3200 756 1788 2220 8336 4942 8471 5386 619 6730 2650 5736 5698 6520 2803 4125 4213 7168 3928 4004 8574 3740 2065 9940 1927 654 6509 492 9446 6288 6461 3697 3504 7710 2644 2442 2125 3922 2271
2623 2 7641 5948 2719 9133 4305 8885 8363 3490 9027 6969 8070 4112 6914 6743 7173 7759 6052 6688 1576 5839 4122 3645 199 9820 6011 4402 5643 9324 8108 5920 6447 3721 9653 6309 187 473 8002 8635 1736 1494 7486 3285 3229 6611 4391 3959 1614 9838 3063 9994 7701 5908 1936 7412 8709 9039 4703 9553 1454 5320 2557 155 6092 6573 4299 4986 8733 9901 8768 7367 2413 3816 5934 1082 4507 6146 2808 1265 8784 9695 3283 867 1142 7385 2544 9813 2138 8040 3709 9986 3198 7194 7098 7370 6363 3276 2741 1547
3678 9021 9366 8790 8105 5700 7889 9108 6979 6423 9949 7599 1858 9172 6927 800 1105 2549 9496 1748 2588 2435 6857 8500 9556 3032 9275 1100 4808 5556 1860 2327 9319 8219 2200 9653 8049 1969 6199 3697 674 5571 209 9884 940 770 6059 7448 7824 1945 3549 5107 1990 4832 297 4915 5178 5200 7264 8836 511 6250 3716 9843 3505 9325 381 7337 119 3894 6579 5470 2955 6493 7215 3445 7961 4628 8260 6781 7752 1507 3906 840 5135 1575 847 5117 6709 6060 3989 1317 9766 2439 8706 1003 5238 2178 4304 7459
4395 3692 4316 4969 495 9753 6842 2055 7107 379 8764 7713 351 8625 1552 4792 308 4621 4799 3148 123 5096 527 7232 678 9721 966 3493 5703 7576 7075 7567 1705 8869 6648 6551 2347 219 9013 8215 8201 1948 1988 3655 8646 9578 9676 1020 6543 6554 4524 3467 2785 2230 1872 2284 7487 4299 1509 1975 8352 9242 3990 741 6115 5423 8794 2225 945 1441 1141 3131 6212 6229 644 3 3039 8906 6868 8294 299 3357 9697 9864 4281 7407 1466 9835 1144 676 8752 2189 6635 6133 8501 642 5342 4778 5030 947
9260 8405 6062 4906 9127 2411 4143 4657 8516 3245 5093 4912 922 3175 1720 9604 1757 8391 8024 2579 4731 6400 241 6226 4049 2173 3664 8793 1051 93 1562 1422 8195 333 2316 4851 7428 4488 8217 3907 9523 4917 6640 7213 1421 9971 1992 3248 6339 8422 1768 2503 4660 2275 4672 4395 8818 3269 3407 9415 5635 5358 7783 6349 3994 1168 7822 5821 1057 1608 525 8092 2332 7378 7595 5605 3516 5889 7431 2678 8729 855 6376 5825 8528 2408 7330 8614 4231 2893 7131 3981 5441 8635 9943 3421 5512 2791 341 1692
838 524 9712 3006 6656 1922 1486 523 5001 2551 1554 1555 70 5335 1959 2614 1544 2959 8341 9657 391 352 3179 7418 4263 7697 9941 2651 3258 1015 6499 4406 1184 2476 7884 5025 1445 8009 1021 6060 2268 3545 2753 4652 7649 1122 664 977 220 656 5451 99 8446 8835 4962 8448 4755 6804 7377 9768 5235 2967 5354 5452 7679 1318 143 2051 5109 3254 3750 7793 780 1604 2220 9585 4107 9566 2006 2356 5857 1288 5807 9273 3987 456 6575 3969 7710 6059 9721 7660 2159 4463 4505 3029 5341 2992 694 5699
73 8861 8334 3896 5708 7234 9776 5668 5254 2361 9152 4777 1593 5188 7156 8097 3154 253 3293 4353 4189 9075 151 8178 2340 9033 8053 1528 1885 5286 4518 1590 2315 6499 8767 2414 2325 7509 6270 6210 1843 7941 411 6162 6395 8028 4666 6420 7506 4163 4626 4693 5857 5765 3919 3507 1004 8237 9510 2048 5982 3613 9764 6247 9812 209 603 245 8259 6396 254 5923 5455 2220 6362 7802 4387 6526 8537 7987 1466 9245 7681 3446 4970 3174 2294 2216 9813 7822 2671 9117 680 5253 4216 1936 3301 3999 890 6748
5559 8571 4958 9170 7762 9272 5255 1462 6564 8954 6100 6686 5223 4468 4718 5337 3340 9817 185 6268 4327 5529 5400 3307 3393 449 6562 2252 1208 2384 3368 5454 2184 1756 397 2457 9069 6204 644 3256 4224 8869 624 7244 7407 4320 266 593 7395 7767 9218 7879 675 1284 249 8389 1265 1677 2477 8532 5386 3857 400 7041 5137 9902 9902 7297 2550 5891 4071 2518 650 8789 7768 2642 6622 7064 2354 3261 1149 2343 5988 1628 45 6959 5949 4178 5260 9943 7225 9599 6946 9798 7208 6683 2171 3703 3206 3333
5197 3197 3398 4678 1352 2014 5338 9426 9890 3362 9747 4019 5639 4954 3151 66 7223 2518 4484 5460 8259 3863 2698 6146 2322 7425 1207 9607 1131 75 5475 5022 8205 8997 4290 4016 5686 8187 2633 9546 9287 781 5067 8162 3415 9012 6545 56 7641 6746 7987 6213 3260 8143 1863 2997 6932 4090 2395 5882 9428 9040 4512 644 6403 8596 6218 1018 3797 5241 4603 9018 1158 7130 9645 4863 5285 145 8210 65 3401 8451 9764 8001 2350 8611 2992 520 3053 9478 6790 4911 6001 9310 6723 9669 5863 7119 9043 7530
750 74 4171 6964 4755 3116 124 3789 3025 5668 4318 1503 740 9781 5387 4281 4509 3758 6595 6114 3516 94 3730 2102 3266 8587 9964 1332 6529 935 4830 5924 7275 7940 802 8047 1556 1178 5036 3410 8129 6757 3872 832 9945 1405 1788 2641 3091 1653 4171 8623 5990 4904 142 9872 6513 1295 7294 639 9828 6324 7705 9632 9194 9427 4014 6638 1880 9960 7958 3749 7503 871 9393 6588 9734 1378 3638 1408 7334 7158 1448 4362 3364 3899 9912 8430 7113 1434 1249 5506 6753 6635 7687 9223 7724 703 9523 1239
292 690 8260 2830 172 4081 119 7761 6924 7032 7732 7597 9385 7038 240 1727 1050 7553 9634 2099 2703 9903 9245 1827 6079 7904 9013 1245 4659 671 6574 3669 4372 3309 5904 5624 6686 1903 521 885 3760 5278 4673 5717 5044 6129 7780 6702 3085 6631 2893 7250 3596 3132 8628 5834 2390 800 1027 6830 3097 2799 8301 4776 5257 5971 6318 4835 8774 8185 7621 4118 4199 3453 1615 7704 8011 436 9368 4606 8956 290 5878 7841 9613 1958 9850 5578 7290 7999 1518 7480 9038 8342 6521 6893 8485 15 6260 1383
561 3351 3345 8116 2752 5217 6114 5346 8341 4034 4061 2295 9495 1351 3861 2771 613 8259 6224 9369 93 2643 5811 4337 9041 3306 157 8239 1400 3283 1218 5124 1245 7748 6359 1493 277 4194 333 3699 9055 7010 2673 6049 3808 1951 8154 4443 4966 9529 2813 1633 4133 2706 3199 2894 1476 8385 1115 5867 6601 4637 9648 6744 4506 639 1558 2392 4055 2430 4862 3699 782 9275 3485 4608 4677 4247 8346 9858 8841 2041 8234 3164 5648 4201 3127 7631 5649 5185 5831 9785 6180 2022 133 6500 5523 606 3853 114
6876 2323 146 7905 4186 7538 5643 2714 8834 2412 1117 7714 1373 1240 4488 5154 8753 2139 9704 8050 9506 4984 5132 423 6096 2323 6557 748 1337 6075 1158 7446 3959 4427 7485 6826 574 8423 2660 7507 6022 3874 8600 8103 3785 4633 9039 7833 9036 3656 3352 3477 1459 8576 3945 8016 6258 5274 8937 4126 7147 9318 8709 4779 289 7335 9714 1644 5325 3009 5783 3216 9110 3298 2461 3372 1167 1282 8238 6340 4181 6371 4496 6880 2094 4434 6656 6553 6665 6858 4308 569 8323 5843 1826 4521 6522 6552 1293 4547
4361 753 4660 6972 3298 3998 5965 7906 7144 2281 5603 8998 2231 2909 4009 4498 3016 6399 5653 3757 8911 9271 2759 6342 3702 8020 2258 4595 7108 4620 5858 443 2099 929 979 5671 928 3564 5710 6215 553 7159 9604 6852 1298 7347 416 452 2185 5319 5466 3757 392 2846 660 6989 4918 7748 4874 9517 9184 5532 9939 3575 3918 7159 1738 4291 7837 955 408 9841 9773 9290 8274 5561 6655 3320 2395 2069 7647 2095 8985 7799 9715 3753 3722 5474 8405 279 664 674 6348 4535 1987 8448 6229 8054 8446 1940
9254 476 1641 6386 401 6011 1783 7710 9694 4066 4594 2208 5226 2905 2264 3934 5945 3923 673 7211 8124 2671 1749 4927 4978 5464 7137 1738 5995 2170 1397 5965 4149 9038 881 6172 9557 9072 4127 5946 9897 6285 4985 9634 5179 8133 4296 4176 3806 9958 9175 7223 603 3612 9273 1876 3722 1026 9150 1971 3976 8030 7895 6683 8423 9984 5836 7771 4225 595 5092 7846 2073 5175 2267 3934 5276 3215 3659 6199 5379 6982 9184 2390 7458 7938 6891 6167 1898 6140 3326 7440 5602 8720 8100 7494 2280 3527 1824 8728
9435 8797 604 1338 3299 1920 3711 3295 1197 297 8623 3968 8293 422 5766 9616 2118 7853 8842 1778 2623 3125 8205 3289 1819 1573 6393 342 1961 1334 8376 8251 2374 8174 9951 9663 614 4788 702 1272 2303 182 957 8685 7561 8198 2898 2308 2855 8385 9313 7696 8746 9047 2892 9866 1439 2757 9671 4406 2058 6466 5346 626 5734 7623 6111 2144 6058 8714 339 2154 6284 5862 6830 7099 6463 7398 8394 6401 3559 9118 7604 4908 843 4598 9643 5110 2223 7471 6839 6518 6983 7041 4089 6272 8528 6275 7523 1685
7202 6669 52 6378 3151 7897 7445 2050 1375 742 1967 1832 3150 6216 1024 4399 6722 8078 5899 8129 4152 4130 9833 1326 5035 699 5429 3364 1365 4534 4203 295 5418 4511 5406 1124 1335 580 2952 944 542 3710 1079 1632 307 4178 5472 7188 3674 4642 8706 2468 3197 8888 9973 2702 1691 2954 9566 6054 5989 5873 1297 7759 9959 3934 9492 5843 9272 3443 5676 1747 8974 9460 9205 8403 1285 4200 6403 4067 3586 8204 9911 6744 1833 6359 4677 795 294 4199 2998 8435 6125 2551 8429 4814 8024 8556 856 2961
9401 7070 4496 2962 8063 8884 3027 8923 9615 3526 4095 8029 4187 4803 7698 8076 6233 8826 2039 6524 9287 4974 7411 8152 3196 6992 8866 9079 4492 8121 9572 1443 3138 433 6492 7228 1327 9350 7818 2504 5431 8382 5641 4428 1042 4818 5410 7995 8233 288 799 652 2460 4928 4172 6993 5623 6109 7321 1919 9887 3026 2014 8020 9671 4467 7722 933 5781 3811 6558 9706 7176 6699 8869 3540 2323 9384 1213 4197 7265 3942 5512 6382 9844 9987 5883 2013 9497 1527 6004 7186 6148 1712 8791 960 3718 4670 9162 9427
769 109 7618 1150 7262 8256 8911 1631 7635 2514 7379 6302 3666 5753 5810 1863 8368 1659 3064 7111 3204 7367 2382 8025 6621 9637 9963 1349 8378 693 3945 5244 6175 4556 8557 456 8256 1594 6942 3494 4823 1729 1700 3496 3522 4043 975 7542 8263 5994 7222 1293 2139 4721 7699 8843 3525 7983 273 135 7181 3189 7369 19 4851 8323 8411 2020 8132 4177 8705 4616 8332 2502 1751 7858 8213 2093 8949 4954 143 5417 8565 8816 9480 2689 662 1148 9464 7547 6113 8471 7703 4458 9778 5998 7314 4134 6356 7167
6209 9902 7277 6850 3522 3647 1102 3054 1913 7400 1630 7733 1036 9965 9599 1855 94 5047 5194 5537 8320 8545 822 9766 2408 134 6473 5230 3523 2723 7574 4976 5947 9917 7332 2919 1640 3566 1707 2983 2073 3216 5968 3068 134 6702 507 4816 1628 3347 164 1110 1343 2573 544 837 356 6593 3255 94 3314 9172 9996 7855 68 2301 4100 6549 6895 8744 2524 648 6974 6344 3943 7401 7155 1519 757 7634 4411 2191 4029 3246 371 9177 375 5364 4016 7202 5197 7983 4204 1737 9724 8461 667 7211 5864 7479
6643 3938 6677 248 5585 8020 4872 1089 3510 1272 4698 2609 6630 9722 8849 5482 9809 8413 9142 1268 1997 7202 6056 913 3240 90 3284 3481 4764 9802 7178 1756 7506 4020 8919 3265 7575 9552 3573 2911 159 7600 4223 81 3860 7449 7931 1748 6897 8249 7116 2899 4055 3410 1530 938 2285 5498 6957 3723 865 2228 8459 6728 6086 2579 8098 7309 6037 6945 2940 6973 8247 8279 568 136 7200 9641 6864 5004 8087 5905 8429 7767 2892 2912 942 6035 9269 2069 8360 682 1534 3793 2633 179 8297 2859 8116 4163
5695 5506 4281 1218 804 8762 396 7173 7005 812 6370 5860 1680 280 1589 8621 2701 781 8911 3974 9021 1692 9743 2842 2873 3763 9125 3912 9531 709 7275 2119 4104 6377 6803 6612 424 603 8574 8225 5358 8336 283 1046 2157 4990 7674 9632 5044 2885 6230 3968 2973 3594 1172 3645 1598 7163 4315 6413 5466 3885 532 8582 2468 2258 6634 4385 610 1080 7280 5204 9041 1046 8507 680 8499 10 2399 1573 7399 3544 2113 3664 5476 9815 985 7344 1237 8438 5216 2211 6293 4078 8489 1749 3443 8565 6919 9961
9143 1643 4062 9979 642 4683 3331 8649 2595 7337 147 7368 273 8567 359 737 104 8305 2629 6242 1142 7684 3597 9213 2161 2225 514 5834 2717 8779 1232 5498 8267 2608 7719 6918 420 9209 2091 2975 3309 7474 1459 2756 5977 5563 3448 8343 6159 2693 5949 5560 1287 4801 7952 5764 6073 3176 8429 4451 5383 3653 7419 4779 3934 3203 8981 5078 3191 4009 6062 8223 4757 2074 9868 6931 4910 80 8560 5630 2894 448 231 6472 4865 4267 1523 8784 7839 8652 2453 8190 4688 1117 7597 5912 2989 579 4340 4937
4901 4324 7124 5601 139 6768 2496 541 1863 6397 8288 7614 2601 6609 9348 8067 5269 6334 771 3116 143 1201 4279 6178 2665 7662 6516 8858 7513 7936 9250 8576 9509 4179 6395 6051 3826 7378 5679 4407 2062 4139 7791 9741 8107 26 402 3006 945 2510 7995 1957 7411 6105 6879 2671 2603 4387 8659 1700 6020 1300 3443 6683 6110 9102 1674 1640 8395 9513 5137 5060 1206 2750 5527 5120 7891 9131 3201 296 4762 2852 1481 6672 7544 9449 7313 5522 8356 7619 638 1648 3790 3535 8292 6500 7891 5489 7010 2260
7312 9267 6750 2744 1878 2624 8769 9956 2463 9966 5958 2165 1329 3953 6287 9838 8810 5143 8346 2282 9111 6090 8278 7739 4228 9375 3988 6157 7940 5642 1781 6255 4454 6555 3239 4676 2181 438 7995 5922 1488 6119 6494 3452 3904 2859 3257 5779 8914 9092 6550 6495 3675 149 8541 5155 9720 8744 5728 7114 1589 6159 4416 6007 9242 7447 1322 8000 5466 9044 897 1551 1061 3208 7400 2579 8305 7141 184 9505 7744 701 9099 6306 933 8622 7764 5201 2604 4167 1937 3354 3645 5176 3658 5364 6975 8762 2873 8739
2621 5803 6972 4674 2290 5611 8210 7824 1378 3104 1133 162 1930 7085 3495 1935 5616 7392 9059 4256 640 7664 7295 578 7297 5069 4317 5120 4286 7912 1890 3297 4472 5076 6306 3555 1431 4374 3564 1672 940 257 7257 1562 3441 6368 4283 2298 8404 2416 1786 9445 5058 2720 3219 305 9276 2462 1135 4128 6057 4058 7547 3313 2470 6342 983 4242 2122 1581 7837 4637 9675 7081 5756 2961 9234 9210 4120 3170 2850 7765 7320 9866 6485 2184 3270 7034 2942 5080 349 3403 8348 6892 9446 3638 2669 4372 4604 9891
3955 8764 785 7144 9033 1254 9070 6746 695 6460 9747 7991 6155 996 7895 595 6463 6147 8960 3133 8724 5640 5592 2033 6078 1014 9184 9394 1648 1165 6048 3780 8187 3289 4056 5331 3230 4968 499 688 6834 7603 4204 2780 4070 8199 297 2210 2010 7521 6633 2221 3533 4933 3937 4879 7251 1512 1984 11 871 801 9378 8005 8830 4209 3621 3952 8086 3258 891 1445 8745 7229 8357 3133 7771 1243 6191 6219 2858 8892 5447 5522 9351 1038 7084 4859 1505 7531 7132 1105 968 4214 8004 5938 961 3061 7578 2303
1166 9867 5254 1864 1384 7260 1715 7348 6139 5514 30 2356 2483 1691 6715 500 2244 4230 5964 5968 6232 1197 8718 8249 1669 3514 9494 7516 4831 9109 1419 7401 8273 8100 9872 5678 9388 3783 3854 1636 4665 9493 5818 7541 8148 8518 542 8615 3409 5407 1909 1822 4825 6574 483 5249 2157 3591 6181 9210 2461 4180 2424 7420 4152 8921 4669 740 7128 4553 4101 8072 1385 8444 4581 4120 2978 6956 6184 8082 9861 1815 2443 293 2411 3586 683 8953 6795 2336 3187 334 8039 6987 7739 2331 4881 9885 8792 1845
9283 2767 9332 6732 8632 1102 9678 5699 7855 460 515 6766 7222 2934 4696 8793 8351 7549 3872 214 7705 368 2019 5443 6989 3900 9814 7253 843 6736 8056 2707 474 4255 6180 7066 8156 4355 7399 1316 9176 9449 4302 7190 7813 1217 8007 4368 629 2650 3932 7152 857 9964 4367 1047 2790 6618 7195 2171 6907 8488 4598 608 1679 433 7571 4105 1539 9914 1554 5393 1927 8881 585 2692 9798 9505 7817 5231 5334 973 6938 8886 5121 4178 576 8656 4204 7927 7265 5461 8353 2759 4046 6671 7195 790 8122 5661
2949 2087 9288 4154 7458 1069 8823 209 5629 1196 4429 7335 549 1764 8839 805 726 8285 6153 9503 1167 6243 9408 9663 1553 2196 5837 9980 1198 1230 3334 7360 6396 4190 2937 7818 9100 8865 7656 8475 3774 6802 5929 7321 7821 2080 5141 5257 4366 8588 7924 1099 6403 9700 8787 6507 3769 4722 2837 8893 3099 2337 1146 2143 6958 7017 4526 8236 784 2712 4728 2562 2681 2205 2652 9718 4117 2664 3735 4983 4321 7630 3792 8764 2577 8951 9972 4903 6938 9395 3816 8344 2995 7628 1186 367 8602 6808 2801 4981
515 3009 3461 5234 4544 3750 6675 7286 549 9631 4367 7479 1926 2209 2936 75 2720 3883 6834 6445 2404 1067 6490 7079 5930 7784 5317 3150 3199 5606 5561 197 404 5057 9622 1516 2236 9402 1813 4705 5277 4873 7523 7441 5108 6843 260 9827 271 8612 1598 5072 1832 5439 5106 9269 7613 6185 9583 689 9241 9381 9614 7290 5714 9606 2771 8593 4298 2373 142 1395 1348 1421 8345 2257 664 1113 9334 1570 9160 1079 9031 9253 7246 245 2159 1519 3138 2829 9329 6658 5967 4708 1477 5011 1738 4205 6884 9806
6684 8981 6181 4448 8847 4578 3485 7026 1385 6548 6208 2772 5156 940 8406 2585 4566 2871 7262 6036 9613 461 905 7417 550 355 9827 1769 937 5807 2666 9074 8455 451 936 7823 2807 2049 8046 2135 5184 1372 8744 874 7081 8091 618 7838 9724 1257 2197 3828 5635 2025 1475 8971 7019 8562 5734 4332 6680 7783 2226 4097 2689 3306 4333 6132 4473 8681 805 3134 1998 8939 4638 6645 9717 1021 3936 7866 3279 8758 4296 2875 5531 873 7934 6720 1615 8938 7703 3741 6035 1369 1131 5112 8821 2702 9511 8297
3333 3905 4012 9340 7819 2606 7341 7611 3236 8418 1673 4870 7671 7701 3062 870 6461 6247 8512 3103 6311 6434 3715 1605 2745 9098 1585 7407 7674 375 6221 4427 154 391 9934 990 3136 3750 973 512 9604 9754 1401 6082 7050 7451 3024 3091 2551 8770 9437 4683 3810 8180 9495 67 8971 8567 8522 6340 2870 989 2635 127 2887 4300 8798 4263 8548 6925 6275 64 3075 711 8943 5711 2704 7972 1309 5774 1402 1271 414 1223 3063 4494 3396 5284 5351 530 5357 1674 2808 9259 6550 1489 8368 1126 7097 2193
6174 7614 5487 808 2054 3333 2778 5562 2712 4477 2635 8387 1541 6304 1229 6045 374 7959 8184 6979 1535 3144 5342 3591 5402 9405 4932 1805 9559 8360 2170 7243 6570 360 2412 3764 482 3169 5176 9560 9322 3038 4828 8818 3249 1510 9617 3768 8119 2988 426 2686 5258 4169 2210 4317 1395 6629 6220 4735 9474 8027 4949 1539 3560 2484 4375 9038 3145 3506 1332 4579 6946 4716 5123 2749 6214 1882 1806 4353 4943 745 837 5465 6748 7036 233 7187 9883 1115 1492 6863 7059 492 815 8576 988 7927 4686 7461
3964 4623 2379 4297 5049 4812 8113 1380 2951 6073 3818 830 2433 5482 9370 6161 9040 6591 8293 4488 3302 7318 7654 5911 3276 9547 5048 1178 6096 3085 6146 612 7181 9661 590 4014 2852 7264 6539 2473 7613 4081 7866 7558 7721 6868 4918 9375 1751 2624 2220 3559 2889 2103 3077 6643 4255 2968 5751 355 227 2667 5376 5918 8592 4937 1456 6629 9628 4267 2934 9583 4171 4101 9754 5571 6627 3744 7843 4284 4668 1527 1268 5445 2513 9355 1238 6323 2886 1887 577 2989 8278 5061 6082 72 2569 1080 7792 5069
9868 1946 432 5620 4467 1230 4688 2036 1757 6175 2372 3358 7495 354 1480 3979 9343 9346 5662 8370 5715 6130 2925 6653 8383 2399 2488 1361 6178 4185 4058 1613 3977 7884 1578 3091 4223 4516 1651 4465 8154 629 9584 1914 1895 6617 9535 6494 9457 9989 384 6764 6800 5486 1070 1638 1551 7758 5687 2988 7403 184 4914 9449 5750 3351 8734 6500 24 1280 711 2064 5301 4837 9721 8941 8698 3180 2392 195 8423 4981 4174 4706 5252 2238 9770 4721 6393 9355 7781 4483 6026 3606 1409 2759 6028 2948 5075 6763
9790 98 6105 1488 6470 6768 1303 9909 2199 718 7439 9198 2203 969 4480 928 7435 9836 7633 6173 9700 8418 5080 6657 4920 7899 8475 1340 7210 9006 3743 6548 5080 3157 2957 105 9001 4779 6503 370 2780 6624 1567 3200 3450 1744 9000 8991 8886 1251 1277 6390 546 6443 4921 8969 6580 2697 7884 9956 6931 3748 7026 9374 2397 2097 1508 6018 9904 5262 8288 1592 1732 650 2121 6014 3542 7980 6306 933 8279 4509 8711 969 1894 7957 9213 1851 9926 8570 1925 8951 9367 2495 8937 1868 2663 4961 2117 7396
4430 371 3171 8989 510 2750 9259 9605 7791 9753 1086 291 5854 9947 8928 9033 6106 1676 6802 7191 4187 2024 3651 921 9363 71 1793 1548 9827 6896 4638 3854 2907 8202 6708 1133 9238 8534 9722 4451 1247 3296 4413 568 4221 5325 7623 2369 1030 6966 3059 3978 9234 3796 8267 6115 6992 5048 6462 2987 248 5923 7076 1218 9327 8009 2514 6536 4388 6571 7780 5833 9990 6008 5334 14 9147 5706 4192 4944 6585 2234 2251 2987 1856 7425 2677 5998 8660 5567 2079 8753 8423 6687 5458 3876 5448 7359 1301 5314
2564 8778 7225 511 7282 6512 8983 1874 9045 7222 9297 6713 960 5440 1429 9871 6267 5265 2186 41 4289 3584 926 5289 1588 6764 9830 5351 3693 5945 9207 7313 3250 3025 6918 5019 7448 9145 4881 7481 6123 439 5703 7806 180 2676 4969 4401 7568 6438 2609 8696 717 6131 3784 6551 3172 322 6097 8286 3726 2326 5034 7108 3530 1956 2484 8607 3625 1382 7761 6519 5725 2196 3947 241 4913 6519 1070 9029 8886 2541 8286 8166 7082 6396 789 7172 777 3808 5846 6249 856 2625 6054 8508 9091 5007 397 5591
9009 4403 104 9218 2632 7441 6994 8258 5262 1804 936 4862 8462 945 5936 7822 602 4592 3156 3719 8007 6528 7992 7636 1613 7234 8490 7764 6717 2938 7858 1637 76 3602 4531 6244 2599 1704 1922 3309 9448 3553 3293 4399 5876 6342 9305 6962 1467 7800 52 3079 4563 8561 6927 2789 7221 5812 2932 2289 7605 8677 7137 6158 9240 4738 9911 1503 1165 7749 6190 1319 5955 4874 5753 4552 7549 273 51 8605 3201 1619 235 7034 2163 6055 6084 1970 4401 3639 6362 4389 8913 9648 3469 7098 2143 5044 7864 9727
3467 2717 4230 8287 2260 2393 6224 2757 5768 2232 9432 2134 5684 1007 2019 6181 3695 8005 6286 8778 4795 9129 7643 1540 9510 2130 3146 4867 3189 8794 8632 1736 2228 7222 74 6069 5325 305 1340 1690 7924 1209 6287 127 8607 4884 1005 9906 6025 1924 5050 4066 6085 579 4145 6185 7695 492 9312 9338 2302 2086 4105 3949 6445 4851 4852 4967 8901 2762 5583 4064 3071 897 6847 7848 372 597 2574 4864 56 3000 5274 9203 4949 8957 2242 7695 8841 9431 7083 8444 6801 7789 9212 2174 7772 4096 8740 255
3909 5345 2762 3027 1136 2032 4032 393 5795 2771 3381 5457 8016 1272 6888 1022 9385 9424 749 86 1045 8124 1005 8102 3996 71 9135 7922 3682 9577 9910 5045 7352 5080 2149 9096 656 8927 9561 2057 3867 348 6770 5685 1905 3001 2120 8100 8771 1530 1097 891 173 5054 2336 8990 3176 8446 5665 268 8829 7049 1296 952 4414 5864 4213 7625 3464 3410 706 934 343 2317 299 7008 2452 4331 5937 1329 7348 540 3810 776 1384 3479 5035 5568 618 5589 1175 2267 2487 1532 6623 3032 3513 1344 7380 5394
6204 1501 4287 9090 8637 5298 6632 8272 5006 1687 9561 2174 6129 3172 8176 8746 1540 7735 9691 6657 2781 707 825 3416 2548 640 4052 7104 1876 8839 2297 9915 3372 3753 9672 8116 2200 8965 3874 7050 2570 7979 4848 5702 6269 6189 6676 1999 9505 4746 4994 6550 6446 2836 1505 9527 8333 656 6057 984 2866 6062 7358 9009 854 1579 5762 5848 269 9291 5736 4710 5742 1936 5186 529 2638 8821 8153 699 7697 2139 6513 8613 9505 3852 4651 6667 7012 4944 1407 3442 5117 2653 8674 5705 4937 2191 7141 8661
8050 3375 7195 9525 8982 9944 8150 5785 6449 4016 1188 1524 5484 5422 5083 4853 110 7589 1146 4819 5222 8650 4146 8243 8629 8805 4180 4091 9153 143 2854 8188 835 124 3976 8179 6143 1316 5765 3109 675 5043 2683 2710 719 3083 167 2018 9091 6615 6551 9816 5421 2924 9796 9630 5229 5141 7705 259 4101 688 511 8840 3269 4465 7452 4563 681 4774 7625 8090 1868 6726 7832 3319 5267 2282 8838 9574 5732 5181 1302 3985 8822 6885 4686 3241 7994 669 8761 1965 8040 9753 6197 6707 6069 2308 491 6113
5773 2459 4776 7976 2538 6658 6576 5024 4383 4693 1507 4006 536 7587 6804 6576 7822 7113 4810 9622 5965 5261 5910 6931 4847 3374 4539 8839 1979 1005 2763 5904 3069 9343 9665 7559 2389 6303 5224 2868 6451 6033 7414 5098 9880 1085 3001 2326 1122 2208 320 7270 8379 4019 4564 4778 4331 6440 567 6299 9991 1942 8359 68 1039 5214 3204 4911 5935 7814 4755 1257 4457 7977 3916 1289 6541 2655 1773 1850 9127 3858 791 9449 1937 4010 511 5124 8364 284 9024 2601 1179 3980 8958 3729 1443 6379 1213 853
8563 8871 4003 6036 8723 2478 6212 2090 962 9951 4954 8509 3476 9680 9089 5059 813 9037 2413 7898 1634 5447 4154 2680 4965 5528 1940 3060 7523 5221 8605 1481 9863 4963 2246 7463 1201 1301 4516 5520 676 47 264 147 8647 4141 151 1666 392 8834 7484 8817 640 3704 2487 4028 4062 7941 2188 9346 6105 9673 7266 8432 4040 1505 849 542 634 3612 7262 2937 6769 4599 7192 2863 2751 991 5301 7663 7608 2260 3612 4704 5777 7845 57 7559 9253 78 9191 2704 2919 1844 6349 9276 9530 6136 1313 4825
7415 5334 2281 1745 2399 5427 1575 3028 8364 6924 5437 5588 989 8311 9051 3075 3736 9740 7532 2487 9467 1957 1386 8175 1340 6247 2952 5843 2227 6195 756 2206 3033 5514 8367 9914 1365 4439 8606 3847 592 6735 7422 2188 8267 5178 645 3563 6648 5079 8913 9954 640 9514 4183 8834 2943 2568 3719 5959 7891 1078 5051 7589 9236 4074 24 9720 5461 1932 8647 2891 3578 8288 8050 9044 6486 4066 3199 6265 4807 9966 8148 3284 6799 9893 2202 5916 9879 8550 8066 8874 1814 8700 6413 491 1425 2622 1922 7647
839 8203 4752 6295 5647 9789 5327 4805 1987 6299 2020 269 451 7970 7004 2739 582 4467 2747 2248 3740 2905 7156 8584 3494 3985 7020 6409 7184 7684 8938 5444 2576 5968 7625 6859 5125 9873 725 6753 9659 7000 6730 1219 1760 6904 2314 4004 7878 919 7807 4074 5017 9310 771 1846 5396 2203 988 3922 8750 3753 7055 2465 8143 4247 8473 3409 9003 1175 8967 8599 6619 6436 6315 517 9548 7027 5397 7323 6713 6061 2531 569 8620 8285 8673 6642 6434 1447 1366 9907 2445 7613 8400 1629 472 9485 4635 1355
5153 4004 9777 9021 2570 3751 956 2290 6924 9905 6483 5474 8695 3014 9714 425 8644 7108 7774 6207 6805 8931 8890 9481 137 8873 3251 8574 4496 3361 937 8221 5036 8857 6145 4073 8755 4427 7422 2890 2124 9918 862 1456 1155 489 8515 2747 2387 7601 482 2349 6218 5565 7146 3643 8934 9596 8153 8511 6476 9852 3888 3291 5719 9209 8314 2707 9606 4384 8644 7475 8039 9114 1120 4777 3847 7120 5985 7774 7524 1446 492 7808 595 444 8260 7425 1348 602 1726 1159 2643 968 6597 1087 7348 8129 6323 2684
5080 8473 7 3393 5914 8919 9007 959 1022 945 880 1528 5379 1213 1364 6109 2843 681 2384 3669 9762 5069 1874 7334 1189 4457 7362 2567 210 7020 1851 702 2160 786 3426 2238 6588 2798 1819 4543 2243 8365 6323 2461 3156 2033 3502 2031 844 9063 7749 6071 1335 1684 8076 7219 6929 2829 8077 7666 9661 7894 4970 7481 6168 9725 4801 5165 9706 4372 6757 7297 6786 8320 4728 5873 7367 8258 4576 830 7361 2439 8227 6511 9304 7525 1380 1665 6685 5803 867 6329 2114 9463 7408 9023 5070 1836 7342 7919
956 8914 7624 5288 7789 6689 7009 6948 2496 7380 9294 6386 1934 5750 5766 783 6022 5141 7354 2018 4415 4279 6516 3134 9507 5267 4530 1402 3276 8545 9117 5560 934 5665 8416 4110 905 8924 7833 3174 7106 1126 8742 1761 7779 636 5376 4481 1100 4361 9737 2491 8817 4605 1299 6826 4055 7116 7194 666 43 6993 22 7849 3355 4239 5251 8766 5381 5012 379 8664 3040 9570 1848 3512 6584 2242 570 2505 1788 3958 4993 7146 192 7993 5070 8233 6310 5658 6535 9998 3001 2177 3164 9815 9264 5401 3948 7560
4971 6968 5693 3616 4956 169 1579 8776 3367 6324 8495 6573 7774 9492 4424 6696 7753 1797 7679 9783 8766 4196 4388 3540 4713 4830 893 3659 2059 4787 2822 8177 7310 5637 224 8196 2830 7231 5879 9592 2145 2835 2867 1332 2743 3886 5547 6966 6851 1322 1734 7638 1915 1319 362 6404 3380 6529 7941 5158 4051 8420 9718 3751 9681 9415 1561 9306 1693 5777 6373 5894 4009 5149 9773 6063 2446 8678 2231 8584 9366 1013 4221 9591 3648 5547 509 6627 2219 5686 9168 7111 6280 4135 4663 1997 355 1131 6136 666
4287 9085 4442 3977 2463 7997 3109 6419 9990 7444 527 5601 5849 2745 6324 6837 7650 2719 6482 2878 3266 3647 9769 7597 348 746 2179 1839 3307 2398 5400 2264 7054 270 687 281 974 5899 9902 8783 6985 4530 981 9925 7269 607 5860 1622 6724 6913 1441 4658 9181 1770 7220 6399 3371 108 9781 6396 7676 4916 2002 1341 6935 9839 1859 8180 6310 4862 9422 2463 5850 6781 8387 9089 2520 7233 9539 987 2825 8285 7813 3418 8407 5111 7451 8172 1385 3789 1785 9833 2193 1584 7250 2222 1661 1281 4520 8628
4435 1264 9358 504 3813 5848 3912 6724 1980 5579 1848 8459 5072 7005 3283 1417 3159 9164 3410 7430 6469 1483 1791 9681 6460 9228 8527 4509 7071 3555 2884 5725 1156 9358 5279 1038 1243 6893 1094 9213 53 7022 1186 5312 2308 6418 1921 3766 5119 5133 2141 1299 1042 240 8749 8326 1527 8368 5271 887 7453 589 3006 392 6434 919 5388 6031 2460 4025 6505 7410 9123 843 6452 8239 5578 8346 2810 2353 3728 1180 911 9347 6113 3727 6921 4372 1357 8445 8444 8920 3811 5539 7285 9601 6791 8939 493 2165
2638 733 9274 2274 8227 7264 4941 2934 4515 4847 6792 196 6947 622 8031 2211 9015 4241 6676 2280 8398 5317 1158 4382 2524 6927 6664 6735 5901 9512 796 6621 100 1221 5252 1100 2358 1106 7011 4019 6969 8122 4491 2826 2791 1796 6408 9801 9098 2004 2654 2462 519 2149 1170 2140 3730 7913 7319 639 3143 1196 9030 2263 6874 5157 296 5944 8821 6324 2066 9697 1685 7341 9242 6710 7938 3460 5610 9673 9532 999 1504 644 8549 1708 3988 5805 6777 7324 4546 7566 8481 4124 581 4839 7570 4503 6508 4000
1500 9940 1183 2945 6088 6274 2320 9842 8624 4674 7512 1723 3898 4354 5619 9427 3727 500 1309 9711 6163 3280 6781 9732 6007 5426 19 1754 4141 9429 7135 6677 1085 9096 4404 8281 3728 2989 5249 8862 3667 181 91 806 7487 9272 710 450 7574 7515 791 9675 3082 2354 3337 1388 3469 8468 3433 9873 3500 7710 6849 3023 6959 364 6715 2504 4797 8421 1471 1347 4026 6515 2752 4984 1482 2878 9078 7208 3934 2948 1957 907 5047 1405 6534 8614 5494 1644 3682 5346 3761 7544 1924 3225 7920 9205 4944 9013
2234 70 4936 8011 359 8615 4997 6258 7953 4860 8210 6520 7218 9835 117 6347 2196 6856 7548 2767 7946 4045 6959 8640 4848 6803 7454 3128 2775 3128 467 6477 3139 5386 2488 6865 4714 4198 6534 1659 5880 4233 231 1580 2513 1901 3319 246 4167 2573 7564 5717 3439 5662 5064 3619 8623 296 9906 5190 8830 3953 7617 1293 6710 4109 8901 9933 9990 8675 6151 2493 7592 9389 5452 5389 2534 3750 5611 713 2386 4085 1980 5347 1064 5040 762 2277 8765 1509 8782 1859 1569 8341 7514 6015 9643 111 2360 7380
9470 591 4158 8655 231 9173 7338 7545 4004 922 3919 8763 8146 5873 1890 9443 5972 7544 1936 9412 6630 4318 2588 8014 7328 6877 4413 4026 6904 9055 9637 673 3924 4024 4409 3379 9674 871 1397 6727 2303 8804 7501 5877 9940 9860 9071 6261 3239 3783 3693 20 1475 3522 1770 6045 3527 7599 2708 3297 8526 3774 5805 9401 7755 3822 6430 416 9441 4222 2506 3508 1913 1882 5443 1215 5446 4362 1570 1544 9985 3844 8673 4874 9784 6417 8782 7584 8831 3809 8250 9812 6705 4416 2154 7835 4518 723 2733 7995
5126 3173 9695 677 7095 7171 3833 5287 4227 8808 6320 1904 4034 8727 2592 3711 634 6680 4354 4652 5257 8322 2632 8654 4243 4561 3638 7372 6681 8910 5580 7056 2678 288 1813 9034 743 1322 5723 2466 7722 5099 1133 7343 6515 55 8042 6445 3886 9823 622 312 3925 919 7751 4736 3491 4178 1863 2955 6523 5091 5737 6531 1731 684 2961 3988 6174 1943 7943 7476 8199 4324 1899 4106 3067 470 7279 2130 3176 599 9451 3671 9113 5456 3839 1902 6051 6660 2684 3149 5236 182 3493 7513 6472 5836 7293 4476
9374 3144 993 3362 4367 7923 9599 9608 6665 5883 2263 3388 5103 5684 7376 7131 4352 6014 4750 7812 7881 893 5931 1282 2421 374 2157 787 1146 804 7822 5680 8566 3214 9781 1563 629 533 6751 3963 2907 3834 1484 80 7040 9896 2643 3410 5026 7878 1604 1757 6096 9148 8266 9116 2881 5830 9126 7354 246 1513 2584 5854 1744 97 8170 7745 2803 4903 5273 2171 5614 474 9572 2448 7913 9629 3568 9935 695 519 3527 7966 6447 1820 3684 599 6590 7949 6428 4792 7370 5895 1032 5464 1157 9685 6348 115
6779 3784 2549 2814 3262 6224 6602 9784 6926 7204 9158 9575 120 6304 1829 8366 7 9295 6532 629 2635 3870 9654 7037 4756 8880 4825 2891 6653 9688 2245 9537 3381 929 211 5723 8040 7219 418 3118 7314 6427 4583 1531 6796 757 6868 937 5687 4336 6379 1794 9092 1929 7538 6141 3163 4297 6568 3316 7059 685 6678 9134 2158 4465 6389 6448 1258 9802 5328 3485 4146 4015 789 4841 5063 5986 616 2685 10 1797 5910 1718 9962 995 3567 9818 8595 5982 6069 5870 429 3568 6846 8807 3347 3088 4062 2374
132 5289 7557 6045 9520 4606 3234 3575 3742 2841 9797 3324 7673 8784 6019 3998 1264 172 5633 9891 8953 1457 5372 6349 3414 1129 9433 1902 6884 6783 926 1680 7113 5710 4356 9296 3520 5921 2996 6762 6442 7690 6246 9344 8639 6499 2861 8720 1092 4864 4861 8436 7738 6862 3856 2213 202 3648 9803 3075 5243 2254 2013 2763 6601 6784 3614 7289 7714 2137 8171 6116 2597 2455 6653 981 4752 394 9761 9892 6055 9011 2826 7866 7828 8957 2880 8295 1227 5404 6334 1979 9947 9618 8449 6399 7355 1477 5771 9135
1849 6297 6960 4440 6131 6748 3886 9649 9466 102 3989 6556 8980 3424 1291 5008 126 7558 7468 1159 1975 9879 9021 8006 4928 8867 8108 470 5670 1856 5228 8822 8433 8824 8265 6277 6548 9022 2810 7466 9366 9720 3696 8356 4648 9496 2176 6812 8874 1598 8923 1014 3430 5912 4203 6148 6857 599 2148 7879 9672 6036 9842 3625 9659 5574 1953 9694 9814 8000 2333 8047 496 6723 7012 57 5032 3059 4194 1299 1869 8006 6371 7431 8142 1305 6198 9912 8755 4612 8151 5802 553 4300 1890 4151 9871 885 596 4369
4311 7651 8402 4240 7176 2530 36 9432 3889 7327 420 5877 7057 802 95 5779 6594 9138 5563 6147 3999 3771 1816 5516 6872 8588 4278 4124 3046 4711 6510 2916 1512 3198 7435 9072 7054 1482 3847 6709 8955 7079 9824 3868 8286 6365 2961 814 5964 2599 8737 1897 3851 4967 7 2905 2412 9393 3180 5747 2353 925 7603 2330 1122 4526 214 1579 9149 5475 6133 2306 8475 9476 8246 2224 7469 4926 9425 4005 5886 6134 8424 3344 9408 8917 5412 2829 8976 2312 4708 6953 4549 8103 8213 8387 6331 3681 183 339
7763 9590 6442 5182 6317 9589 1515 8753 1151 8579 3875 6528 9436 5583 1491 5499 8653 6094 315 6567 9583 8600 833 44 8557 6742 1226 2749 9656 2536 2319 7702 597 6715 3491 4513 1524 5827 6644 2236 8021 8768 8840 6605 1881 7567 7066 1001 3754 4528 8366 6132 4183 5457 5993 5210 9201 5999 5161 4929 1686 5068 3501 252 9911 1717 3862 5207 2783 4878 5286 4494 8008 6887 5564 1473 8467 633 5045 2511 6650 3530 9029 1648 8324 329 878 7030 8579 3107 5379 1743 1347 1090 2612 5837 3769 7141 4961 9743
1126 4225 1476 9298 2816 4285 7138 8100 7828 768 5047 3786 7131 5465 8310 5629 8965 9031 9256 2833 7255 8934 3853 5660 1534 1618 5598 4046 3760 5022 6426 278 409 1676 8140 8026 8414 1337 3473 6947 3725 5743 3736 2900 6763 6228 379 116 8475 138 5798 1666 3334 9745 3649 9088 8147 757 835 5057 3188 4956 8652 9877 6232 7403 4557 535 7788 4329 3460 3452 4365 5667 9155 1571 9912 7555 8127 4592 5661 7424 4219 8424 9248 9829 2858 7998 8577 3044 8305 7280 8659 710 3603 2490 757 2977 6826 3646
8370 3529 9101 2172 7229 6767 354 8648 6338 25 2734 7558 628 1740 9394 8745 7249 6065 7700 7160 2842 2701 7587 3824 4134 6229 1265 8633 2878 542 7318 9937 2065 3527 8258 4825 2148 3834 7606 2318 52 9732 1900 4110 7507 6885 5627 2041 9695 8779 4864 6185 3802 5115 5614 5206 223 9534 2154 7214 3914 1575 8844 8301 476 3136 6378 6067 2286 3884 5266 7250 6018 627 4444 8260 395 6200 7135 4763 3427 348 7416 6112 5433 5952 208 6003 3844 5210 2010 1242 3881 1049 6291 5167 3789 4429 1625 3009
4085 1862 122 1961 983 6385 539 4096 8343 6188 3974 4271 5256 9474 8257 1827 8530 2709 3739 8937 7061 6330 6319 2219 3626 5937 4636 7177 9103 8279 5966 7016 1631 2812 9955 5901 6247 6990 9738 2524 1679 6633 7180 5488 1799 3244 9663 1024 4170 8867 9001 8574 6854 5198 9585 270 4112 6648 8543 4950 9120 9641 9327 1080 2157 2512 6507 6195 707 9665 5472 7810 1426 5064 9175 8858 9477 6484 1547 2445 4353 1004 712 5291 8040 8136 6156 4189 6630 4514 6102 9647 5342 9003 2192 9258 3503 3835 2556 9635
6781 7597 8601 3992 1737 7586 8487 2576 6615 5254 3715 6761 608 2335 9583 2662 829 776 390 9581 8572 923 6946 1956 9504 2743 3958 1259 3911 5696 6866 7459 5785 8474 3932 7773 7372 6344 7702 4455 2714 5419 4718 4636 9974 2627 6610 6949 788 57 8376 7840 138 3477 9369 9414 6838 7130 6907 6649 1710 6965 4587 8020 2385 7137 7402 2950 7415 2608 6375 2703 5889 9792 417 6630 2216 9165 8744 3190 590 4106 5162 5962 1230 5771 2097 4078 9159 9297 1029 2081 8763 6226 209 5460 2224 9657 9280 464
3918 1648 5796 3691 3643 642 1834 6566 7643 5040 5348 8941 3609 4429 3241 1855 537 7789 6139 5549 7007 9053 5865 4046 3053 2591 9439 8894 733 1324 2669 9922 3832 4894 137 87 7576 807 5958 9516 3607 5573 1293 812 77 9737 2355 3131 7380 6999 314 5141 5400 6436 6406 2431 71 7626 9468 6693 7043 3251 9240 3766 6635 9862 5941 311 4215 8765 6922 4578 4266 4562 1893 4877 9092 7603 4656 3020 8937 3875 3857 4777 5279 6254 4025 2076 2125 7935 3581 6198 4378 5710 3658 6368 3139 4816 6513 4050
1237 4972 8936 7788 351 5638 610 4329 1758 2303 7762 6233 7911 6821 9077 217 1062 6298 8553 5454 9237 1807 5893 6705 1473 7768 2723 498 1455 8786 6065 2519 9394 5366 7012 3057 9795 7719 1973 3772 799 6260 7003 7609 3307 7120 8373 259 2416 8859 5666 1407 511 9749 350 4346 2627 1305 6562 9871 1294 7040 8209 5097 7162 9639 3294 7629 5637 1344 8358 6348 7783 1067 1791 7604 8874 2659 9327 6612 4071 4407 6841 4331 7250 9554 2696 7533 261 7866 6409 4039 8309 6821 6895 5820 3010 9384 9215 8677
5444 4695 5092 2846 1897 7621 6173 1485 5680 1785 8678 5586 6618 5332 571 890 3073 2059 7179 6721 1522 7942 4230 8300 1364 7853 7854 2155 4417 1950 6578 872 2087 4517 1408 8530 4693 4635 812 4307 2498 3724 93 9506 1438 8034 110 4180 2167 36 115 4054 8248 5516 5267 5271 6970 8415 2964 5892 8791 5831 7608 4721 9609 6162 6353 3878 8001 3458 449 9729 4837 3860 9809 2458 6218 8335 1714 3393 5395 2633 2650 8446 5887 5416 5278 5120 7739 2767 9627 1062 3261 4244 6892 656 1304 5681 4899 4221
8731 8839 7820 3236 1488 6499 8049 6515 2116 7172 7864 8731 5821 8583 5491 8348 1893 5136 2095 6295 9562 9283 3651 6158 6484 8023 8148 2035 1193 6545 2888 330 2003 8031 2167 62 9555 6766 4729 7364 8180 2433 594 6196 2373 3562 7379 4439 4489 9431 6072 1326 7529 9439 5097 8780 4923 2797 4696 2250 7008 1498 6862 9995 1914 5112 8775 9486 3586 4086 5581 2831 4538 5052 1046 8337 8368 8208 8652 2255 1878 1616 5018 6762 9786 2283 8438 1691 5100 9412 4773 9636 8457 8953 3875 2468 7889 9566 5261 2635
9801 1951 7594 3957 5830 580 2003 3171 4104 963 6929 5454 5843 4873 2744 1135 6625 9164 994 7736 6670 7121 1604 9254 733 228 9763 81 6846 5445 9614 4121 3872 1522 6736 5921 7838 5595 1638 9191 4990 4683 3526 7926 2672 3451 7238 3171 9475 8379 2227 2725 3717 1390 2186 824 4209 9877 3131 5624 80 7595 2757 3279 3351 2524 9683 5711 318 5263 271 9471 7457 7109 1884 5294 5306 3047 124 9142 7321 1537 1408 9781 9880 436 3845 1906 3238 5806 3352 2734 3763 4870 6047 7425 2102 6425 2126 3556
7861 2544 5962 3298 8797 894 2764 2481 954 3109 6290 8230 5723 9431 1670 21 5309 6156 2660 4150 6067 789 4434 6313 2100 4733 2918 1994 3802 5735 2425 8276 9590 5512 2543 4393 2701 7484 3231 9753 8277 1869 5058 8099 6965 6514 3932 2755 9375 9115 7962 4028 4376 4724 2405 658 8089 9797 2778 6225 4529 9462 2354 1215 2775 5013 9331 8164 1808 5471 2312 4614 4063 7210 9317 65 3687 6254 9907 3452 3826 6134 3585 6104 4718 4840 946 4452 6212 8277 3785 3806 4153 8073 3805 778 7255 4372 6937 968
8424 2925 1240 6334 2492 1305 6559 6532 9128 9057 7967 3487 503 6790 6784 9023 3076 9847 6922 7268 4373 265 5778 3526 8841 860 2479 2961 1475 2046 4806 8388 7056 3615 7625 9623 1298 5639 6151 3244 958 7555 8416 5285 8717 2965 5737 1670 4391 1049 5444 6987 3369 8191 4963 7744 795 6843 320 9030 4819 5166 6213 2083 93 6024 9606 5543 3888 3939 4506 4014 6342 5386 443 71 6873 1948 6327 6947 2858 5814 5581 4092 4458 5778 9692 8551 5546 9206 4889 6460 2202 2457 8575 7537 454 166 2016 2671
1638 7981 2491 5221 5336 8895 2386 3140 812 2748 8511 7225 2415 215 5922 7158 5141 287 3136 9736 4975 8249 48 5241 7155 5377 2928 972 1465 7791 1478 8406 5035 6576 8648 7838 6809 9742 1358 5708 3293 3887 1233 2992 2176 9707 9582 7300 9920 9189 2685 4484 4315 7975 7 7650 255 8292 1829 3061 6317 1372 5233 1131 9801 4740 1541 2689 477 8494 550 8447 1460 6238 1676 3465 1867 7964 5685 2378 5604 3558 5971 1391 5170 9489 521 9459 2464 1343 5200 9466 8454 1463 3155 7853 6239 9241 7247 6352
6301 4150 4947 4126 9461 1782 359 8817 6423 4313 332 4594 5712 5330 1544 4029 1676 4507 3858 3670 7697 9159 1002 6543 8897 4568 7455 4436 3541 4498 5300 3162 8837 2800 2957 9829 2316 2787 5861 1730 6915 943 8113 3813 4079 8135 6640 5676 3579 854 3394 8730 8652 8576 8275 8274 6150 7125 9500 1094 8706 9151 771 5108 8890 6042 841 7998 7160 3399 5470 8271 7426 492 5716 4780 2672 3781 9413 9795 424 1238 6559 7892 1914 7150 4926 2676 82 5643 6016 7425 561 7399 1491 8257 721 9613 7806 2043
9453 5404 3842 1618 6708 9154 8356 8167 1473 1513 9397 2773 7094 2674 4086 5360 6631 552 9410 2289 8421 5570 2176 1140 7160 1545 5773 3571 7841 9682 1513 4811 966 313 9520 5633 1629 7342 6093 2540 5789 8332 1226 8520
