5916 1676 8292 126 8381 1236 9049 8509 636 1069 9917 7513 6793 988 8440 9804 3540 2493 8746 8547 1769 8850 3355 6337 2815 4747 4203 5093 1658 6405 6023 1046 1881 1948 6739 5108 8147 3369 3987 1139 5127 4582 288 2980 2557 9846 8744 343 2942 2224 993 2521 2366 3183 9441 3344 376 4321 1602 8969 7762 5747 5738 1420 842 5466 8620 5565 4243 1958 3506 9741 9279 5377 158 2183 9690 8375 9948 3452 1530 5960 2710 8703 4246 3405 6322 535 9676 1719 606 7737 9626 8388 1023 5810 9338 1749 2006 8925
2154 4390 5498 5696 5370 582 7122 8870 1647 561 8293 2116 914 4341 2436 7288 1316 273 1703 6958 7613 6314 2083 1808 5341 5691 641 6555 9195 7173 7374 9539 8238 7408 7092 3886 7071 9026 4721 4529 306 5681 7362 575 863 3743 879 2975 2000 8835 5122 3734 6253 3583 9533 8269 309 6234 4326 3686 5207 1829 6618 4696 6270 2353 2134 8223 7224 5050 8669 5040 8990 7534 8380 7255 7980 4205 2672 8438 7436 1710 6943 2709 5915 4972 5711 3294 8974 3936 8216 4565 7148 7459 5646 9772 9942 8439 8571 4372
4383 6116 6312 4379 4241 6064 5068 8852 9069 8917 2921 7384 2238 8484 3986 6476 170 7271 3284 2933 9206 3896 8807 6506 4632 3266 4274 7959 2047 7131 446 7622 6157 9648 3907 4856 4720 5154 3905 5477 4083 455 1877 7796 5999 3987 2945 366 8567 2765 4848 734 4710 7958 5473 654 2189 7387 3620 3651 7630 3416 5376 3809 6406 7201 7384 3788 4941 7043 3096 7442 8106 7568 4850 9541 1534 4383 9721 9774 9270 2180 3936 30 3334 7246 4659 5994 2442 3630 1752 7005 8833 9729 6128 9503 9215 8578 1115 2320
5533 6446 4869 100 4 6269 4286 5606 8141 9781 3303 120 2109 1561 6970 1117 5812 14 453 6141 8871 7483 449 4094 137 5678 6912 4909 5214 8174 4575 7883 3597 7049 4715 4603 7084 9986 4116 6973 3136 5889 853 5533 4506 5791 9098 9525 9597 2880 4002 3472 4983 6354 8849 7062 2701 1577 9934 7002 7210 4989 2730 4443 3893 2548 7806 6786 4853 1123 7533 8208 5978 8514 1323 5064 7557 3258 415 8896 7934 4694 2024 126 3872 6121 2348 4694 3002 5249 9257 316 1975 5669 5338 8552 8529 1720 9494 1439
4417 5285 2143 3235 3334 4199 9562 5337 2398 5810 7630 1731 4736 1939 6358 3193 9084 1184 3020 5009 6766 7723 6240 845 7119 503 1676 567 2287 3621 7875 4554 7300 9386 4097 1258 4660 5357 2463 5791 3313 3713 5104 7057 5554 2234 4484 7484 6097 8006 6822 5584 5712 2877 7195 5436 5791 8133 6113 8034 4271 4674 1149 5453 7725 6832 9716 6673 5728 236 5977 3589 7830 1382 5717 9581 9495 9945 9445 4212 2421 2819 7692 8280 3242 5103 937 7609 2803 7129 2177 6614 9111 1712 5313 6666 1490 772 3869 3980
8303 7037 3205 7733 2129 432 6934 248 1941 4660 2376 8089 951 4191 47 5327 4399 8899 638 7329 9695 3342 5144 8121 909 1106 3124 6132 5758 8112 6320 8504 6634 6795 7309 7750 6779 3587 750 1438 2746 3861 375 972 4691 9909 4403 9831 9683 3429 5863 1076 3515 9270 9789 9621 9599 3811 7725 1442 5272 2050 3018 873 3314 5284 1035 6407 7321 6006 1947 5954 4228 1810 6145 4010 7476 3032 1189 8308 4926 6441 9773 4706 8266 6313 4604 4977 3436 9739 4868 5456 6166 4037 643 9862 3126 2544 3340 5295
5631 6079 6417 5932 8914 8124 6804 9443 2597 533 5893 1497 6079 9505 3475 6770 6036 7976 9921 8366 7269 1869 5113 4627 8494 6472 8404 4284 7520 5374 292 4109 9665 7520 7708 268 9455 7018 6354 1557 4617 2571 8828 1241 5593 3683 4372 150 961 2522 9720 6311 3344 3061 8822 559 1188 6066 7929 1845 2587 5154 1882 9625 6071 915 3086 9490 1106 7345 9337 6888 7271 5753 6501 2100 4727 6813 171 7826 1533 6071 5651 9839 9791 4984 5993 8545 4092 9690 5395 7376 7061 9694 7576 907 2984 7635 6419 1802
7674 7961 6231 4789 6819 4792 7857 7721 7803 1772 2577 7271 5925 4616 4238 2862 7022 8122 7491 3424 5011 1596 9058 4374 2369 2352 3924 4182 2637 3181 9532 5376 6057 3836 385 9090 5089 1847 4899 8605 9314 5540 1200 413 9173 7691 8651 6270 7776 7487 5188 3819 1266 9982 7778 5466 6310 4133 3638 9065 1825 9204 4900 9315 8417 6037 6895 164 6078 8156 6725 7439 3827 9614 7821 231 8536 2529 2497 6911 408 8740 4650 7785 9395 1978 6055 7232 3555 213 1769 8333 3107 1413 2071 2622 1542 5820 1009 2881
6061 1712 7368 1003 1680 4901 3188 7091 5495 4103 4456 7260 2790 4762 8789 2513 4273 6999 5153 198 555 1902 1185 4415 2665 2741 5842 8162 5426 5889 1428 3795 2209 3629 8999 3967 7415 5900 7129 4218 6911 1248 2870 3435 2746 885 9447 8768 2091 5767 9522 9983 9503 3302 9287 151 375 6199 4331 5823 6173 9112 6059 7209 5765 7075 7736 1592 480 123 3048 1227 5408 9411 2114 8810 929 4007 453 9588 8891 911 4746 6533 8389 9506 6941 792 708 2075 5310 9772 4608 8758 4381 8235 8189 4070 6496 2862
203 1827 895 2371 8793 7611 3274 8297 7003 2773 8528 8661 7320 4 5563 3529 18 678 3424 3046 12 9564 3319 7247 3846 4440 5367 7764 5789 2835 5935 1852 5376 251 6099 7434 5884 3696 7787 6127 8016 9309 7144 2617 4527 9934 932 2186 433 5823 2053 4555 9318 4307 8672 527 1657 4555 9889 6946 5564 9409 4995 1659 6132 1456 1314 8938 1110 3818 7444 5574 1271 7513 1369 5332 5143 589 1289 1612 6247 908 3874 994 237 5428 1785 4105 1417 9601 5818 1841 4388 4589 6031 9105 1503 6783 1415 9034
2740 5505 1727 2144 5402 6468 6590 6727 2682 3134 751 8180 1835 6976 9387 8600 2005 2457 3557 3965 5706 652 7491 2326 918 8373 3536 6523 5137 6774 2557 502 1071 4431 771 6306 3167 1359 1675 2375 3974 2040 245 9012 6027 6996 3525 5664 1078 4003 5798 6173 821 3118 8522 4858 2334 1207 7563 716 7652 7689 3744 5805 7829 3814 2198 3289 8227 853 4172 8077 8999 4419 1961 6530 5462 3261 8908 728 8969 7861 6947 7506 5593 8889 2271 710 272 7710 3699 9383 898 8312 8850 4845 8461 950 3816 229
441 5219 3175 8353 2007 2143 4162 1643 804 6666 2313 6606 4515 2983 408 498 7501 5134 7744 5100 5840 3019 8676 6097 8095 8983 4550 9073 9224 8478 9732 5751 3856 666 3984 7918 1871 4360 3060 4935 6931 2731 1174 3494 567 8480 9070 3215 9055 1088 7453 7367 5451 2556 7783 5260 5343 4082 202 2277 1916 6994 502 1134 5523 1809 8829 6439 2517 2513 7652 4820 2738 214 8621 7259 9881 8264 597 7725 3685 1515 8341 9579 1720 3469 9266 733 477 4418 1935 8106 3305 2496 9170 3212 7630 9260 2658 427
3259 672 8779 9934 2250 256 7220 9332 8292 4203 1493 970 7612 1959 6235 2936 9071 6413 3229 6688 7477 288 1326 7354 2070 1234 2723 2273 9358 6377 6462 1286 9028 3060 692 1485 4938 2947 6668 36 5403 1745 4195 5168 9424 6766 2318 4992 9721 8026 9281 7438 1819 8211 8225 2787 482 6164 6385 9462 6127 4791 3973 1706 2611 4208 6039 2013 8103 1283 9468 1176 8565 9740 9622 4202 9566 6569 2420 3445 8045 8564 2279 9405 5814 2287 5770 2274 104 159 2510 8806 6589 8138 4676 9917 8823 7329 6052 3876
2359 3272 1621 2635 2435 933 6153 1044 6360 6515 108 1385 3957 2618 2514 7768 9585 118 9487 3173 6725 6178 9606 5837 5335 4406 3749 7254 6488 2065 927 5328 5010 9449 334 6943 3862 9031 2552 4176 3526 4224 4654 4894 5005 9321 7740 5308 2842 5177 8168 6082 4768 7325 295 2752 3587 5313 8493 9720 4016 5681 2037 4593 832 927 9368 9681 8581 3089 9809 9117 9264 5970 6369 725 4518 9098 374 9590 1838 9961 3065 5915 5 8510 5391 9429 281 2902 4499 5181 230 273 9586 2431 6012 6071 6428 3213
4101 8175 3679 8899 8774 2579 9181 1110 3182 9434 8736 2525 6568 1745 7259 2661 4075 1822 7083 2140 3420 4139 2716 8509 1074 1989 4721 8101 8982 9016 4638 6759 5459 5716 8842 8006 1815 566 5756 9339 2197 2240 4508 5156 5066 7782 6554 3517 1805 1557 9736 4878 6516 8542 9625 674 3313 6897 8565 5077 1958 9043 5720 8789 4641 3061 3215 4043 8353 7246 4900 5457 7394 5036 5743 3233 3074 1755 7884 3794 4009 2479 2667 4346 2486 9193 1330 7707 1964 4682 6168 2626 9861 1569 8177 9652 78 5563 5610 4591
1927 8772 3227 6204 6592 9084 1327 8809 8094 7538 2022 4149 8737 9797 6115 2552 9628 7795 7572 699 5481 4690 2870 6666 8122 8100 7426 596 92 9166 8879 5498 6230 1072 5278 3323 6204 1546 1153 7748 5491 3857 4235 404 5601 5507 8211 2982 5942 4586 228 4247 1502 4869 9465 837 2688 258 9173 9357 8987 1173 393 813 1904 3959 603 3486 8506 6315 2125 3421 5063 165 7794 3511 2712 4652 4749 1567 3001 1891 2106 211 4051 9058 5081 8604 6851 6852 7404 8001 832 7133 1978 5875 5974 2205 6173 7453
1597 402 1519 1173 6920 2680 4468 8686 3307 6104 5122 3572 2984 9750 9980 4 6337 4333 1517 417 5319 344 8840 2535 7116 6072 7820 1541 7323 7161 639 9011 716 6122 2429 7242 54 1372 1843 5922 7794 3741 5978 6350 5437 4477 1953 5699 2020 6034 8340 5064 3495 138 5123 9075 6290 8920 9458 2741 2967 3116 4311 6060 2534 7839 9405 1587 8084 1012 7519 455 2631 6892 2595 7466 2802 3561 9410 8516 2030 6154 1509 298 2293 75 5344 370 3992 8141 103 9307 7104 5150 4361 4283 502 6237 3770 9223
9145 2567 6388 450 3630 7880 1669 5567 7116 142 7137 2582 3023 9743 5024 1123 713 8059 5838 7608 969 7105 3632 7951 9808 1238 5792 8062 9379 4508 5783 7802 5048 1243 6220 306 1135 2021 7990 4694 6030 5948 2265 7421 9695 1460 9200 3284 3409 4795 5578 61 5965 1834 6371 8376 8857 6454 2594 47 5937 132 1963 6134 743 4872 120 3417 4267 4031 1036 6855 6941 6835 2198 7805 9291 3395 2590 3854 3801 8224 4075 9937 6579 1016 6587 1038 3628 4622 9050 6790 2140 9539 325 880 5756 4132 4551 263
8791 2532 7180 4912 7577 1903 8614 6334 7949 7961 3130 780 6038 8633 8152 8474 906 8282 8158 6045 7905 2327 3961 1557 3183 896 3279 9865 7571 8284 8844 8220 6178 5897 8325 5253 2445 1225 886 1758 4311 4256 6320 6650 1732 9023 463 4077 5995 8698 4309 3602 7108 9872 3610 7437 4700 9181 683 9129 6566 2817 3306 3137 5344 24 8745 2065 7321 3340 1679 1426 1512 9005 6223 870 9147 885 1255 7974 2147 2907 2011 9038 4493 6515 4132 7117 3124 8324 4822 5674 655 2494 5335 2016 3823 9510 1553 1371
2363 2517 7139 4367 2157 9137 1479 8163 543 9595 8193 4398 9169 2909 3838 2813 2685 1417 1501 5061 620 1295 7452 8013 2844 1339 557 3196 262 2952 8780 6152 3327 650 1884 1832 462 6828 8400 9543 6805 2422 3963 31 6418 1149 697 4623 7514 9265 8835 1439 9660 9935 3559 1301 6529 7751 8246 6840 5829 8911 4360 141 776 5920 2306 2818 4676 7316 8955 8435 6073 1725 825 1258 8275 493 7315 1297 6637 5406 487 2885 4356 6083 9446 7201 355 8743 3493 405 9702 7455 4230 317 6132 964 3613 8965
943 4210 4990 1142 6739 8698 8811 3101 9082 8489 8926 7391 5695 1622 3569 3442 6889 6099 8754 887 5645 7011 7321 4623 8127 9718 710 2835 2425 2994 4041 1421 2658 3746 3396 669 8330 8063 467 4200 4520 9360 9683 7481 2731 966 3960 459 2537 9982 8264 4520 7803 182 6039 2574 6004 5972 8426 561 1305 2053 1723 8417 4743 9387 7583 9026 9845 5520 9605 4930 8209 7377 101 1622 2677 1984 4773 8145 5867 765 5231 6387 2514 9605 6332 1334 9136 8939 2922 6871 8688 6205 2858 8983 7834 5243 5588 4102
4702 1093 3124 7372 1053 1131 7166 4571 6850 746 2211 208 9545 2765 8403 5322 1901 8800 6128 2802 2292 1010 6845 1567 3763 7148 4563 5536 3481 7936 2128 4865 5363 6842 4287 7218 7208 1954 851 3330 3228 6694 9462 9240 2163 6286 1311 873 2693 1388 1514 4993 8341 6867 5205 1320 7773 7847 7896 6433 765 4647 2820 2258 826 1603 7553 7710 7074 7825 8440 6280 6148 9610 3467 6444 3776 7324 3505 4473 9680 2167 5460 9394 9192 3282 8849 3277 2431 6479 5302 2030 3859 3959 8411 2488 9577 2054 7421 2519
7674 3418 6051 1428 885 7496 3540 6036 1519 9768 4538 8683 1775 6212 3572 3482 5025 492 2752 784 4920 1369 6694 1650 4987 2149 5397 1211 2561 8529 9054 4473 6411 2107 9916 76 8004 2220 6987 2111 2275 2082 1962 1254 7093 1458 5191 1288 8409 7826 1672 9343 4243 9143 4949 5723 8995 5614 8536 3096 3377 2632 7675 6628 9774 2836 4365 5562 8774 8130 527 7994 966 3178 7551 1331 3754 5542 2575 8300 3984 5346 9496 2891 3111 2278 2099 5345 637 7584 6065 2530 7512 1956 602 9365 3282 2468 9615 7418
2218 213 6356 4837 1696 1229 6357 5526 2995 2455 5938 9007 1271 662 8643 1636 825 3944 5932 9735 4159 1895 2924 3793 9181 487 2367 4633 1551 9443 6868 3269 7196 6572 8280 817 6111 1685 141 5388 9399 6468 3391 9745 9395 353 8596 155 1848 4385 6371 2847 704 7349 6999 2097 8393 7898 2470 285 7048 7859 6796 877 187 5276 7599 7630 1754 4763 673 665 5777 4039 9841 9587 454 8495 1818 2408 5487 3306 8817 3347 9354 5098 1280 5004 3626 6161 2108 5124 6283 6441 9005 932 8019 9789 3545 1898
1619 4443 2338 9388 2847 2640 2175 6013 7110 4279 6023 9206 5002 6131 8507 2096 9419 6600 5882 5586 2049 443 7167 1641 4554 3715 696 9980 7655 9325 8576 8631 482 3886 2640 5809 7500 7543 4123 4122 4287 2488 6564 1492 9923 1686 4609 5707 2856 7052 5455 2406 1924 7987 6343 6916 825 5132 8260 8345 5916 279 3673 4955 9792 6046 4969 7320 5640 5311 1214 8364 8063 681 4889 8626 7290 1458 9080 3109 2884 285 1892 1344 3457 3872 4712 1654 1672 6112 5893 2365 4830 6716 6671 5820 9 4487 2642 2094
1465 7816 4509 7077 9138 9499 9503 8412 3690 236 2930 8852 197 8867 7020 9778 6915 9368 8746 5528 732 2525 3254 6150 5979 5503 83 4770 5183 9246 9322 2202 1360 4467 7931 355 1467 1193 7871 6828 1797 5766 5116 4266 5329 7617 4938 1838 3150 1686 9423 2729 191 4511 7420 3406 145 3300 3154 3673 4917 1324 2905 3652 4180 8285 3492 7178 2937 3253 5199 1749 8609 9836 846 5841 9157 5161 4136 9559 5797 6759 6517 7292 1192 8712 1604 24 992 5858 3230 7044 7332 6544 2495 1121 3750 7078 2468 6670
4877 1422 9280 4781 4118 9929 9930 6655 4432 6987 3956 428 5634 9243 8625 85 637 4022 1650 3863 4436 5502 2646 983 5133 1712 9744 1779 5279 4244 1846 8558 8627 5980 9908 8076 5446 7206 4518 1824 449 5450 8875 1414 9320 6254 7435 4399 9612 7908 8213 7175 4785 3759 6280 9424 1785 5572 5374 2491 3018 5017 4967 6346 993 7395 2790 5443 8947 5123 1126 1556 3885 7981 7936 9311 8823 8762 8410 7003 6394 1209 7828 4043 145 212 3117 2568 3352 9990 8316 1906 5321 3794 2110 7748 1314 9961 5406 9404
5895 6112 5996 7874 9976 6665 169 8607 7826 8667 7183 2108 8279 1343 1362 1367 8783 6985 2883 4830 3187 9391 2209 2983 4644 4210 3259 1168 1751 1770 6878 2986 1790 6117 9308 2570 7915 567 2740 1192 6191 544 2084 6820 2107 8675 2871 414 9119 1129 2012 7128 9352 8651 6007 4755 217 5532 7484 3073 9908 9065 5748 4051 1545 8914 5317 2845 9018 3450 8448 500 4109 350 7335 2661 603 758 2231 3180 9014 8088 2804 3967 7288 3455 6974 9843 7055 3551 2268 8372 9779 6721 1083 4532 309 1310 7827 9593
3394 3587 7970 4200 1179 711 1134 9343 7467 5217 9707 5213 8944 8968 3224 1899 7687 6083 3811 9691 6317 4088 8351 1285 5804 569 9262 9615 8451 2797 9258 9884 1992 9640 6885 9230 2076 56 4012 4732 8545 6390 6302 4716 9813 3389 2443 4343 3118 290 5910 3447 7740 4058 1431 7748 3375 4405 3096 5357 5645 1495 7759 9377 5886 1812 1548 6466 280 7570 1211 4473 7564 4868 3814 2347 2617 4159 4304 9036 5627 1139 9526 1058 2617 8223 3922 9331 155 8359 2605 8587 7442 5843 3101 5453 7975 2279 9661 5505
1322 1970 6733 7722 1349 2911 5386 1536 9503 6390 8920 6940 2577 2423 8012 9639 8460 2239 9986 299 4052 9396 6277 5080 1756 3102 7785 7562 8527 2754 7487 3055 4063 5952 4554 6403 6136 9967 8315 4549 8167 8611 2825 5098 129 5187 8302 4301 8737 5750 9143 6212 3812 4818 6635 5676 1318 8313 3206 3379 8963 817 9502 6580 8207 7799 2017 1006 7290 1191 478 9053 7386 3326 8011 1463 4142 6383 35 8335 5658 8174 7634 7412 1987 6345 1174 5596 2502 8307 3172 9371 2466 8564 1912 7435 1946 9523 4242 7878
9032 4817 9492 2801 1149 7782 9370 1370 391 4213 6460 6970 9417 8841 2012 2667 7905 4157 7186 2499 6820 9236 7470 3075 315 3539 1432 9379 1 2657 2373 1930 9891 2005 8305 2379 8925 2657 2937 3452 5629 9116 9356 5060 490 8652 7510 7258 449 7507 9708 46 6397 9994 1417 3881 996 7898 5664 1035 2541 2492 3432 3807 6072 7024 7334 8922 7038 6085 3062 5957 4640 6650 417 1347 6100 1748 2976 4005 854 1783 7519 8283 4174 3036 5463 573 2741 4200 5485 8799 5455 1015 7531 1639 2579 6213 8204 6815
1574 8089 301 254 1368 9594 4415 7519 1557 2782 3001 286 9436 3923 1004 2717 4243 9427 7817 2245 5206 9801 7636 2877 3740 2267 2286 4435 1359 3994 3915 5627 3205 8097 7847 8919 1620 6168 610 9182 288 9914 6088 7060 1289 8355 232 971 560 4381 8621 4814 653 5730 5727 6094 1126 6155 7325 9676 5725 6915 7255 1517 4720 3875 3748 7208 9660 9584 9606 7640 9809 9210 6790 6201 3745 8641 2207 8084 2243 9775 9728 697 2711 4624 6773 5985 598 1293 3643 8244 3659 4750 2639 6843 2992 8597 6936 1615
2575 4614 3967 8831 3619 3922 6903 232 2469 5548 5050 6084 6867 5351 9217 3038 2004 356 191 4334 5678 6741 5089 4732 6459 9118 8994 2317 7594 9780 7823 1625 6185 1564 3351 3185 9458 550 4131 4105 8009 7089 3641 5018 272 8911 3198 8212 9986 9213 6713 5192 8664 8052 7517 3248 9783 7429 2535 5363 5654 4324 6348 5195 5147 3347 291 4390 9719 7979 4733 8126 7161 6576 2365 7680 8822 9714 4521 9885 6663 5769 3869 2864 2889 7042 8608 6785 778 6073 9504 2390 3620 5547 400 5162 4663 9724 6577 4528
7836 5016 3131 9350 4062 5333 7713 7674 2806 6474 8895 3274 5519 8356 8094 2056 3335 225 4430 2087 7733 9395 3293 2649 2714 4177 5778 8824 1894 3236 4736 4941 2389 327 3783 1277 2324 6536 2285 679 6942 5956 3776 3855 1209 227 3509 7027 9710 9571 8551 4957 2990 6368 8858 3022 3442 2169 1351 2100 3629 2189 9979 7337 7513 9632 6163 4120 6636 1385 6378 6922 3803 3270 4483 4704 3487 1034 5553 7934 319 8569 5449 4378 7086 9674 7040 6295 4019 3902 5916 1251 1362 2232 8620 1902 5656 874 279 6847
1907 7808 9694 1095 464 5021 712 340 4124 1159 9678 9134 6397 2192 5558 6083 2889 7189 4714 3364 1431 1814 5388 2650 4263 7975 4679 4484 8071 944 5309 8497 4688 7583 8032 3046 4455 5160 8501 1551 383 6686 7740 9059 3032 311 9165 4234 1978 326 1495 2781 483 6408 8926 7398 4110 213 9699 202 8875 6107 3653 7400 3720 7242 9131 1079 7867 2770 8712 1399 151 8942 4867 5306 642 6444 2229 2736 5835 6691 9840 5937 8906 4371 1780 9332 4381 5508 4287 2115 8129 1859 5856 5720 4740 6969 5455 7976
7308 2181 7638 2969 5779 4460 4287 678 309 9339 9684 3435 7202 5411 2061 4058 9236 3382 7457 1730 769 6404 9545 6974 7784 128 9392 5137 9619 5897 1936 7050 8043 7328 4013 4639 7438 6262 2270 4668 4421 5322 8919 4004 143 844 8818 1407 3414 9686 9839 6677 7789 2497 6575 6655 6395 491 3724 4175 7382 968 5288 6785 5770 1932 7096 9961 7093 3578 5694 6281 883 7856 6992 6213 1258 2244 4802 8353 6562 259 5037 603 3631 7095 833 5481 6658 4990 4069 5429 9520 2889 6444 4107 4549 4345 8179 5492
2311 3189 6664 6536 2755 8267 7858 2221 6469 6582 3693 6627 816 5641 1476 2964 1976 439 7215 89 2784 5823 3881 3023 4604 1910 2864 2895 4831 8339 1643 2013 1741 4314 3728 9801 1954 8740 3092 2447 7340 3867 8339 8935 4165 8282 7200 1910 2239 5324 8494 3977 3816 2161 1916 1777 8333 2711 6758 2959 2634 7499 7603 6620 2015 7939 652 2955 5917 5335 8828 5891 6433 3278 5194 7228 8428 2422 4909 1600 8311 9616 4405 3461 7550 6171 2394 3597 9889 6556 3742 1565 3624 2951 8499 3620 9493 6024 8275 5751
7797 8116 1903 9554 9746 5786 8854 3088 9892 2114 55 9805 4847 4357 3324 2227 6781 2852 2151 145 1361 3817 3850 6623 2488 5423 7505 8387 5789 3576 6795 5354 0 4492 1957 1329 1200 6240 5961 7432 5032 8106 3119 1124 9838 8628 8774 4189 2410 5278 9920 8482 4165 5768 4863 5292 8263 7967 7817 5511 2925 3795 1326 9241 962 7141 6840 3497 9992 7708 5659 1973 3099 5082 3421 4284 6159 5140 5860 5626 5838 1997 3950 5199 5286 6738 9225 8257 3990 1657 9332 3919 3003 5849 9523 2667 609 8124 1216 3144
5922 9624 279 4175 2710 7243 3881 8644 5532 3588 2456 7079 4998 1546 7562 3514 9526 2142 2774 9193 2609 8264 3585 7878 7519 8410 2415 7316 6303 5855 5898 1443 3585 5601 5528 6788 778 6100 334 6651 8919 8639 306 3281 2065 3344 5842 6295 2287 3918 7076 694 1201 5582 3860 7256 6728 4615 4127 6412 4691 3438 7675 6080 9396 2793 871 8798 2635 3558 4695 4716 4189 241 8409 8836 1323 3518 2985 9752 2881 2268 1668 9872 6678 8460 4501 2527 8959 3529 258 6860 3190 2622 2953 8042 7793 7549 2171 1672
4327 9158 7838 8243 5826 2420 5662 4214 9332 7443 2427 1141 9486 9026 6606 8477 3815 5055 1374 5512 82 3366 2678 5268 9700 5149 4607 3118 7073 4027 3791 3000 7603 7563 4851 8030 309 227 4605 5087 4523 7499 8005 9390 3974 4434 8053 9632 867 1844 6225 1907 9667 5911 2339 4122 4551 5565 2392 9187 8514 724 9419 3722 3345 7614 1185 4377 1398 6625 7046 2688 884 195 3238 305 2552 1945 2495 8967 1379 2232 8137 645 2925 3334 6992 5665 2523 2577 2624 2435 1525 264 5299 9697 3415 7405 1389 1863
3728 4636 2555 8961 4171 5381 7749 6466 2464 480 2376 4396 5754 8650 7425 8732 221 464 1966 3409 4610 1917 5272 5572 7814 3887 5058 6124 9833 314 8332 4650 455 7028 5259 7558 8195 3918 1941 2003 5424 2683 9168 962 3653 4382 8603 2792 2788 4743 3611 742 7702 7533 490 6186 2770 6904 8021 506 8573 1007 3501 7259 2904 5838 6578 7001 4114 7407 7692 829 633 1654 9653 3433 7420 3234 3787 1154 4145 3785 4683 7705 3385 3509 8111 353 6459 8839 1229 2904 6959 8037 5361 8138 5157 1685 3264 8713
5930 4516 2156 9907 1353 9294 7096 5545 2624 1055 6164 7756 4773 16 5723 7005 149 3605 88 9990 7913 6225 3254 4117 1390 2239 2196 4470 4070 5150 874 4980 9558 8255 8172 3652 2970 5277 7162 4911 4724 6780 4474 9972 7059 7715 7314 1807 1409 5915 8891 571 2969 83 2550 3059 5476 8539 7180 7372 899 5961 7573 3230 8474 4346 9651 8335 4899 4258 5637 1143 9291 8817 2406 3451 4121 8302 1425 1490 2564 6362 369 2719 7801 9531 5683 8748 3519 7137 3740 5319 4606 8835 9486 5556 6614 1475 3330 3301
5805 8517 5688 9702 4621 4122 1401 5717 9346 5611 5842 3557 6963 6456 2177 1131 5847 9260 577 3167 342 1543 4611 2361 8261 5074 9243 4423 2746 8093 4174 6912 3120 4961 4804 923 7368 9785 9925 6781 71 3367 8842 8357 4662 5323 735 6107 1808 5938 1395 3708 4496 7968 8362 7066 4029 3255 9695 3633 7529 5003 1896 7858 5640 1910 2074 7069 1894 6935 7333 1328 167 5125 7356 8041 8943 1365 6655 2884 8001 6512 113 1724 8846 2708 170 1460 5232 3123 6723 5075 5277 7287 5196 2849 4949 2295 7506 6218
6115 2677 5556 7794 5784 1605 8343 5529 3309 7449 288 2443 6383 546 404 6875 1329 738 8563 9049 3975 2086 3768 4797 6910 6812 1534 2450 6597 2727 3022 3146 7504 6298 2231 7792 1489 4307 4129 3310 4982 2319 9221 379 8065 1133 4229 3155 5560 1397 429 2112 9374 7970 4853 6713 9093 6930 9990 6144 4355 5866 7466 7487 6673 560 2509 7986 6653 879 2225 545 553 1437 4676 5147 537 1335 4211 2298 3583 1464 1101 7610 7602 6976 9743 6403 3609 8752 7871 9679 766 8902 7650 790 1698 2260 1644 2238
1351 958 6398 4868 7096 3486 4363 2437 8627 9770 2132 9360 7743 8301 4223 716 7589 6733 843 1855 9579 1308 6751 7304 6657 9563 8415 7307 8354 8014 2578 5479 1147 748 9470 3354 3971 8987 3261 548 1175 4772 6960 5464 1060 2584 7696 9190 6507 9170 2481 7771 1212 6778 9042 3073 2385 290 2665 3954 9569 2393 549 1488 7806 4223 7554 8974 2725 9385 2829 3659 9485 373 6320 2364 152 6152 1167 4828 1293 8037 4736 7857 6623 6392 1131 9208 1250 76 4892 8451 3515 3222 5087 3840 3400 2225 9618 7208
5340 2676 3812 2307 1457 9514 5689 1040 1279 3843 4679 9351 9019 4221 8067 7615 8030 2968 7219 7368 4297 8952 3283 2187 9053 5805 8477 9515 3517 320 7145 4919 2480 7956 2565 6222 9767 7723 6117 9453 9700 2354 5748 1422 4432 193 8485 7577 2993 6586 5657 4534 3528 2188 1813 1823 1803 5841 3916 6444 8173 1574 6021 2473 5658 9617 2856 5398 4893 9714 9328 9639 5984 87 5124 5518 577 6535 2712 9286 8020 3595 4015 6334 9151 9195 59 1816 7916 7361 869 9491 4990 6644 8032 5744 367 3462 8162 2583
8345 4088 5866 2873 309 7586 6750 155 9360 7240 7571 7458 9707 2010 3468 1406 4476 5094 3965 3166 7684 4134 5370 3906 6205 2005 1372 5605 3768 2922 7683 3401 2717 7491 270 4873 7156 9173 951 2284 1698 9148 633 9209 4315 5742 2474 1315 2850 6019 9097 2224 2188 4717 4289 8213 1390 2961 2726 5776 4793 1431 5221 4991 7810 99 8622 4731 3086 3112 3933 9072 1278 9745 5719 8358 2969 11 1347 7085 3738 5107 2684 6223 2565 430 4244 8983 9342 4267 7211 2353 7370 2251 5591 6136 3228 209 4597 1254
8776 8925 8258 8656 5341 4723 3195 1351 8063 4972 5680 6739 3820 9785 9713 1220 2939 5778 7740 3881 2349 5552 7272 5094 3208 8617 3343 9618 5945 1521 123 4915 700 7261 4599 1926 789 6275 9924 7187 6899 3953 1287 4572 4562 1528 6543 9860 5041 7474 3212 2773 8849 5319 4560 9861 9704 8409 2471 9157 6310 4335 7039 4637 7893 9609 9450 2330 9713 7680 5873 1472 7466 4432 5156 3634 1999 3679 5265 5888 6533 7559 4021 6287 9339 3282 6197 2439 1871 6584 4037 6373 238 4633 6352 2532 6781 6937 130 9911
6380 3133 4574 8525 1513 6829 6910 1959 2921 5886 5326 1905 949 4175 616 3893 2348 9444 1895 6377 257 4348 5367 8472 719 8154 4153 2391 7152 7344 4876 3000 1466 2489 2214 9718 7919 5777 6913 8414 3280 6291 6878 453 6172 4549 6410 9002 8594 2210 6070 8114 7210 3875 4923 9908 9571 8922 7984 9842 3354 6195 9901 2476 6901 1643 8812 4921 933 6247 8690 8741 9546 5072 6998 8089 5211 3831 840 8747 8685 6423 1956 8920 242 3956 863 7723 5230 3689 4715 6949 9113 3487 3875 6236 8237 9925 3311 3181
4014 5265 4308 135 1550 9908 3136 1307 3286 459 2015 4706 5874 2587 147 3624 3510 3265 6243 7928 307 2201 4025 3560 8751 1577 8113 261 3768 5983 8458 2843 3217 3039 6522 5949 3458 7864 5918 5412 2133 7805 7020 3152 4482 1523 3017 5239 3216 6756 1058 1917 5577 9103 4964 2156 358 8693 6433 8712 1718 7769 3038 8759 2067 2667 2650 934 5828 3852 2906 5104 2758 8020 2335 204 2774 2077 6915 2925 8088 441 3013 6102 9551 5370 8988 5039 1078 1129 1028 7461 4670 8671 3448 5490 7070 3719 9591 9914
8019 3360 2682 9956 9393 2055 1273 1857 3178 2236 2169 720 7145 1683 4446 7837 1747 1948 8352 782 6619 822 5404 1533 9317 3404 8416 9569 5411 6414 2076 6451 328 712 8595 3915 2491 9602 8382 1617 7949 966 5989 600 5675 186 6296 6920 5108 3026 1076 1949 7384 9746 5833 1346 1273 5553 5958 7581 985 4858 9446 5539 7611 1637 660 769 3244 45 9473 3534 3829 4150 6453 4607 7615 8716 7133 6631 118 218 6944 9954 2163 7304 3983 6910 3002 8398 5739 4352 7650 728 3287 5704 9913 7807 1330 7768
6724 8286 3350 6221 9776 3233 6505 1472 8699 3192 2787 5162 7589 1696 8127 4193 4985 3400 2847 6624 367 2876 5413 4641 6744 946 5401 2819 129 3136 3985 6127 7290 4650 6617 7293 7962 3070 6990 4194 3325 6790 5848 1657 2432 875 5707 9169 7616 393 8746 645 7179 7963 7251 2714 4658 5144 4571 6136 2971 8590 5754 8033 6120 2638 670 2551 4696 5810 449 6639 7441 7533 4294 2644 1257 3042 1631 6494 5781 4192 5188 4617 1439 6467 1886 767 9743 6300 4202 1148 1970 5677 4883 3130 3660 6161 9664 8190
1063 4802 5599 891 7309 2738 7788 7892 4868 9372 8519 47 579 8941 1861 2011 4265 5062 6546 661 6809 7865 6365 3942 1310 1769 1714 6062 4430 1086 181 5228 3069 4159 5527 4514 8126 6445 1537 4079 743 3984 9133 1979 906 1473 1321 3103 1068 3583 5399 4355 8363 4484 4868 8424 6688 7520 8938 7357 9928 5726 15 5789 5986 9075 8453 3348 5144 9354 293 4948 7372 7485 1116 1487 8747 6023 4923 2224 1839 421 483 8688 6376 9208 3344 9425 1119 9549 7575 9815 2598 3102 7149 6149 3751 6818 1260 1679
6097 4303 6082 1720 3604 2188 3644 5282 3013 7009 6089 1800 6954 5909 8303 6244 1897 3137 9575 8734 477 6852 6205 3827 4735 3625 1763 7722 4431 45 8464 6204 4787 6209 1592 7140 7116 6983 7312 8637 5005 8526 557 4164 4910 476 8325 2028 2043 6019 6811 3674 1341 621 8200 9832 8118 8647 2567 6543 3073 4217 5610 2419 7123 5449 6035 7854 770 4867 8122 312 6927 9069 8904 3955 6285 7188 6795 3392 1961 7321 7326 123 2737 3234 7169 2689 3207 1233 6337 7677 6162 4212 5870 7870 9246 7371 988 9365
4350 5200 5947 9477 8673 6261 8079 4832 8984 3839 1578 1166 5134 2311 1441 1771 8246 6488 7107 5884 6158 9842 620 1254 9967 1463 3644 4770 3278 1674 1086 8753 9298 1901 2115 8875 2978 5808 3946 3896 762 3754 1169 6562 8267 6478 2337 2567 7146 522 6644 4355 273 1004 3954 3438 2587 7991 8057 6454 2133 2190 841 4626 3369 9588 5911 9659 7379 1813 2762 7416 2725 7828 1541 526 3627 383 133 5777 7284 2060 8454 8574 9257 2064 9598 9564 5907 6626 5369 2590 6853 6393 3639 4347 8770 4787 7306 955
1935 7494 5301 8040 222 4009 796 7681 6005 2227 6881 8983 575 3692 3749 9163 1348 8451 1098 5779 7134 8694 6088 4591 9038 447 9516 6097 2230 7597 2088 3099 6025 3774 1854 5637 8919 4413 4276 9934 8229 3284 8166 2159 8772 2261 1950 1221 3487 9634 5596 4212 7867 2482 5760 1635 3902 3230 1098 3713 648 2938 6015 8843 6382 4193 8945 1440 5527 8900 3879 318 2631 344 6274 648 1777 1777 3352 9393 710 2718 4210 1966 7664 2380 4330 5508 1651 418 7471 8527 4650 6422 1058 4252 3024 7681 4639 8861
8251 4784 6287 1399 9849 3155 6673 1365 6436 1903 6041 3653 6191 7451 7107 9007 3284 5094 3195 3489 8355 5529 9756 6877 356 1728 9247 8627 3724 9607 6238 1452 5384 676 1745 9726 11 2707 338 5315 3436 4660 7766 1659 3563 1916 1169 1575 7938 4410 7240 1843 2737 5420 3408 5264 7329 3236 8686 1807 752 4293 370 6580 4828 6674 77 9966 8523 9081 226 9011 616 2667 873 7093 9656 9391 3159 8189 4665 9285 9336 6432 3392 5242 6010 1 8723 3960 7608 7033 4302 2919 7905 1006 4804 9471 1432 7994
2037 2390 6613 6306 2802 9814 5248 4736 5772 6053 4734 5478 6823 3286 8780 1511 6810 1057 5536 8067 79 4213 4915 3552 3025 4726 9671 5134 1423 399 3537 2344 6660 4842 2226 1902 1891 3231 4255 9478 1690 3711 3234 3031 9071 4703 8664 2533 690 3178 5169 61 7284 8122 6810 3837 4285 7978 6306 577 328 9025 7854 7582 9644 9906 6929 7715 3245 2580 7455 2056 1435 2093 8768 8487 3454 4895 8633 7046 8983 5896 338 3996 9563 3966 3428 1917 1241 6842 6962 6553 3634 1627 6897 2938 5163 9653 5697 4930
4836 2999 2379 5274 5210 4133 3983 7904 1881 1632 3316 8218 655 6340 6157 5195 4164 380 5984 3859 6012 9772 245 4535 7633 1184 2632 7321 6937 9725 1698 5500 426 755 8735 6381 2061 6024 8542 6606 9954 7640 6678 7754 6759 7405 5821 9106 6609 240 4340 5359 1166 6891 9478 8087 8569 345 7796 5893 4919 6719 7765 8293 1851 5387 2379 8811 3615 4006 82 3158 5201 1881 9106 9281 4337 3771 2529 7638 9021 406 189 4766 5071 9662 4827 4248 3773 7576 1308 8524 8189 7403 5791 5169 5878 1424 7527 4716
4194 1276 7677 6089 3575 8890 8553 2228 1103 330 7696 3800 6498 6630 6512 5028 9808 9674 7437 6015 2119 3846 2691 6866 9246 3592 6620 6997 6083 9374 2747 5233 1767 9644 7704 5697 6952 5462 8646 1107 5330 5818 1308 9573 1920 6200 544 1455 945 1061 7055 8900 3511 9289 9993 3301 795 7607 6343 1546 5038 5886 8683 6914 514 1699 7541 8861 213 5477 2654 4166 7045 8219 8035 2956 4057 2257 8459 9486 38 8450 4575 9208 3008 8637 2460 2828 1927 6786 7716 6620 4903 2135 9067 6974 2041 9017 9512 9515
5009 8085 5044 2444 4011 170 8534 9671 6762 8920 3771 0 1741 7872 4467 3400 2414 1805 534 330 8069 5657 7770 6995 1310 2572 2966 3543 7377 2999 4592 8838 5760 7454 3835 2375 3199 2352 7220 5779 5512 6756 6506 2713 1987 7156 5512 3750 7007 1584 6431 5409 2322 5586 0 2869 692 4112 1904 5361 3476 5322 8947 8530 4126 5836 6313 4204 9903 8607 9322 2207 9018 9470 2774 4475 5652 3594 4890 1778 9187 7627 6989 9678 2883 127 7863 7775 1992 5661 816 8498 6611 9651 6236 3695 7560 9002 7549 8334
4686 811 6739 6717 3348 562 7764 9353 1677 7934 5687 7005 8767 644 7013 3800 4770 2366 2544 5585 8739 271 7170 8027 4779 2945 7582 5193 6597 239 4828 7646 4056 7420 7667 4634 8359 8367 3731 8600 1090 4247 3970 2773 4641 3348 1805 2336 2328 743 4200 1912 5331 6681 883 9427 9439 8362 9128 7622 8065 4890 1901 3568 9530 8019 6422 7323 6293 1180 261 1408 3395 7341 6825 448 9246 3733 7533 588 603 7102 7116 5967 8820 5591 7370 9277 8330 5263 134 7829 9156 6090 6995 3243 5424 2530 570 1650
5178 1966 2903 1942 9610 2251 4330 3328 5511 5616 4685 8182 4089 493 5518 8635 5423 356 1559 1663 2857 2660 9523 1141 4076 331 8985 4412 1886 3451 563 7375 1649 871 7577 7501 5706 6685 1196 7342 5743 2906 4842 9628 6938 5144 8511 8911 1063 9254 6635 7610 2972 2031 9226 7116 4656 7160 7092 9714 6412 5512 846 826 2736 5731 1833 3889 1797 801 2918 8759 7289 4100 2987 7663 2574 3339 2706 1108 5726 2856 5435 9022 7955 7559 8961 4339 4326 4936 4027 2056 6005 1975 1461 9233 5213 3055 9408 1709
8796 5113 4029 8991 6104 4876 4576 6243 4637 3302 9946 8364 590 8933 1827 8706 7699 1074 65 9377 9329 8428 440 9890 3116 2736 5785 8400 5342 4192 402 3926 9637 3589 8496 6229 8214 7758 8033 2222 9874 7260 2023 4339 3470 3911 1916 7783 9954 2883 8884 3781 1635 7169 8326 6516 9672 7937 2011 6035 6278 3747 114 8256 7511 7271 7203 5273 976 3530 499 290 1997 4140 9528 5327 9014 5497 7568 7233 1855 8372 5408 2833 7803 1359 6253 9190 5702 5652 1387 8414 7979 5008 8180 980 7939 7346 1570 7289
3626 2968 5894 9064 4051 3516 336 9379 4253 9717 9956 9119 7835 4553 8374 5841 8105 3850 3858 4395 4204 2431 8923 6975 9745 3592 110 1344 5778 8304 5334 651 1933 3190 7949 6619 8093 5187 8234 1220 8878 1229 502 767 6065 4406 1795 5609 7913 9095 589 2693 8337 7872 4887 4215 8429 7810 4739 7029 8227 5560 4868 9877 4506 8555 2278 3752 7484 5639 5445 6293 4735 3027 9576 6560 9104 6529 8241 5334 5876 8007 7587 3304 1910 4596 1550 6459 8435 7869 5025 5501 3734 7107 7914 6129 1236 7563 3021 2559
1873 6500 1134 3794 2977 8976 2505 6470 6153 4785 2773 9102 6739 4600 1579 1513 8704 3513 9541 110 6320 5457 1910 554 5887 9694 7661 5976 9920 6261 2145 9999 386 8604 4964 2030 5108 6669 204 8798 6895 3592 198 7208 6812 7652 1329 7183 4771 3160 2544 9167 2155 2761 4051 8681 5762 6000 2227 5271 8962 8047 485 9307 6147 8218 9907 8109 1251 6984 290 6291 3432 6960 8711 2307 4232 8452 4154 2047 4904 6134 8201 6070 645 8048 8526 8443 5920 610 4986 7112 4686 1672 5266 3582 7829 4177 1780 7370
1100 4412 8886 1681 4321 8847 3428 7843 7898 9971 6573 2897 86 4548 4775 9221 9085 9021 8149 1850 3981 141 3269 7972 5246 7003 930 9343 5261 212 6636 5969 4984 4488 4400 772 5777 3848 9214 1675 6780 7481 9497 210 3972 4398 5409 9424 7624 7680 5897 4834 1659 1586 9730 7185 5319 4973 9855 4105 2604 1391 3470 7100 9778 3576 1733 7944 7460 6650 5708 9524 3471 7871 7513 8274 2920 5685 2861 2303 3966 837 6882 8658 1305 8229 6983 6576 869 5379 5117 1840 70 7200 4279 8018 4286 1175 8308 5311
5906 759 8867 9079 5899 9816 6073 8641 8938 1677 9754 8592 8872 7505 8439 5788 8606 3256 8289 4277 2473 8782 8181 1969 3285 4883 9454 9671 7231 2021 6236 8738 7771 2355 1213 6590 5350 2761 9542 4158 2808 9639 5359 7697 703 4763 4906 1530 6202 7254 7169 6031 6724 5022 6759 4613 9184 2942 3643 6191 7001 2528 4383 7630 4165 5694 4369 9300 7824 3870 2341 3563 2789 2630 4823 2132 7296 2964 2061 8118 1147 536 1098 6663 2182 5842 3303 5729 4307 1241 3109 6762 1899 9110 1301 6031 8988 4650 9845 8023
7114 5741 2206 516 4595 8157 4434 2371 7687 1669 7616 4892 7602 4081 2161 5349 2378 372 8363 2032 8520 2583 8001 4093 3653 1782 6861 3019 6228 5014 8906 2278 7175 9489 7502 404 7627 888 211 6713 3930 9305 3564 5681 9471 2393 2238 1205 7710 4110 7748 119 9403 3672 4054 1110 5505 9557 3831 2815 6665 2532 7282 4555 8349 9215 4667 1793 4016 424 5298 6377 8336 5035 2463 674 5490 9667 8729 7121 4595 6188 9030 1207 8456 9800 7878 4287 2652 9100 1014 8796 2567 6786 6070 7061 3351 4603 6363 3899
142 3445 3804 2840 2121 5842 299 3897 543 1763 3650 4970 5252 5765 4690 6458 5701 6171 9240 831 9790 3728 3215 7761 3942 5095 9841 1356 8690 8169 1998 5164 5514 3562 4329 584 6837 5674 2357 3073 7887 8974 9607 6679 8309 4044 5838 1160 9308 5616 5225 848 8471 6775 3667 6361 3974 795 8688 376 6816 5847 7329 9187 2041 4295 9125 8775 9631 9242 9550 5186 6558 7759 9954 1908 1689 5045 6579 169 754 1094 4227 5466 7314 3347 6428 4064 7411 9757 5704 4072 6031 3136 9038 3620 3425 1992 1604 1050
7038 9691 647 2493 229 1150 8844 2830 7103 788 5946 2249 5260 8781 1343 3264 7265 9544 7058 9902 4021 5797 4210 4674 1066 9257 6921 9073 6664 6515 6882 6924 669 7332 3465 6234 8438 7200 4598 1609 9773 4328 5924 8312 29 716 877 9713 1704 7684 8721 3648 7297 4356 5089 7002 7589 2266 3091 2366 6422 5534 536 3048 9436 4359 7720 5556 6208 2173 9533 6487 6396 3346 9514 1371 1562 8876 5867 3039 6131 8110 2007 2629 673 6632 2227 3688 7327 3248 5509 1386 7649 7942 8859 9722 1987 9481 4639 9653
6586 6018 1547 3503 5517 537 5752 8181 7178 1155 3065 1197 1259 5942 1169 1245 2712 1635 8482 6686 6920 1263 9446 5812 3112 4641 4733 7556 882 3266 4050 7812 8232 1774 67 2714 3803 5111 3240 7211 8502 6909 1716 3854 6495 3006 3033 3889 7440 3607 5669 2256 2497 3344 7494 4013 20 6975 5387 9276 5680 1800 6290 1158 8168 3600 6737 4396 2351 3914 2302 1284 4100 8198 1213 2371 6335 8351 1949 4979 5399 6791 8527 2137 7639 6897 1007 6235 4533 8595 4556 5093 6368 1255 751 3229 834 8612 7362 4219
6974 2387 240 8210 131 7036 8186 4188 7969 2503 535 7555 1739 9612 4793 357 5153 1326 7519 934 7435 6164 4867 7461 1576 852 2996 1353 8122 9279 7920 4722 302 9272 3482 5670 9281 5636 5304 8118 7755 9456 9187 9002 2942 6375 3782 5506 5950 7223 445 8623 5682 2702 1798 6790 4543 4138 5199 8195 6375 6829 6485 1073 8020 4207 6761 8058 9907 6806 6526 8750 9076 7605 719 1579 3033 9532 5640 3324 6873 6183 5605 9823 2490 9072 6213 5112 9089 8770 461 9681 2290 3673 5271 66 9774 3617 7498 6212
9973 789 8857 7586 736 6079 6892 7521 7184 2171 7091 4708 9714 8549 6613 5722 2577 3558 4673 6892 750 1950 9799 2953 3170 9880 3407 4263 4063 3592 9037 7819 4952 5458 7611 8394 5095 8181 4941 9796 2019 705 1428 5825 8451 6135 4384 3060 6763 3816 2895 5093 6981 3562 6742 9615 5379 6032 5768 1967 1210 4533 664 9515 7468 2298 1365 2787 8979 6260 881 8117 2603 9943 1801 9727 6913 8122 7177 2115 8817 6777 8047 2932 1228 6277 823 8926 3685 5118 8840 3634 4130 2267 4106 9692 7262 5234 5685 9100
8049 9979 2156 7006 8534 1390 9932 1549 1663 6096 5718 3998 1293 5775 5867 884 3267 1916 1614 6761 3357 7248 9954 1378 8749 483 6767 615 1390 8127 1454 9683 709 6963 2156 9239 2220 252 5956 3931 5668 5104 2098 3366 4894 874 1826 4325 5367 2383 6404 8874 268 4004 5723 6564 6682 1300 2572 918 2119 9900 4554 5058 7497 5939 3561 2457 2510 4728 4812 8045 7190 1923 1501 6968 8393 4165 3511 3461 3275 2248 8036 4149 1706 8530 6929 4600 8018 9991 2093 362 2711 3043 9082 7789 9020 874 282 9235
7009 2825 865 1660 5950 7897 5421 8684 1214 7592 593 9857 3675 3940 3301 2394 2890 1406 5648 3576 2165 2196 305 6709 3230 8234 7277 3254 3432 3082 8070 9276 6782 9903 5868 3462 6021 7950 2959 5774 559 1402 2542 9858 6212 2267 6654 3057 6478 9478 1891 3756 9230 2433 3692 8394 7507 4038 8561 5807 3918 3943 628 8653 2139 2885 6713 6175 6940 4477 9866 4655 5687 2349 8391 5105 5310 2130 4665 4724 1005 9717 3654 1708 2708 9921 2698 2918 9787 2274 3630 3074 1350 5586 3305 1938 6287 8012 8547 8218
2316 3241 4666 7849 1084 9059 4265 5056 8318 4013 9811 1983 7634 4332 4993 2440 9005 5204 7579 5900 2642 9086 5237 1984 5503 2694 1901 8155 9172 675 1655 4579 3456 187 3708 2166 8894 7369 620 7036 8732 1085 4727 6090 2103 2049 571 5256 1457 9981 4829 8940 90 202 1748 9018 8833 3557 6777 3634 2718 5919 1382 8122 3396 3532 8408 7929 8797 8894 2678 5446 9631 1348 2073 9700 6872 1660 6743 4963 3959 4735 2374 3585 1947 5390 7112 5946 7869 690 5345 466 4556 8333 2074 1225 8226 7806 3581 3458
2299 5579 5207 7669 7708 9784 9763 2119 5331 482 1560 4073 5883 7293 5818 4174 6542 7209 3522 2244 5486 5125 8822 2605 2943 9343 9293 1839 9097 8452 8295 9041 74 9226 4949 2510 8001 1054 3165 6435 758 4696 3092 1994 7838 368 529 5050 2910 2267 8472 779 7888 2923 3143 1647 8007 2839 9751 8239 6692 89 9272 8240 9003 7030 1815 5555 6494 9051 2261 4100 9099 9188 9647 2082 2553 1959 8743 9813 4930 4965 9129 1095 1968 9057 7151 3441 4516 6549 7875 5338 6175 1481 4279 1963 2769 5191 6697 7414
9757 5578 4193 597 2964 257 5500 4352 5608 9812 6552 7393 8727 216 2565 2089 8002 3040 8821 4897 3384 794 7111 560 3973 4713 3254 8777 4092 3879 1661 4363 284 1401 4598 5585 6628 5310 9732 1533 5026 4281 2516 7516 4458 3142 3735 6889 9578 955 4297 7921 2695 1489 5268 4562 2051 1691 6750 8195 2859 5819 4868 4841 7786 4770 8262 3090 3890 9313 4159 8721 2129 1814 4361 1421 2841 1732 1345 1870 7347 7425 7060 4903 8791 662 6008 9115 2382 5840 9395 9990 83 35 681 3252 6988 8720 7682 3230
5954 6599 4870 3543 5476 7939 6895 9242 4077 5899 5189 3070 5283 9330 4683 9930 9203 3359 1088 1136 4010 650 1523 1581 8139 4506 1801 7670 3215 4973 3221 4951 8975 2148 3247 1363 2711 4599 5105 6938 8117 1311 567 7645 9099 2726 2169 4327 7365 4550 6132 7694 2041 7051 7964 2625 6715 4506 3698 2800 8102 1969 7375 6589 9028 3969 5480 3867 2616 7615 1863 3466 6041 7195 6112 1754 8087 6458 4285 294 1267 9092 5078 8225 301 3160 4804 1325 2994 2811 9110 5778 6468 7682 1783 3793 4541 35 4358 9686
1830 7598 8336 3016 6459 7524 8179 9733 7266 2222 4242 4816 3687 3780 6574 3367 60 9080 6762 9039 1625 7851 6037 2314 614 9992 1544 9197 6773 9125 1085 5158 4353 2016 3222 8612 117 9023 4989 837 2166 7013 1613 4779 6643 7997 5271 3688 8472 9002 9250 6052 7271 4076 3117 5911 375 5280 1443 7856 6282 9837 3847 7156 9921 7096 1275 1122 5327 4844 6986 6959 4409 6396 7861 3032 287 54 7207 4125 7797 4421 3666 1781 9564 5626 2851 6723 826 5688 2001 9186 8880 9070 8558 3805 8472 6963 791 2563
2761 335 2951 1011 4349 230 4805 5627 6273 5030 1510 9009 8377 4202 8948 75 2931 9268 3387 9357 7011 8287 1820 6275 544 9897 9782 4459 2266 9351 13 5437 1648 4084 1102 5297 4791 2242 5165 4061 6458 3577 2230 2475 6827 3108 7518 6074 3132 9590 7001 5181 2957 6275 117 6266 5837 619 1159 7020 6369 5437 6862 4479 4207 2067 3870 9895 4615 1010 8609 7931 334 4905 8230 7001 8599 4096 5125 1866 5598 1977 2863 7530 58 838 5514 860 7649 2057 265 4936 7332 5940 1100 1369 6635 1832 1662 1234
678 228 9599 4511 3746 9830 2168 8483 3019 2465 7347 3857 4974 7284 2600 4298 4686 4687 3158 3568 4618 2498 5177 4742 762 5781 8695 6115 1089 8545 1034 2219 4955 2582 7279 9670 7614 5733 4364 3741 8657 6581 9814 824 6437 9644 2459 2637 9997 2439 6992 4858 8947 502 932 5219 8767 3324 9463 2800 4487 9303 5895 4273 9363 7252 541 2404 772 8617 7868 1865 9021 456 1860 6891 7497 8341 8806 9610 8598 980 5110 5747 3285 6792 9882 3250 3977 4432 8456 4646 4836 7427 6659 473 8270 4151 4659 79
9904 6618 1902 5780 4192 5902 3521 4349 9329 7534 5728 5227 7818 6459 5690 121 8249 8113 4646 2651 9701 1559 9571 5758 9297 7892 2466 358 8038 341 7521 2771 2957 9052 9968 6441 3246 9259 253 3273 8632 2519 6513 8547 9851 2243 8000 296 2645 8482 941 8022 6604 2600 8701 246 3335 6287 312 338 112 1880 7223 6520 2241 5308 9212 8357 1192 7505 4317 1544 8776 5614 5121 8892 5863 3262 5337 7695 9730 2582 1016 1442 6937 4838 4305 236 8758 7791 7017 4346 9318 2784 2451 3910 7270 7072 2648 3139
2821 3915 2128 9031 515 3871 7295 218 9826 3168 6835 3549 5263 5947 5510 8319 8110 8255 5196 1313 4312 9089 4199 1438 9636 5755 2593 5504 3490 6327 1999 5893 1287 9186 763 7087 2147 518 6324 8549 868 4905 4488 3275 1431 4166 5040 7775 3370 264 1220 4799 8201 1816 3093 944 5138 760 621 5368 1986 9135 4553 7678 1080 2975 1290 466 9876 1554 5320 4009 5691 6243 4551 2513 3326 1885 4642 6740 3531 3263 1004 6036 8277 1511 934 551 578 8087 3318 9647 5300 886 9426 3828 1323 4266 9185 1364
5005 7107 1564 5822 4354 603 454 9893 3589 4817 4100 4746 3470 7516 4235 2990 4760 2527 3729 1484 4694 6865 797 2879 5414 5834 5005 1101 2303 926 7459 2771 6895 3100 158 4325 6294 774 4634 6848 4633 8890 6274 3484 252 4141 2686 3272 7596 8674 422 6780 3329 8518 5752 5190 9320 6795 4232 1398 7921 5272 6955 1959 8085 2071 7414 1968 3315 3831 5502 2638 2398 3725 3934 7057 5250 478 6126 2202 6836 426 3049 2510 9465 8731 9180 1288 872 5268 5085 6278 255 4089 2700 268 5975 5400 8255 4148
7713 8744 9826 1607 3212 182 8890 4720 6909 2351 5348 6113 1729 8025 8190 3526 665 3812 4296 9133 8854 4205 5027 7665 4649 4215 7095 3667 6984 6215 7719 4044 3204 8619 1602 4095 5130 4817 5695 1125 4295 6150 4359 2402 4971 148 1993 3087 7743 6657 1466 7959 8608 6341 8726 5478 9647 9774 7909 1397 6192 8273 9006 5070 7638 7568 5872 7449 8110 7439 5863 1235 8366 9520 8225 8133 947 9478 5921 4113 870 6152 5866 2214 2157 517 3479 2552 8141 559 2257 9582 2310 9008 8373 5402 1169 7469 4602 4554
7848 2031 602 7606 5325 1938 3122 2631 6386 9132 4862 2522 3743 7970 3572 2526 2391 8019 2500 7346 8998 5269 7890 6505 2596 8280 6591 9273 9378 6705 6901 7772 2493 8629 3003 1093 6107 5052 3360 752 4612 5673 6465 2375 7953 8877 5063 9657 3815 5508 2550 7658 3720 1513 2604 2447 7827 9678 7772 9445 1113 4837 4817 9085 6070 2121 8662 1684 1694 3017 2396 3619 310 1292 9484 9658 5838 7801 9061 4371 6698 7005 2550 4250 1150 7169 7094 170 4642 2864 8140 914 6184 1210 2254 8386 2468 188 3797 1069
8804 5286 8521 5032 8688 3989 6898 6344 1750 4511 2277 117 5329 2832 9870 4172 252 1544 6878 9220 4454 8952 5311 3463 2638 9009 5786 6009 3564 8763 6016 9491 5060 8663 2748 4899 7442 1806 6164 1986 7103 544 3539 7864 9049 5540 4238 6181 7491 5500 2270 2150 9615 2830 5452 6953 4188 5820 4882 9394 6334 6475 1607 420 6982 530 6378 9543 7476 3639 9685 7917 6641 2878 5653 5333 1791 3150 4301 7982 7827 153 323 5969 7853 4787 5198 2788 3783 9522 349 2327 3261 7358 1230 6744 9035 2866 284 6790
7600 3781 9463 6404 2713 2290 9090 6664 4821 1596 2007 8795 8487 8391 7343 9234 7477 8965 5009 6107 826 2667 2248 8368 3415 6729 4122 7080 8727 5185 3138 6164 7901 2171 3436 5380 1186 8688 257 7425 5938 8677 9618 4470 4298 2364 33 549 955 1030 6867 1456 3047 6996 5405 3756 6184 4766 9362 1276 2755 404 7868 314 9547 4516 5172 9841 98 2256 1549 4370 2668 2045 9387 9581 9725 3124 7541 3250 2456 4077 1139 2753 7158 9678 3852 39 9616 3609 1992 3464 1389 1108 3768 6545 7399 5578 1630 4228
8764 7632 2112 5836 2478 4392 5414 8822 469 9139 8812 54 1377 2297 4521 3521 2444 3417 4760 3742 189 5288 4432 4150 5977 5685 3414 8630 8606 8523 1310 5474 6268 1774 1719 9164 1891 7331 9263 1477 5593 9925 4133 5390 5419 3194 8780 8504 7596 2251 1412 4292 7462 6249 7202 4020 1897 2113 8184 2044 1041 3469 9991 5304 2763 7798 972 657 3830 2131 6963 9194 146 11 1802 4239 2185 640 5830 3393 454 6248 9989 1612 3015 5385 1194 2462 4975 7355 1464 5349 6604 8478 1389 7001 9097 1254 9449 3880
1596 8473 1787 1590 2175 7627 3149 9219 4481 1565 8641 3219 7008 9024 142 6491 9216 5172 2474 8691 9497 8710 1223 584 7785 5170 6057 2013 891 3324 6240 6312 5500 9827 3505 9483 1828 4598 8950 8843 3522 8220 8393 9990 8272 5762 8539 3986 3706 652 5056 4411 1565 6408 6945 5647 3306 3644 3847 1892 9563 8040 1766 494 1164 7538 4893 9869 5908 6003 2607 2971 3331 9443 1002 7467 671 123 4944 5521 1523 3507 7456 2693 2429 1247 5265 1980 4720 6907 4154 1564 3708 4703 6093 2588 2410 1996 1876 9832
984 4711 6261 2711 7203 4790 272 1271 7167 6596 5430 9750 2496 4600 7390 5917 893 2674 9463 7287 5618 2842 4258 1295 3024 1284 6832 930 3296 7274 5456 2434 6884 4359 7776 1433 6879 7079 2266 8819 6416 2003 9643 4507 7302 4392 2936 2402 8545 5511 845 6790 640 2498 9064 7360 8551 7013 2726 194 7905 732 5639 3754 9353 1576 473 2987 4657 5662 954 8690 7362 4885 8791 5581 3263 4967 9823 7529 5759 8725 5056 9493 4813 7314 7538 9394 9934 1284 3489 2826 6292 1818 9766 9300 6249 7886 2706 3862
5141 1796 2994 6925 2172 2693 3420 3144 1360 7862 3176 2084 6068 7980 4267 1523 1155 1861 4163 7388 639 318 6532 532 7971 4107 8722 2161 9254 7808 7450 7391 8624 5281 880 1295 1869 6207 7214 9985 1982 2955 8205 3828 7809 4570 6762 2829 1352 803 81 916 3841 1264 3836 839 1568 2697 7492 1815 9059 6566 2167 8508 9722 4709 4399 5550 141 7940 101 6433 2653 2452 6821 6842 3214 580 8272 2073 1564 8315 1710 5204 6416 9214 3713 6988 6430 7675 1304 2397 1895 3658 6593 8863 8317 5341 1365 2789
696 4594 8530 9623 9763 2234 2407 8848 5554 9348 9241 2206 6290 2217 4893 7822 7642 4662 5463 8574 8092 650 9648 5621 343 5093 4102 5342 4712 9526 7546 4098 4303 1775 1945 8940 5241 6277 1328 5994 4202 3272 4140 2991 5957 862 6932 6948 5003 8916 3162 2268 6466 4208 6780 7611 9232 3016 5351 667 1428 5193 9739 815 1871 7036 2385 8483 5987 7702 7636 5431 5505 4503 404 9622 7833 7077 2097 880 3027 7316 3131 68 3783 9282 7148 898 1186 6332 3420 7828 4713 1609 8548 3582 8238 8660 1720 6235
2204 3633 8650 4494 421 4422 5037 2324 2994 3515 9204 9340 1921 5839 7923 5682 8065 5036 782 7550 6265 4451 244 7521 247 8382 3480 6347 3795 583 5962 5267 420 54 3373 7952 4855 5829 9497 876 9443 9648 7985 6446 6441 8729 157 7181 1376 584 9586 5394 9642 4662 2803 4156 4615 3047 2868 5717 7512 5937 8672 883 5558 2506 7749 5846 1882 598 6448 2552 6089 4694 6038 4598 3311 9214 7040 3749 3042 259 2013 1055 9372 8797 5901 7998 9421 8767 8920 8134 2443 9901 2993 4209 4763 5546 5742 1052
4626 9995 984 155 7403 5332 8618 5265 8941 6320 9781 6940 4021 5732 4020 5966 1908 5229 3500 7107 4612 6328 5285 2218 7871 7149 1144 4598 5379 8169 5699 5420 6445 4063 2525 6669 5314 1390 7337 2903 5566 761 5865 4026 5256 9722 4993 8255 7553 857 4145 9490 8567 1527 9091 3154 3997 2927 583 9910 8581 8387 5521 6763 7130 714 475 6658 6470 4855 6870 6031 6697 1384 2576 9054 3716 2141 7103 632 4032 1536 3703 1241 9108 1842 6107 6679 7804 3129 5018 7767 5936 8955 6485 9367 1534 9236 6088 9814
3716 3476 4721 2936 7124 3508 4606 6137 9256 6392 4213 7645 9437 5123 965 5720 2222 5984 6451 2574 3947 6768 5849 9828 8968 1991 945 8876 603 1141 8369 4078 4269 4367 3234 4622 8958 1128 9939 690 4055 5510 4887 769 2401 1423 6851 4136 8121 9570 6571 6464 9605 3983 1504 6706 930 3242 4021 7724 4381 4339 7197 9746 4283 6781 9780 4477 3161 9351 2512 7901 9960 4059 4366 6574 2036 3530 5091 648 5735 1727 403 6311 2187 5104 4651 8170 1526 7052 5057 165 8866 4151 3971 812 9689 4401 8030 804
8896 7132 1069 5219 145 5325 4032 8997 3725 8073 6894 3980 4297 4119 9645 4007 1460 3261 1704 3048 1305 2517 1879 402 1346 6063 222 2871 3937 4698 7133 1393 9879 3696 4026 2242 6583 7077 4853 7103 5445 6588 1927 9449 1933 7233 8946 3487 5083 552 874 9341 1124 2831 7106 7674 8864 3153 1955 9365 2930 3485 5005 292 3694 6932 655 5529 7185 3361 7202 1291 5299 2439 3681 6216 9131 6730 4797 5532 3139 9622 305 4181 325 6239 3466 7945 6674 2041 7220 5691 914 3095 5337 8049 6589 7405 5691 2799
9150 43 9686 4541 3997 5415 218 45 993 8720 515 1629 5376 411 1976 3465 3725 7887 2859 1008 939 7856 7480 4614 3602 4483 2109 2987 287 1543 4902 9615 9626 2913 4229 5515 2249 4442 2164 9464 2192 7717 5418 7988 409 4250 1215 798 1747 4647 9259 7086 1805 5036 7239 7406 9804 3836 8109 1435 4549 1629 1212 8724 9794 8862 1822 5541 7638 2617 5257 8171 8163 1140 6853 2485 6816 3072 8716 9793 9256 4808 6724 3041 2849 3564 2583 6314 7760 1886 7522 5274 4603 8002 17 4332 1483 93 4994 468
. 843 647 214 716 149 447 812 889 350 363 292 770 452 226 375 214 410 870 644 232 848 86 308 297 916 96 430 262 57 282 444 500 236 764 401 610 134 670 . 8576 9393 7270 8868 4350 3814 8024 3762 7277 796 3236 5541 1260 963 7319 3178 8246 317 363 3977 7375 4182 8112 2789 3279 9599 8531 1912 612 1938 6463 2163 1501 3595 7941 9942 4737 9239 5030 6429 8888 3198 3195 2502 9980 2624 8808 2420 7330 7453 2973 7426 4573 9559 6388 3974 2795 210 905 2642
750 153 2066 3669 405 2438 5748 3339 6312 3191 7798 3675 7444 5419 4388 7858 5708 2382 7809 5614 6020 8970 2032 4276 5872 3497 4392 7097 1908 3606 2888 3385 1762 8826 4656 267 2169 6260 6072 7023 9899 1078 1930 3303 157 6800 5536 1294 5176 128 3236 3591 6890 822 7435 8979 7774 9817 6549 5876 102 4160 2231 915 5722 9067 7992 8314 676 9764 2520 4118 7795 1598 1016 544 8805 3897 7367 3575 9045 3144 7246 2182 9541 2148 4681 7536 7118 9498 8267 5412 1857 8579 396 6764 8652 6258 853 4135
2965 3667 9102 6265 9764 3031 9017 4716 7173 3803 2606 9539 4540 3491 4210 3216 4775 2514 1573 8352 775 1137 4050 1743 2631 2965 6403 1540 3084 822 424 3107 5225 8661 7502 7237 1653 391 444 4014 8352 8717 1726 5792 9198 4905 2655 9022 3992 3770 7483 3354 9381 5221 7074 4067 2695 2500 4772 9625 9872 1312 8973 266 725 523 6878 2993 5528 909 6797 6245 4536 7275 3135 6417 1048 5722 8590 4544 283 214 6604 2812 357 1801 8484 4178 3605 3871 7197 2361 9307 8943 9291 949 547 1932 9815 92
5231 335 8018 3786 937 4321 7173 7465 8516 4238 8486 9941 475 8881 3607 2908 1700 7709 2637 116 4575 1932 5736 86 4787 1364 6299 5773 4861 2954 8527 2745 7350 3899 3017 5778 8967 3532 6607 9928 7571 8496 9436 2731 3280 8107 1980 7372 8135 1343 4321 2132 8412 8912 5919 6651 8337 9111 4011 1403 329 9220 6143 5824 7441 3615 3146 5243 3909 5721 1896 9733 2931 5711 1447 8011 8248 6135 5321 590 5389 3477 9439 4862 8372 9147 2795 5883 940 6482 678 6042 8843 3152 9913 459 9892 5790 1079 8086
7909 4829 9654 1780 8423 3239 6984 1987 42 2034 8717 367 2117 1446 9618 7851 8273 4321 9907 8559 4469 9506 511 5532 9648 743 5529 4577 8891 4184 9704 5495 7247 7249 295 106 414 326 9347 7081 6398 512 9301 7690 6000 3296 2564 1267 9187 1280 3596 32 1247 7455 2241 9105 2838 1468 788 3920 8909 7874 7866 3399 9518 6926 5851 2364 8404 2604 2015 1989 7918 3645 3402 7285 8662 961 9203 5276 7751 3726 6772 5453 5893 8021 9781 2669 3801 4507 558 768 1267 8267 232 1825 9217 508 3347 299
9736 5984 7911 4046 1089 8995 5325 1537 142 955 5758 1612 185 5984 4364 4464 1538 4427 1557 1066 7737 1085 3928 5366 3445 6276 7416 2943 9704 6630 2714 7823 5574 479 4612 2763 9141 9711 8690 1670 7474 2211 9008 969 5655 6624 6758 3853 2906 3053 565 603 4956 6007 282 445 9479 5677 8641 8630 1283 8750 8820 8116 9706 9603 2746 2530 8252 5043 6896 6059 9790 6276 6457 3520 8525 3350 2891 5077 1065 2588 8817 6515 5245 5874 6172 5195 9513 6312 8122 766 4303 6780 2288 5962 6504 4738 7571 6461
8797 9109 4020 5191 9887 3710 2172 766 7667 4610 2225 9101 2740 6916 2580 3541 1683 2981 5430 8604 7252 5031 7583 5276 9624 3395 1883 8885 4410 2022 5487 256 3950 4995 6299 495 4853 62 7665 7083 4551 1571 5184 8743 1779 2472 8152 7289 8284 8336 5974 3732 8940 6927 8141 8207 529 7829 3569 3084 4420 7707 2346 558 6933 547 5964 4708 5004 8231 6170 9505 7896 4037 6242 1368 7519 1558 9931 6376 9481 4428 1380 45 4593 2208 3597 6246 8264 6623 4691 404 9363 1602 4655 6241 214 1541 5338 4043
6715 6306 8305 9586 6328 9827 9703 1895 7382 5852 9181 8114 1773 8612 40 9727 413 5953 7890 247 7929 8627 7275 2923 8142 2850 5444 6457 6902 4708 84 3667 2934 8584 7740 4433 8472 750 5518 2291 8402 3801 1258 4060 2374 6545 9329 8369 3582 3079 1572 4221 4889 3345 8188 5316 4569 3205 9878 8320 4798 7331 8063 6214 3182 7658 8565 4855 6132 9020 6447 6111 3530 1130 4677 420 3950 6960 8479 9219 441 7606 5840 1633 5088 1987 7829 7913 8723 8437 2772 1197 3816 8485 4149 4187 947 9334 5585 3115
6782 7955 5751 3824 9534 1515 9908 5705 198 5921 2256 3003 2224 1331 8682 3109 2069 3618 7723 9275 8431 3504 5807 4458 8488 1986 8224 3746 7235 4281 7451 2679 8634 29 3900 5828 4357 8086 5905 1852 9323 6632 2423 9178 1361 331 8644 5860 5543 5339 7214 4816 6800 3176 5480 4774 978 1770 2151 5460 6636 8084 8112 5640 8280 5512 3675 937 4250 1614 3597 7238 1038 4787 9016 1669 8859 2368 6936 1408 4822 2615 234 5920 2890 476 841 4815 2138 915 1604 8760 3738 4968 4207 5104 9580 5489 4763 9143
435 6237 3382 3721 3980 7269 7770 5542 3870 9468 8938 4101 435 3457 4193 2094 3985 3533 4903 7025 4744 466 9152 1366 6718 1174 7753 8894 5631 2138 9678 7292 3312 5230 7305 7870 6042 9246 7594 2344 1878 3229 4139 1510 1789 4505 4921 9132 5497 7160 2433 3390 7973 6200 5920 8551 2062 7388 2524 3228 2533 4011 1507 132 1790 4823 8227 5356 4453 5374 4240 9059 9099 9488 9715 8339 5778 6762 3355 3465 2369 4564 5157 7871 203 917 4140 4745 6897 7126 4959 1615 6757 3100 7143 6042 165 7221 7037 2628
5681 7441 9840 145 1076 2824 737 372 18 3272 4017 274 4221 6744 6814 9028 8865 6392 9228 6556 9586 2483 8564 8281 162 9685 8118 5205 3181 2800 7047 1514 7753 2448 3205 6828 4222 8394 8062 6937 7190 3903 2048 6361 3514 3658 9521 2395 8154 6342 6988 4736 5063 18 4553 9659 9075 6821 8483 7633 5132 5196 124 4045 9304 6862 2002 7238 919 7094 6509 3501 9407 130 8194 9535 8832 586 6098 1112 5018 2586 4565 1751 4624 6560 101 5767 720 4377 142 5681 8123 9505 4611 7351 5966 6650 6188 9296
2791 1725 1540 6608 7884 1146 7253 7183 525 7460 5622 342 9442 8341 5331 4915 1598 4001 6638 6518 1382 9317 7016 7232 6605 2994 6659 9916 4864 9270 9241 1857 9754 6646 3082 1208 7893 7602 3762 6681 7714 1690 5625 1062 3261 8672 7679 5303 589 5967 4505 5811 1876 8127 2639 4417 5748 125 5238 1162 6910 6612 7643 132 4479 9868 5706 4544 4677 5134 347 4805 396 6463 6199 4774 4085 7872 2181 133 8726 4397 2359 968 7386 252 8065 4130 9925 6757 428 8960 652 2997 3073 7994 8068 9081 1444 6492
7331 2647 1145 4880 5046 357 8705 5642 6840 8341 8177 3477 949 957 1079 5263 5734 4929 376 8858 3967 3423 280 1571 8176 8671 6257 9568 4180 7719 5835 8333 9061 1219 870 2919 2693 6293 9986 7672 2188 5013 7790 2696 4688 9534 739 7785 2382 2869 3002 7062 5270 1028 8175 9751 4777 1526 8267 8229 1357 9372 9734 7417 2753 1874 6547 4958 875 1056 8443 4723 1419 1365 3200 1543 9244 6018 6063 6006 5661 6622 4324 3001 2579 9196 9366 956 9170 1541 9574 7448 457 8567 1824 2970 9416 6715 2363 4104
7347 1670 6633 4455 7476 2927 8909 2037 6553 5784 3308 8713 4261 7142 4306 1023 3482 4922 9006 1334 1352 3297 3935 1740 6547 8234 5860 5817 645 7209 1498 4391 9910 7670 8978 1877 6167 7794 1547 5538 4590 4281 6009 2855 3573 2363 4967 4148 4249 9622 713 7670 897 797 9125 2966 7775 637 4723 9431 4339 8955 7798 7395 4021 6738 423 1786 5978 8673 3080 3608 5062 9336 9290 4632 2113 6665 7163 9353 5164 8490 6424 4783 8707 4453 6603 5991 3376 6583 8028 410 6231 2857 8194 7186 1052 2631 8896 4492
2673 5543 6984 8711 5112 8760 9492 843 5085 5822 2569 7143 6562 9161 3742 5412 2986 9376 1262 4121 1909 988 960 7037 8824 9635 4898 9383 3647 7872 3986 3387 6431 6957 5282 5505 6690 4248 407 4346 8335 420 6158 2630 669 4079 6576 8328 6936 1706 9003 3836 909 6213 2376 7748 5579 7796 5553 2199 740 9717 311 3655 5570 4862 5300 4395 5595 1550 6532 8789 2490 5669 4992 7060 6395 7054 704 8611 3851 1246 1509 4034 6268 8576 1308 4578 267 5796 4994 115 9161 9960 2963 6169 8835 3064 7939 4177
8664 1006 9438 3881 6355 7740 7404 5021 9592 6481 6176 3599 3056 3376 7564 8489 6418 4423 2883 2068 2740 8492 825 634 734 7290 2622 9616 6759 1701 169 3436 3980 5694 6613 1405 9474 3179 2644 2019 1459 1257 3400 6222 1502 2552 1820 871 113 8008 4925 8933 623 3443 6288 6486 3548 3977 3236 2027 1039 2652 5139 3283 4370 1851 4686 1312 2984 6595 1304 5543 3612 6896 2985 5647 3685 3414 561 1187 996 2129 2012 527 1904 7436 512 3440 5247 62 1175 6268 1170 5805 4388 9120 1745 156 6530 919
2543 9967 8308 8651 8575 7874 1742 1746 2312 4174 338 3909 225 1252 9819 9209 3782 5503 6024 3589 6140 6880 245 2647 4551 7414 366 2553 5218 7533 6690 1144 2173 2361 2071 7562 4862 414 7426 2397 6782 5280 5078 4498 6076 4806 7031 6326 1132 652 4528 6054 2883 7290 9488 5957 1053 7044 1588 1687 8740 6190 764 9661 873 7907 5839 4929 3969 2009 4197 9613 393 6279 1293 5444 8488 8597 1317 4390 3327 8135 4721 4757 6268 4763 868 4813 4934 3283 4505 5967 5643 352 7599 2896 302 2241 7426 2171
8919 1454 2467 36 2912 1997 9413 1218 9911 1375 492 9006 1361 821 151 6155 6633 9944 9544 8263 935 7504 7542 4919 6460 9487 2684 235 3781 6830 2329 3280 3912 8603 9469 2002 2615 80 9774 6350 1823 8422 462 5763 9408 3350 4331 1592 6113 5342 5986 93 5829 245 3012 1094 6444 8315 6286 7855 1159 6782 9600 7245 6493 9362 770 4643 9044 3241 5166 1561 5523 9970 791 9036 8831 6605 7271 4380 3083 2929 3068 7756 1940 2937 8100 2863 5571 9976 6095 684 5972 6739 709 8874 6296 1252 413 7516
5755 7791 7835 5021 5879 7270 1211 5202 1315 561 7333 7716 7882 2734 4299 5951 8005 8100 2202 602 7991 896 2326 1404 5192 5602 9898 9165 1839 4407 5150 7568 920 9402 1104 1845 9187 2054 3919 731 106 1686 1207 2477 4133 4252 2773 1295 2103 9291 3639 7832 755 5601 8821 8521 9220 6286 7270 9371 5377 211 6472 6251 6453 5161 1994 1765 3033 70 8516 3924 1571 5160 4230 37 4131 1482 7200 9466 3868 2596 3552 8003 5677 3491 4337 7857 6480 5090 2460 8512 1400 2208 3686 1608 8494 7306 3123 1991
7681 7347 4887 2161 5575 4021 629 2479 3745 1484 1506 9046 4647 3304 1093 75 2306 6714 3632 9003 1420 5305 3136 2362 1094 3925 8509 3785 5261 192 6452 6860 590 7265 1435 1060 6088 940 5916 806 7980 457 6815 894 7681 9971 7518 2372 1710 347 3856 5310 9932 4232 2743 8280 9026 5132 6479 62 8428 2158 4692 3557 7702 9510 9960 8272 1778 2825 8153 9441 3123 2885 8868 1433 6559 2179 7507 2887 1398 8650 3742 7055 9365 1008 1576 4034 2123 6265 7357 6486 4242 805 9116 8228 55 568 2334 7109
8481 4984 941 263 7200 1494 6127 385 6947 9194 1248 1365 4615 5304 2085 3961 7628 2335 7723 3934 9523 5991 8373 5136 5890 2983 7480 9601 4018 3282 474 8023 2984 2731 665 4748 9979 6408 2253 5271 2896 9067 5294 9338 5840 6420 5459 6591 4803 2307 6273 6579 1847 1569 3109 9441 1315 6357 505 9634 8881 4587 3368 2490 8985 7550 2177 4463 502 7596 7873 9711 2483 1220 8636 3609 4396 8616 399 8212 5436 4976 1167 8558 9302 5450 7764 4056 4639 440 9285 7787 4954 759 7718 6011 8834 4261 5427 8574
5056 1919 606 3663 9046 3242 6067 7497 893 2385 4851 8806 8318 6406 534 4245 7077 669 4091 1760 2012 831 5900 141 7468 5562 7405 7489 408 9043 1202 8870 7227 8653 731 2303 5939 1284 4419 5658 2620 1496 8097 4473 756 3358 4849 1712 6155 6113 5839 4545 927 592 3548 187 6685 5722 6715 9409 9769 1199 2544 2150 7945 3452 8855 6022 567 9412 8174 6708 8030 7686 677 2074 6782 8338 4423 8871 7275 9941 6707 2124 5320 9968 7314 4365 1462 430 7236 3212 1537 3250 7791 2673 3527 7383 1827 8359
1932 3388 4240 8025 333 1776 5994 1640 2418 1618 3820 7537 1598 8039 4704 8701 5502 6531 1070 3325 4894 9468 5080 4004 5735 7508 8095 7084 759 560 9243 753 7929 9205 1509 6106 365 6234 3733 5622 4976 4602 1156 7166 943 7265 3722 7596 6391 359 1381 5868 9698 9212 2536 8715 1357 9658 7579 5826 5454 7469 402 9811 9360 9898 6506 7373 8383 7940 4465 1485 5197 9802 9950 649 8749 3190 7349 5304 1855 8637 9684 6280 6016 6416 3581 9652 5583 1473 8816 3685 4344 4825 2254 1682 756 8922 4847 3238
3471 7034 5542 4429 5956 6209 1304 2630 8558 7459 1964 308 5645 4904 3626 4749 3449 7788 3040 6026 1998 7200 4315 9742 3297 7547 5930 546 2629 618 1298 1305 1179 5898 1334 2986 8236 18 4492 4828 5587 6506 7772 6434 2281 6829 1320 9685 3610 6368 5848 5357 6116 2385 5156 8168 5742 7116 5552 11 7695 3308 4731 2941 3300 8506 3942 808 2532 8307 6861 6542 7134 3134 1578 1030 2305 7316 7635 1981 3185 9672 657 8360 9812 2516 5144 9759 2422 4086 5111 1613 841 3868 3602 4799 2029 1017 2824 4628
9657 2975 783 3961 6719 3959 2665 9808 1201 9736 5238 8590 6312 6472 7413 353 7607 5370 4279 3181 4679 2973 2294 1383 7752 727 8501 3173 44 4602 4851 9776 9377 3773 647 6005 2421 2037 7936 4212 3905 4275 4952 4622 1725 4061 3745 3220 633 3323 9155 6495 2023 7214 2866 9184 337 2413 2041 5975 9729 9158 935 8768 6338 9360 1464 7134 5957 8345 5036 3742 8060 2287 7219 4073 4618 3004 960 5154 6652 4834 8439 6168 4909 9275 3871 1945 4776 1452 7768 5284 8313 4129 6043 215 2153 317 9982 8285
7119 5393 2468 8440 3461 8467 6862 7658 1819 8258 6135 7324 1964 554 3626 9152 2881 5936 1598 8684 900 1032 2842 2892 5497 3364 1954 2599 9805 9358 5630 6477 492 7347 4881 6196 654 7489 8202 1568 9892 867 1040 5966 484 7218 5440 5717 9004 1859 3405 2188 4460 294 9379 2437 2161 6125 5906 2548 568 9378 5932 5353 8253 5112 148 8004 1562 1617 7897 8819 541 4611 5533 7773 4944 6685 3579 9576 6728 4653 9606 6903 8582 9373 4256 7956 5192 3630 7682 4048 314 3423 3208 1096 550 6442 4770 5797
8020 2700 2465 976 2687 1740 6111 5910 1307 6502 641 4910 6823 8293 5318 3204 1448 3046 7751 1618 1084 584 3139 3195 5731 2235 2695 4392 9771 6385 441 3310 3853 8896 7879 9086 9087 9826 9725 9544 1839 1111 1998 6265 766 908 8221 3809 4597 7057 3013 5451 4930 8920 4935 7222 6368 1275 8997 8653 4060 936 2911 1635 7641 6759 9334 4013 881 2417 9165 5273 299 2599 9939 3397 928 5545 2827 4475 2799 344 566 1992 6754 8185 2575 2635 2975 6176 7029 5537 3652 4364 9205 5137 3119 8433 9918 9609
1729 1253 1118 8766 1361 1314 7929 682 7543 4612 972 7243 4564 7373 2386 2638 9105 1571 8893 4556 8670 7923 8327 2100 4675 4731 866 8587 1112 8703 1415 1356 1354 2 5760 3745 2875 1317 6290 2111 935 5304 30 5070 7541 9203 4202 8959 8556 5933 8513 4620 2803 2362 2990 1505 7603 2995 7373 1440 3849 6997 8197 1349 6547 3829 1508 8800 4805 3447 3717 3013 1842 212 4406 6578 9103 9309 7210 2655 6106 6871 9740 8751 7860 3518 9133 9888 5241 6911 7508 732 4375 6663 453 2150 4821 3082 3899 8831
967 9183 8320 5834 5050 8948 493 8397 2690 9071 2891 4670 9863 5832 1432 4241 9070 3001 3776 3676 5946 1006 4765 1574 8463 404 6511 4957 2004 7746 2108 7475 8180 2122 9534 3324 8615 4409 7899 1825 799 7943 5241 1629 7801 3520 2114 3986 706 6563 4453 4126 7940 382 3443 5725 4234 7991 1873 3032 5671 1788 2016 541 6541 2626 8654 2757 3502 68 1682 3079 3968 4199 3081 1929 4414 3658 5065 5251 4011 2273 7637 7436 8893 4357 1845 5962 2048 2696 2186 5435 4136 6012 6842 151 2205 1868 775 2873
5635 7382 5983 925 2139 2954 974 7821 2159 7169 9709 1801 8501 3467 1427 7988 727 1149 6198 9443 248 7645 8222 5758 386 4219 7252 2127 6083 2331 6073 4888 3436 2110 5923 3117 4326 2061 9102 2399 2070 2054 1440 2335 8299 7624 6951 3368 4132 6181 6171 9749 2675 5375 8888 8471 7398 1934 3776 8866 8597 6555 6037 6692 5013 8999 5262 376 6891 6773 7202 2928 2039 659 3558 6889 4756 6291 5174 8280 6623 8112 76 9784 6471 4885 1469 3559 5136 964 7321 4184 4744 8331 2991 1178 1703 3691 4221 1211
2741 5339 7460 2802 5315 9428 4915 5010 5953 7094 5360 2715 1680 359 6099 3095 7447 9603 7975 224 2544 1399 7765 5720 2874 6560 3443 2809 9198 4480 1480 2164 2415 7162 3828 5748 1847 464 5272 1834 1901 1984 6261 4750 8114 3699 5036 2574 1782 8670 1081 304 6485 6063 3482 3340 781 7519 6846 1114 2606 6904 3897 682 767 1358 2868 2756 3134 5065 1300 4420 539 2224 8478 7355 3452 2380 7119 4321 5432 1904 3229 8815 6601 5559 561 8963 1816 8167 4199 2971 6174 2574 1454 4029 3248 4021 6448 2981
4535 5933 8947 5096 2256 331 445 6882 7089 4421 8835 7769 3565 4677 9658 7684 6949 937 8553 4606 4308 2561 1922 7382 1968 9548 9136 452 727 5173 6132 7499 3466 728 105 3070 5156 2618 5289 2903 6967 610 5843 5797 85 5364 4339 6085 4050 9102 2581 8333 8606 6303 8987 1542 5936 9281 8542 8801 2558 6106 6666 4477 6391 7880 143 4206 8990 2446 7912 7269 5082 3386 7076 2643 9716 9646 4724 9146 8684 5593 1462 2800 4150 8124 1790 119 1449 3864 8451 374 8396 9718 1990 1500 6516 7111 614 6240
1437 9018 1907 7242 372 8312 1237 58 5464 1659 7647 9470 870 8248 885 5528 7548 1457 536 414 8556 4665 5413 198 4316 4644 2533 991 8365 8750 2260 9969 9923 5339 4123 2023 4971 6172 4686 5426 4265 5669 3788 1760 3343 1299 9978 5516 1893 3032 2924 7955 4367 2783 9189 6442 8801 3064 3722 194 6973 3600 6754 9848 7494 4489 4688 3520 3280 1618 2569 804 6975 2553 3144 9566 9469 9050 6406 2867 2288 6505 3258 2340 7726 6501 1550 5905 3296 4597 8651 3022 2849 2271 3948 3660 1370 7453 3649 4457
9733 9920 7627 9033 9185 5694 3152 5019 1024 9830 8117 6855 895 68 2147 127 9112 4552 6420 3987 1001 8870 3036 5010 8267 5883 267 291 8032 4797 6012 2844 2763 8842 1050 2123 1891 3979 3290 2467 6757 2231 5780 589 6161 6565 3121 9494 2603 769 235 2551 6980 9935 3342 7744 6324 5644 8333 1895 3283 8270 4353 7501 9022 4062 1155 4300 750 1975 7523 2269 5277 1487 8384 461 7016 6054 9056 5185 3855 4787 6095 9596 2255 3757 1374 8559 1483 7939 7257 9062 1606 4014 9286 2012 9375 7921 9099 9319
5759 1600 8669 9980 5461 7059 5809 4906 4962 637 8651 6346 2223 5911 9614 2365 1710 5299 7653 6336 4018 1757 5639 2122 9031 8482 1595 9076 7152 3088 9373 9256 8944 5303 4026 8928 6279 8225 4188 8359 5370 8238 9005 4165 3666 7897 6501 8410 8856 9819 9657 9957 2428 5235 7607 8403 5666 8534 3977 9003 8939 7492 8102 7444 2294 222 57 6828 4239 9367 9514 519 3656 2081 6315 2194 4169 1472 3617 8766 5835 973 1306 2853 1880 8941 2702 2209 9789 3148 8341 4543 9189 2131 7366 7147 4000 445 7453 2256
1099 1213 2340 6779 9141 3307 3985 1545 59 2968 5750 6224 7591 9943 7950 9720 5632 9652 6200 8976 3659 3637 1627 7481 2071 1791 3157 5947 8826 8408 9030 8267 3660 7251 3020 8858 5326 5083 7167 7536 4376 8314 5577 6302 3577 9190 5458 9035 7100 4338 2899 3777 2872 1697 4193 7508 3756 5688 909 2045 7388 4311 1044 4230 3832 8646 4178 9936 6905 2267 1265 6697 8695 7723 3770 221 4819 2845 9430 9131 4121 7261 5430 3427 3297 2327 5255 8113 7267 4653 7557 1041 2148 3441 2985 2394 8316 7427 2174 7263
2581 287 2367 6960 9040 6573 9747 4088 9881 9458 9289 7044 2255 9585 536 4320 819 3237 6466 6353 2328 34 4484 1452 5827 4871 5669 5103 1901 8197 8019 5416 5155 9991 4145 2362 8612 6356 1439 5470 4947 2137 4229 6982 3550 799 2242 487 450 5034 389 3504 5670 8912 3010 8998 9834 42 3437 9671 8552 1653 195 9730 6458 9170 4089 1929 733 4200 4618 4872 3786 935 4916 2852 3637 2944 9315 9090 6145 6215 3433 6388 6589 8149 8498 610 3287 1792 3171 2537 5510 3881 5280 7656 9575 2725 509 4503
9624 3764 6395 9549 2954 8696 4896 4723 8509 3690 7462 7046 4123 5976 1779 5048 8597 3349 8603 4086 4934 6056 9346 8853 3891 7278 496 7536 8823 7983 9396 3102 1808 4891 4572 1880 2965 8965 9381 1860 4808 1517 3800 3112 3311 4283 8166 366 1167 2479 9951 3418 5741 4048 5441 4494 3072 117 3408 4039 7774 4094 168 1791 2015 8077 4283 2372 599 2129 1783 6608 700 2151 4245 1872 3140 7380 3713 4595 145 5122 8585 1436 4838 7666 4436 6630 3970 1420 6927 4930 3468 637 4988 565 7408 8766 56 3086
3866 6143 8679 4079 6083 2202 508 3844 610 5758 4228 1788 9753 4691 2275 4115 2024 7772 2093 8181 7787 2108 9362 3976 6854 1606 7994 7764 6098 4143 1940 2967 8701 2015 1681 1219 4260 2789 6112 4130 5310 723 5431 7474 9238 4205 532 5278 8428 4053 5186 5347 1451 5566 5651 440 6620 2074 9888 3472 8442 4274 2456 5897 9121 8609 8099 8309 598 472 8646 8634 6621 5953 9512 4881 2920 1794 5943 8237 1238 6055 4874 5789 9498 9127 1644 6221 6475 8528 160 3004 9738 9997 626 3391 3735 364 7861 1476
6098 15 8328 5838 6217 8765 4044 9611 6202 4979 7031 6708 8246 1182 6667 7881 7063 3028 9939 8387 3492 4637 8331 2261 5502 1220 6417 3218 4974 7403 1333 7374 9791 4774 4912 280 2765 6933 6943 1407 259 9341 566 7756 3849 6262 8976 9525 6221 8728 7423 3875 8887 4621 4519 9042 1382 9953 2260 1384 2472 504 1197 9871 2358 9171 6537 9091 2005 1387 7492 6138 1143 8768 8995 2191 497 1243 56 491 4762 1599 8467 9307 5709 9278 8216 8655 871 8452 4918 1743 7821 9607 2009 3883 7451 426 4802 5242
3784 4746 7706 7523 7434 6047 7902 6807 1849 9612 4937 7009 1598 8917 9619 5786 8385 4708 4269 160 6839 7031 5643 9930 4107 3469 419 0 6420 1874 8232 3112 1982 4487 9685 2632 8341 2964 3397 9795 9725 7745 806 4857 4800 6123 4489 540 716 8369 6013 1699 3456 7284 2543 7273 7428 3919 7580 8154 2143 7690 7985 5141 9112 7077 2765 1684 1296 6207 1127 8709 2604 2091 3763 4475 794 8796 7876 5008 2756 9620 609 1316 3900 2997 5279 8252 9001 9930 7589 4436 3405 8103 8542 3274 8399 3325 2658 7844
8229 874 2947 1189 6970 1377 4118 6254 1045 4717 8054 4698 6259 7074 181 3622 1479 2754 127 1806 9459 4178 3522 4255 5478 6716 378 8461 524 9351 7291 5726 1502 5390 4449 4592 6369 9437 3760 5809 1534 8598 8391 7718 7579 3925 6189 948 7994 5914 9054 9794 5577 7719 7336 5870 1306 7119 5496 8518 4858 4238 642 2875 456 9925 3671 2528 8215 2256 6036 9647 4003 519 825 4786 8236 8007 5070 8564 1761 1270 856 5355 8108 6434 8126 5050 6613 1840 2222 7122 6873 4072 178 3264 7063 8531 9231 3704
8015 2947 5486 7593 4527 143 1704 688 99 7387 5760 4060 7556 9804 2288 9139 5021 6949 9665 7857 7453 3306 3175 1720 959 7366 2674 5632 405 3786 6177 4061 3891 874 4852 6406 854 1937 9681 4946 7572 3870 3184 8285 153 5604 1740 8139 1990 1257 633 7785 576 8038 7161 8355 9329 2993 5290 4627 9552 1540 8515 5133 9855 7740 5517 3502 9113 9927 2299 6012 9473 3970 1341 9874 5440 724 3468 8813 7187 7817 7920 1329 2800 5656 1384 6700 7062 1077 3872 9544 546 4302 9491 3787 7372 1256 1640 503
3629 4094 4898 3742 8940 8498 331 6125 8583 4714 481 5020 6062 9352 1892 5773 7837 3566 6855 702 8829 5034 5118 535 9045 2780 2996 1044 2387 5387 5578 8508 7360 587 8433 6489 5497 7630 2773 6866 953 9398 547 3695 767 9953 4392 5908 5929 553 1627 8196 3961 9303 7116 1330 4976 1452 5803 8092 9532 7463 2347 8914 4078 7368 1084 436 4238 4788 7814 9065 8470 6679 587 7141 9572 5069 6240 1750 2456 1268 6695 2441 1548 5766 8456 6014 4943 4858 5017 2003 4372 2015 7796 7439 4554 1049 196 5754
9 4010 295 1353 9945 695 7156 5364 1797 9913 139 856 4918 6196 3824 1016 5448 9786 6310 4021 5270 7904 5496 3267 4765 8864 9445 2631 4015 2271 9484 4626 9840 7370 1038 3618 6923 381 5432 5553 9098 9165 455 4331 440 4675 9275 5052 7064 9291 2274 3938 8511 740 4908 4849 7463 462 6587 8172 9070 6188 543 358 9527 7974 1512 2521 3403 3053 1904 8449 8482 7894 8525 4744 3525 4471 8120 1109 931 669 6744 3080 2544 2125 3713 7782 7687 6337 5189 5129 934 679 8656 5343 7382 986 597 3511
4234 1578 6792 1845 1831 912 8442 5423 7864 8768 5610 5212 6217 1208 905 3560 5264 3433 7105 5770 3621 872 3884 3228 142 6571 9039 9537 5903 9670 6602 6137 4233 6249 491 5787 7600 8633 6067 6398 414 338 4305 8653 902 4471 5985 7343 8389 1314 1043 3516 9144 5514 3617 3808 8483 4336 9950 2647 5528 1572 838 6929 6045 9691 3000 6960 8628 2673 2329 8519 3958 4272 2907 7656 5971 2935 5535 1490 2426 4802 7608 4311 8735 4083 9968 4867 8333 3525 1911 6857 3784 2395 7891 9485 7895 946 7638 867
6459 5476 1605 1582 2169 2319 1943 9499 4730 7044 3883 3992 9100 7292 4417 1492 7439 3630 4488 2062 2959 8458 9396 5940 9481 5724 49 294 9166 9036 2792 2793 4815 6990 5200 5948 1632 5972 2133 9324 4099 7345 9378 7662 6572 7987 4680 1775 8000 7826 3309 2074 909 842 6174 4817 9761 9257 1427 2949 4998 1041 2984 9518 1104 5602 5792 3231 7412 9902 3491 7970 9004 9668 7186 8032 6136 8144 307 9716 6190 2031 9420 1115 5930 843 303 4585 6627 469 7322 2478 2649 6373 5117 2580 5678 1265 4605 4332
4891 5173 4939 4905 2544 760 5103 7781 9751 4920 3046 1133 5850 6681 891 2309 8758 9747 8859 220 2862 6114 9813 9888 4899 3002 9365 7016 6136 1741 9613 7508 5890 8044 6259 1702 4359 7293 5596 2757 4366 525 8494 768 6375 1280 4051 8472 7720 1941 1978 239 4426 5944 9577 2783 3098 1321 3644 1088 5884 6484 8441 4245 6571 9688 1984 4514 9107 6328 3486 4345 8736 4541 153 2381 5069 125 6114 8198 6439 3653 5107 7503 2070 5707 4277 3187 6149 7229 2151 5391 9640 9264 5322 9095 6705 824 1487 3721
1134 4335 1119 5129 5738 9807 483 5857 8258 3161 2002 5228 7049 3175 6569 2415 3097 8196 7858 842 2897 5995 9794 3144 2725 4032 3072 6113 5321 9204 9300 7617 4095 4086 3003 1754 4465 2153 8681 8722 1166 1968 119 4809 9000 2677 1948 8316 5414 8364 478 2861 3422 7587 6822 5670 5529 5540 4419 3253 930 6311 4823 8416 7560 5134 8707 1848 2973 7556 4023 5061 6496 8670 9350 2977 7363 7197 2621 386 9769 7771 7573 9303 2467 6150 1123 3654 7752 7612 6349 1632 1764 1472 1739 2093 2198 7321 6548 8865
7688 3776 2069 3493 2126 6779 7860 2954 6102 6620 1861 9602 966 6178 9570 8747 3019 2120 7856 9239 7619 4255 8624 2782 4920 1208 692 1303 8200 8446 2255 3930 5130 4362 4067 7478 7577 1764 7538 328 5569 163 5228 284 8729 9664 5355 243 3168 6020 6181 5682 4021 6682 1092 546 4561 4675 8059 1980 8864 8011 7579 8993 2793 632 3149 9951 2570 9028 4577 8287 5580 2492 273 8477 7035 5407 6992 5565 5521 2279 92 9927 4489 1912 4022 3570 7409 920 1673 3583 3346 3664 3002 2316 4870 5720 3368 7244
9783 3826 7485 1538 5057 9379 8658 6245 9237 446 6250 8152 8132 5790 1921 8353 5072 9356 3263 479 447 1552 5831 2560 3318 5949 1282 1235 4379 6275 246 3558 1973 4620 323 1312 507 1719 4439 8821 3202 1846 288 1887 4302 1885 2419 3818 5061 1170 5324 4171 8749 2457 6097 561 8334 498 4690 8427 1020 34 3613 1165 9585 1279 680 9219 6853 1816 4441 3812 3036 9126 8899 5841 1599 3757 4061 4297 2882 8910 1987 8477 8648 4109 9244 9034 9563 7626 2358 7101 3245 863 1934 6635 9294 6253 1954 924
1277 7755 1305 5084 3221 5719 3530 4907 3923 5811 9878 683 6486 2990 7668 6159 5035 9077 1391 3870 4653 6916 4962 666 5165 505 1310 3026 9117 4120 6930 4986 4756 8259 9015 8509 5912 3889 317 64 2670 793 7420 2087 965 5981 8109 3378 2260 7018 8748 3231 5086 3318 2856 3466 3295 3134 550 1203 7022 3897 4223 3714 8029 8468 831 5641 886 5547 241 9314 8878 7802 5944 8731 4035 7952 6688 1424 4174 9919 7904 898 4594 2307 9408 3787 7179 5236 9528 5286 8308 8966 1485 7174 5792 1790 3762 3038
7160 9879 1784 5072 4410 5483 8081 3459 7 5992 4618 9494 1228 7842 979 3177 3450 7892 3906 6285 8303 2553 8418 1108 9123 3879 4878 2643 3825 4439 9877 6070 7070 5625 3361 9962 1410 1586 5611 6638 7314 7006 5298 3590 7552 7509 7458 5269 2317 1799 2535 7502 8171 9607 3248 5079 9334 2575 8101 4270 9476 1779 9106 8112 732 4390 5195 352 4986 3649 7004 7668 2385 714 2247 6672 2499 1624 2884 8569 6215 2101 4145 2866 6530 2660 2266 6921 7105 4405 6375 6785 7634 1248 246 2383 8004 6290 5302 6177
1240 8786 7372 2779 7898 2730 9913 9567 4725 7742 7776 5161 2462 757 6672 826 3623 409 2925 6173 5869 4287 73 997 2035 7636 4328 1753 2 7436 8519 9887 8891 9386 7513 6685 5398 7624 133 1931 9352 3864 2975 114 5709 4028 7692 928 6252 428 8706 1684 6259 8065 8349 6649 2700 742 8406 3950 590 4014 6348 3969 7110 2604 7398 6782 580 3248 4318 8186 4515 1893 323 4464 7228 8917 1669 8065 8279 7148 5773 924 6714 9349 2612 718 5155 4903 8276 959 3893 7932 1171 4521 3446 7468 5695 4693
2562 8684 613 3995 3349 6701 3720 1006 7697 4638 8457 9843 9707 7061 8063 1591 1425 2814 4686 7665 994 1335 94 7504 7075 8312 6386 3425 7890 1517 103 6956 1399 1039 5901 7008 4866 8705 1564 5788 7286 4156 3382 991 4749 2751 6006 1419 4158 412 5462 9947 4773 6658 2724 6689 6331 738 5456 2297 8969 8679 2386 9150 2461 7383 4704 8698 4294 235 4361 817 6055 4537 7086 9607 2123 2736 3188 2647 8503 6113 474 1954 4777 7501 7873 6577 8283 4422 713 9224 2862 4988 8054 2646 9286 8102 834 4656
7212 7256 5304 5551 8994 2563 3144 6308 1774 4579 656 9198 7974 4166 1734 5779 39 7674 7069 6589 1101 6485 1561 5701 4852 5332 3443 9020 270 9347 5752 41 9724 9540 7704 7789 9218 1794 6166 1553 5949 2348 1006 5640 2427 9899 1057 2007 2120 8979 1415 6644 3216 303 8343 7931 7160 6245 6994 1657 7492 3192 7768 3931 1516 511 1618 1529 1581 8126 36 4409 7530 2114 5434 974 9059 2855 8165 5577 6582 2801 9237 6851 9708 2814 6112 2700 2740 9748 1044 6366 617 821 879 4139 147 981 9059 5454
7447 4505 1185 9586 419 3042 5201 8435 8767 4203 2078 8365 6543 3146 2861 1305 9151 1596 9337 351 3914 4799 2116 2484 1136 5309 8567 5 9652 9051 3474 5815 3190 330 3251 4490 2749 7210 673 2639 636 2393 9399 6831 3594 8943 4595 2786 1342 5770 1869 9900 6449 9437 5936 3789 3856 7243 9344 3437 9791 4271 1680 2747 8580 2185 1600 3010 3622 2760 9709 4203 9919 7748 259 9230 3582 2490 7799 3006 4731 725 2312 9053 8429 2636 7203 3390 3178 4860 7376 1637 6477 301 5387 2122 5796 5745 2368 5659
466 1467 9622 2391 6631 925 4178 2020 7056 2117 8877 335 1523 4346 3037 7771 779 5112 3642 5199 2625 7246 4067 838 8481 3705 7602 4111 6960 5900 3442 9546 8648 1944 9231 5756 7807 2374 6325 3267 4344 8433 7751 3057 2932 6774 1886 9783 9518 5816 984 6209 4573 5485 9242 8843 1730 6073 2286 7783 5920 1511 7990 2086 4165 5412 1299 3162 1138 9823 1535 3768 4297 4985 6749 5167 250 8069 3440 5446 1606 5340 6989 2113 5143 446 3732 6668 3876 4622 8242 4197 6412 6314 6090 8786 5614 2726 4224 3313
6624 7473 2484 784 934 3416 2117 7445 9875 3356 3619 1421 6795 2437 4208 6401 7505 477 6428 3791 3117 8056 326 3857 7803 5449 51 5564 9808 4916 7656 6970 8086 1620 8785 1240 1345 5446 2827 3441 9463 4046 4992 4628 3769 5143 9809 9509 3413 8504 4513 1508 6984 5363 4255 5167 9113 718 3579 1855 3529 1800 5668 5519 8728 7008 1204 4187 5032 1390 5516 8179 3499 5014 18 890 9288 4169 9816 8964 3267 503 3936 3406 1060 9971 1452 4740 4085 537 1730 8744 6829 7934 2565 6132 3436 9523 7302 3252
1385 56 8569 8813 9534 775 7769 2219 2689 1634 3867 9254 9223 4006 3941 2218 1097 7133 8782 5158 5042 573 6701 9887 2119 9799 4416 8861 6242 5012 5528 5894 5219 3316 254 2319 2033 4387 1826 3350 6714 6758 9276 1252 9788 6715 3000 7982 6776 9411 1468 9281 2905 3189 9113 1580 7544 5715 9512 9251 2024 9568 8269 3963 5321 5148 618 7952 6285 1813 99 3288 9263 6674 3891 860 9346 8523 9897 2960 5150 6454 4386 3414 29 3015 8335 9273 9379 8800 8703 4545 1675 9152 3961 7287 8224 6601 3510 2379
6859 5165 3063 3666 9801 1391 1783 7807 5757 9345 823 433 2472 79 1590 1810 4736 7051 2136 8327 8489 4237 942 1476 6698 2476 5762 4358 7871 8198 1217 3187 9536 7316 9540 4448 2222 3144 7068 7721 6117 7420 3317 8756 9876 4554 5375 2012 5162 704 7837 6371 9313 7590 2240 2105 9309 2798 3596 4987 2452 6191 1444 4845 5601 6105 2052 7679 8683 5799 5947 4187 8603 6233 6006 7411 9962 8678 1299 6938 5573 3014 5529 1594 4100 9235 2865 8345 5770 343 3692 7165 9020 9890 2966 9755 7495 8434 6050 5191
2488 9688 3523 1474 3960 2628 9118 5878 6286 2590 1758 3727 9433 8756 3203 2628 7247 7475 5523 928 8583 6996 4514 5022 6513 288 2392 4600 8376 4913 7671 4254 5696 4901 9945 1524 3678 4586 4791 9530 3657 3756 2849 8593 774 8641 6672 9613 7940 2665 2596 4759 3752 1632 6170 6556 4988 1472 4577 5143 2208 1638 4149 6846 8701 7883 7979 6828 112 748 6734 1586 2248 4094 3741 7511 6442 8334 3653 5433 1007 3723 3975 9880 536 6871 881 5311 3372 9414 3817 6759 544 1781 9908 4193 3811 2392 1727 6089
5587 415 4464 1353 8500 3525 6435 2960 8732 1409 5419 5331 959 5624 7804 3766 5697 2652 8426 8461 8294 3638 6527 4495 4281 4460 4870 7989 9098 7992 6640 212 3934 5154 8108 4557 3395 2608 7976 48 8060 3500 1610 5916 959 6744 7194 5378 7763 9508 3806 6114 8277 7964 5000 1549 6245 3420 4293 3352 2303 146 3576 7440 8064 6655 2209 5359 7761 3528 6708 3642 3293 629 294 465 6422 4223 3367 7903 8887 8237 1316 870 1831 3626 2327 1676 694 370 434 455 3459 3450 7332 9249 1814 8693 5335 8707
3795 4113 1791 6075 9400 2788 4117 9720 154 3144 513 8929 7427 7379 2572 4981 2664 8443 6707 9844 7328 2005 9846 2517 5493 6200 8372 4127 1478 4833 4841 833 5621 6001 8501 7780 572 4524 720 6627 3839 4654 8893 4712 8286 6822 2272 6824 4038 6728 6063 7034 6683 6904 35 8492 1568 7832 9112 2568 8298 9453 7949 9166 812 6583 3244 7109 438 5364 4107 3999 8441 8221 2032 2735 7574 6399 4075 7084 7180 6417 8797 3193 9678 3602 4203 3311 5750 1567 6105 1688 3577 8417 6630 2848 9023 9556 2886 1910
31 6802 9010 3908 1793 809 4972 779 6349 5412 6032 3493 8608 1966 6924 4464 6349 3396 4128 5922 9947 830 1811 9057 1923 4164 3333 675 7845 9218 9532 1185 4932 6906 9075 4208 7045 1910 6581 5416 159 6926 7294 7033 482 3241 5345 8423 4425 1240 2451 9145 5542 5980 4732 2952 4869 128 4007 8324 9498 8078 7906 8216 6760 2090 3272 1192 3155 8989 6898 6071 6038 1286 5487 9009 9991 6618 9944 4171 4771 8189 2588 8750 2988 3608 8641 5887 9461 5179 1417 6471 9251 9899 8780 6531 8002 5032 4719 6103
3417 3148 4161 9008 7789 5956 3998 2104 6233 2446 1982 9282 4425 3139 1821 290 3931 12 6003 8997 8078 8748 1741 384 3561 6437 7996 1492 7805 957 1929 4264 4705 4592 3204 519 5415 6272 7022 7648 2316 1972 7869 706 1713 9662 9017 9981 4553 4067 7269 5008 7312 2374 6384 572 6756 8521 1331 4276 3997 2618 210 1362 93 5383 6770 5585 5632 6362 3621 1615 3697 2318 7501 248 9296 3100 8538 9469 2570 2387 1639 6955 5873 7579 9594 7698 5921 7615 9372 6482 9569 6347 286 8229 5663 1354 1737 7025
5430 9236 8482 8389 9417 5580 9292 3687 8200 4332 9537 8741 4671 6387 3848 7862 4904 3003 819 2453 6720 4217 33 6409 704 4441 9093 3411 1511 5421 6198 4104 6754 6337 3046 8152 9918 6765 1735 5628 7679 6517 7491 713 8672 3000 6400 6789 8728 2077 7039 6666 9741 2063 7865 285 865 9671 7562 4974 8822 3245 7253 1929 4344 3534 1800 7617 3541 5309 5220 182 404 823 5111 2544 5109 2059 26 3230 99 9561 7081 2943 5385 9601 5821 9384 4170 1471 9139 9591 5089 7593 979 6622 2178 8389 3511 3681
2146 2242 9642 7696 235 5621 763 2290 9143 8206 1701 4408 5008 7267 9874 238 1585 8655 9125 6276 3688 1921 7221 4839 7305 9670 55 1457 1777 8431 4478 974 4389 9510 3924 9993 830 6757 5187 5520 3244 7853 1773 6475 1466 747 2618 7390 8188 9211 2176 6634 322 401 9043 1837 99 6398 4536 7227 8174 7237 1136 252 1863 8092 8996 3188 2229 3951 3995 8682 4011 6041 1012 239 6862 2265 4244 9860 7521 2416 9923 486 5132 1628 5012 1348 2897 8569 5437 7250 1797 7603 7000 4284 398 5633 1059 7683
7568 2273 3424 1393 8683 5878 4392 6358 5780 8317 2235 3919 2927 141 9036 2044 460 4259 3582 9054 4122 4866 8180 3774 5579 98 966 4111 7657 8492 3821 7705 4468 2119 9967 2900 1083 9453 6721 6417 2103 1204 4777 6982 6938 5901 9860 7002 1575 2232 5162 1730 3137 3826 1591 8297 7782 1930 457 9700 975 1986 8773 83 7868 2617 9844 4626 3461 5167 2409 4839 2922 4195 3890 7402 142 52 3532 8834 1270 2796 8101 5781 449 9847 7174 2699 8717 7570 7685 8167 7774 7914 8871 7739 588 9026 3988 5134
6300 4155 7732 5921 4818 5820 1685 161 8515 5572 8566 3800 8471 7991 1878 6840 6069 4917 6404 5685 9280 1163 7576 2480 5117 8343 8761 6583 1950 1492 459 4544 1097 2724 8972 9403 7998 8270 3900 4484 1019 493 7342 9109 3596 7323 8259 1817 3016 5361 4978 1832 4129 644 4716 4174 4859 8760 3666 3621 7371 4468 2029 1972 7096 320 4554 767 880 6057 3233 101 3825 2974 7771 7554 7817 8401 5555 9375 4366 1243 3074 7306 9572 8217 5247 3600 4980 9088 9073 5234 216 7271 6823 233 2484 3963 3751 5969
4662 2719 375 9539 9491 1214 8390 1900 7690 3745 6094 2204 6871 4436 6045 9642 5573 98 2517 4320 5167 8298 1147 3450 73 7582 497 211 7848 7196 7641 2198 7170 8698 8208 7083 5835 7504 9835 7365 4323 6837 646 1651 812 1979 942 3762 7656 7192 8598 5989 3641 7656 3034 5652 9845 2732 3620 6785 8589 9535 4495 6312 2702 3419 3960 442 8038 6357 5988 6872 2629 7252 8612 9969 5172 8885 7904 7383 9735 856 4265 7425 1859 262 1479 2297 3071 3664 5957 7632 7318 4949 511 9237 6592 2293 5126 3256
2512 6432 4684 7676 8947 3416 7344 4177 8273 1692 7490 9286 5957 4210 2423 1089 2643 7075 9665 3785 3575 2754 4832 2540 8847 1101 2776 6169 7395 1943 7823 5270 1398 7753 5427 9809 2317 5086 7553 706 7434 9893 5472 9470 7011 3892 8310 1949 6847 7356 3583 6388 7723 5134 3933 3875 9529 7594 6001 4978 3134 5073 1609 3219 9137 6605 9237 6056 278 6627 5428 7655 4643 5897 7683 6004 5757 4673 4659 784 4335 5593 6336 7992 7487 461 1510 9815 5491 6087 9254 5633 6500 9233 5866 549 4885 2360 8469 2160
8011 4700 6515 4214 1939 7468 8231 2680 8221 1358 8893 9536 9011 5225 4268 8970 7047 2801 6968 9306 7948 5480 5082 5600 8330 9677 978 4033 4825 8787 5485 7959 4985 7902 7969 3707 7936 8107 9618 7224 7284 8700 3600 9694 3969 277 4768 452 3656 9148 4430 8243 8703 7814 8251 5879 5370 369 2143 9296 1500 5810 7981 1352 2723 6676 8606 2752 652 1723 688 8336 6191 2599 9538 8684 2728 8032 8894 2375 3578 4896 7748 7964 1953 1122 7975 7634 3338 9252 1185 1687 1198 6149 8903 8654 831 1794 9471 2781
6768 3887 875 8411 6637 7342 5483 2985 1362 4926 5139 3892 9098 3271 9764 4956 2481 3454 1790 2926 2765 5121 3435 7878 1556 7308 2109 2595 7561 1515 1286 952 390 2327 6807 8775 460 3201 7992 8446 4366 8283 6622 8944 8804 3206 728 8153 3601 1302 6721 9672 5492 241 7129 5196 2353 1831 8696 2791 4669 9762 3224 8055 5227 3750 5962 5212 9307 478 1449 1834 8960 9499 3671 9862 7904 7840 4663 5645 2126 4016 4581 679 2386 4256 9477 7040 1566 3167 2177 2089 600 1584 7882 4451 8190 2549 6453 3405
7154 9438 3523 5618 4396 427 4704 9324 4514 6359 6851 6022 878 1385 9072 3583 5446 8316 2315 6786 8439 5290 3793 8739 7071 6973 7629 5092 5772 5613 5673 6179 3609 3351 4419 6798 620 5144 9853 6363 2172 6032 9802 8637 372 7884 8873 3827 7607 9904 6322 8052 1844 5957 7645 107 3109 3368 7932 71 2737 690 4219 9219 7170 5018 3709 7582 6662 6600 7014 4621 5544 3135 3037 5112 294 3995 6195 6829 9085 1727 3580 5965 4078 7161 7083 6173 5252 4858 8278 4649 6722 9601 541 2493 1318 8630 5450 3574
3065 4287 519 9031 7641 2760 6756 3632 6408 378 9147 9627 8992 2965 7187 6542 9578 5811 2693 4802 428 1308 4682 6172 4510 9763 2682 5008 9570 3726 3573 9162 8700 1797 1323 2505 6410 4115 9227 3592 8867 3510 6993 1586 1808 7273 9285 8791 6249 5323 7035 6679 7708 3392 9923 6687 6730 8263 5275 3757 1475 1966 9720 4056 3927 1467 4437 7731 6298 7348 4698 8686 6991 7487 7996 2777 4539 6159 873 9871 7910 4079 7537 4418 8813 4634 2431 6146 3564 9893 7894 8370 5849 7385 9800 578 8511 9593 8790 855
3193 3979 132 4452 2438 8322 1 609 120 2383 7457 8614 1631 4168 2525 5081 6315 7856 9157 1929 3286 2745 5230 918 9252 6670 4214 7946 30 3366 8312 2955 3685 2317 7508 9236 2117 4866 2470 6787 7265 7483 2456 8832 7921 1755 368 5424 4295 5097 8406 687 984 1293 2087 4282 7519 9056 7386 520 743 1472 5905 87 8204 3731 9378 6469 1545 9780 2780 7235 7009 254 5687 9550 2064 3770 4410 7596 7501 3331 8047 4221 3883 3194 157 9395 5502 79 9075 7111 7977 7061 9718 6413 7957 7398 9207 979
1529 7729 9426 2385 1017 3983 7002 107 9529 7640 2951 1129 8781 3944 9352 2897 4286 500 8655 4537 1729 2318 3362 9274 2223 121 6946 8344 8699 7458 5268 6619 8781 7625 9141 8358 4805 2268 2578 2516 1363 2644 7234 231 7267 8340 6602 2888 5580 5026 2918 6885 8464 440 9166 4415 9765 5575 8826 3989 2414 2798 621 6433 1174 3983 7779 9338 8685 9762 1398 9292 4535 5910 2339 942 2779 9816 2177 5775 1291 2086 2751 3639 1688 8563 6647 1173 7271 5812 3537 2022 8775 7427 2038 5074 4109 2637 3192 7135
5504 3127 4594 3245 7173 5075 1303 1644 171 6451 2311 2304 9149 5862 459 1115 3334 380 1523 5854 8946 5301 4884 5273 8406 818 9268 5442 7077 3659 6862 2474 2897 4220 9405 1305 9370 1509 4590 9534 2588 8249 7735 7966 9835 2179 951 1725 1732 9282 8660 5759 3497 4498 6065 1701 1369 9234 5715 2502 1986 443 1499 478 135 508 1702 5509 8158 4296 8808 4244 1205 9396 4536 5950 2062 2253 776 8370 4174 5259 9535 8631 7104 8439 9772 4573 4809 4885 8911 9718 7931 7288 6851 3332 3385 6114 8919 2035
9647 4216 6658 2728 7462 5646 8972 7832 5095 6404 9663 2537 6697 3523 9911 2665 1870 8974 6419 8708 8381 29 4572 8972 5498 4815 2707 3553 5921 9803 5630 9582 1204 3684 4099 7259 4074 8883 21 6328 2757 3463 2389 6069 2278 7267 9674 5136 2076 8162 9668 5846 2850 4707 1189 5709 6738 3578 8874 1400 7642 8818 5501 8892 3071 2984 4390 3964 9179 3453 1673 5418 7396 9000 9072 1124 645 8625 8462 3222 1416 5903 4127 4520 4807 4040 6134 7219 4524 517 7486 4052 4210 9153 2399 8722 4982 3287 9483 3445
719 1249 5735 6902 6675 2835 8635 4332 470 2287 5260 4230 9505 119 707 4374 763 73 4846 9466 2738 8476 524 1639 7954 1698 2418 8805 1733 9387 1686 7647 5517 5447 588 891 954 3481 3920 2828 221 6559 6886 3814 3101 4484 399 4182 6987 383 2033 8742 5031 5522 2159 9269 9043 6608 5233 1838 6721 4009 7633 3868 3495 7057 5698 5475 2194 2624 354 8788 67 8189 904 3820 209 1189 7860 6986 870 6179 167 3105 3858 134 5355 7369 7932 3043 8803 6227 6681 3941 2667 6846 602 9825 9082 8582
4507 7572 6225 9463 2034 7834 6890 4436 9576 5194 5438 4697 4255 385 2784 864 7526 6241 3828 3444 1525 5498 8662 4841 81 7402 7003 2854 6181 4538 7468 6350 7866 1555 8948 5755 469 2489 3691 6658 3724 4683 9786 3066 554 386 7749 7803 6209 234 1025 3245 3976 6302 3284 2533 6563 300 7222 4210 2906 9293 8980 1506 9294 9902 3922 2995 2970 4113 558 6110 950 6609 1046 2018 7187 8036 2990 2281 7252 8883 7687 334 1689 6675 4474 6685 1897 4734 181 7585 8399 5947 2954 468 2385 6011 5224 2273
4379 76 3683 7003 8844 6764 2091 689 4142 7910 4686 9840 1262 2420 4671 6163 7526 9010 2412 5213 8773 0 7739 5305 7467 1313 1753 2215 6426 3821 2152 9767 2696 9674 1694 6266 3736 2327 6933 4430 5126 7895 6903 1170 8782 5973 2799 3224 413 6102 5581 8363 4758 960 261 2055 1445 3804 1366 8437 428 7252 4014 2446 6419 2309 4081 3646 2456 8725 5725 8344 2835 660 4110 96 1769 4509 5058 2665 9278 9723 8533 1086 5891 7122 4607 5307 5269 7673 7872 9936 8792 6236 5972 6944 3575 362 4208 1881
3061 6709 3195 9561 4643 7276 51 2836 586 4131 9821 7585 8565 1358 598 6818 3352 8930 3149 4474 3056 969 6334 8676 4964 2668 4978 9559 7054 8902 2372 5442 9108 8442 8620 2801 1638 3719 4865 5233 3103 6531 5180 8092 899 8013 7363 2798 2097 7815 2322 2408 7266 9114 8515 3827 5685 2958 6544 3769 5946 9973 7279 4915 7837 8029 3825 6062 4422 4046 652 2553 4922 3117 9898 873 3077 2989 8001 5918 4712 6392 9477 4448 3606 7316 4299 5810 8075 520 5014 7453 8797 1252 8649 8088 3009 9231 9329 9217
7247 4164 1468 4259 259 1544 3796 5762 8587 568 1904 2650 8543 1184 3774 6812 1178 6097 6401 6577 7743 3709 8235 9497 2447 8979 1858 9041 5732 8093 3521 6334 3479 333 1714 224 2112 3750 1313 6709 8494 2742 8264 6117 7906 1078 2274 4380 6637 1686 4364 3035 390 3129 140 7887 3806 7978 1332 4480 2702 4978 442 1164 7882 4704 3960 2900 3486 7335 4451 504 364 7370 9840 9978 3757 757 1502 4299 6185 9005 4095 2323 5427 6513 563 7960 2082 6684 5605 6267 2583 9065 6240 143 2069 2490 9106 7473
6369 982 8669 358 9605 7493 6856 5212 5594 7014 6643 3918 9540 4019 6388 1702 3022 9492 7511 1067 2664 1937 4615 6029 812 5316 4800 3154 5166 3222 7764 4563 7881 3197 4329 5916 432 6824 9188 4886 353 2833 4447 8048 7687 7732 536 5158 4563 9058 6525 167 4189 2694 5733 4153 7959 1077 2566 9337 1493 757 1917 411 575 7353 8115 9694 9769 6793 8381 8380 44 7472 2751 6185 7906 5494 4035 551 1080 7364 2293 2530 6900 7450 4648 1227 8167 5173 4554 3328 2175 619 9327 1419 4194 7299 43 8152
5905 2880 9358 6443 5051 5906 1477 394 8730 3300 797 3928 3055 3346 8763 2300 8480 5057 7002 1086 6929 9088 8204 721 4073 4990 6193 1538 9161 7621 6531 7401 4647 3010 8840 3867 3034 7249 4780 4502 3439 7912 855 7428 3606 7698 9591 6657 3447 6198 2770 7482 7643 1606 1480 5272 8702 3157 5697 7919 5053 8576 1273 3297 9969 9520 5790 9091 6873 3787 7621 335 8682 7733 6936 7582 439 6249 1213 8744 9093 4184 3081 1572 7493 844 6109 6972 229 5909 4366 7311 9046 7007 8935 9453 524 4618 4546 7681
52 3835 3702 4332 1306 5134 190 6058 7131 1370 8886 5649 354 2279 1861 6527 9613 4066 9673 2607 5064 3302 3885 816 9846 1297 3241 1871 211 6936 9417 2399 3573 8573 9890 7088 3102 7315 7580 4536 9152 5631 7099 2632 1495 3553 7161 3579 4589 6665 5074 2562 4591 1766 6039 8197 5772 9428 3493 9265 2930 2435 7430 571 7723 3806 1874 4565 3875 7704 6789 9512 981 4544 141 7693 2241 7000 4760 1358 7300 3222 464 9607 1759 8804 99 1339 3524 7158 1428 8111 9627 7929 175 8119 3816 9593 4232 5347
3418 4857 5705 6891 2393 2644 7849 4903 348 9549 2682 9069 2294 7914 9768 775 2764 1395 1242 8772 4365 878 5999 1757 6524 5389 3271 9141 7851 2716 9023 289 2133 5667 675 3340 2396 4672 1410 2379 1982 4095 131 4578 5529 4211 1344 5558 8875 4171 1443 9196 5275 7775 9615 8771 5410 8080 6935 8138 8819 6012 7494 3463 5243 3970 5652 215 3506 1172 5902 6183 4011 8484 7275 5334 7340 8097 2673 5273 2072 9962 4370 4120 5511 1696 7018 991 5533 6953 9814 1620 7780 9959 8946 1567 3201 4297 7987 6524
5937 413 6204 6549 4218 3595 1603 7991 3403 4899 625 5290 9468 9587 9332 6426 7597 420 9716 3388 7516 1042 494 3090 1531 6955 5570 9354 8117 4163 7462 9963 6593 3831 5162 4749 1081 7512 9064 9799 3746 4397 3437 125 461 8476 9959 1973 6660 1412 6762 5908 4451 7419 774 2387 1174 641 8626 8259 4219 8670 2728 338 5013 2509 1591 3878 2746 3620 6614 9588 6536 6906 7728 2135 1740 7121 8452 4901 2825 5211 6671 4758 6561 1229 327 5045 4263 9478 2245 995 6749 2518 5841 4018 4952 4554 6197 8151
4222 5719 2445 1131 5403 6425 2318 1244 4864 8504 9736 5532 8194 2155 2626 8907 2680 8148 9720 9620 5290 7793 6643 6445 4870 4330 7686 4063 6279 1658 2270 424 4242 8910 3922 1366 760 7125 8422 2625 7416 3833 304 524 9429 4891 7242 9660 9558 5840 968 4066 191 9795 9243 817 2257 1134 1364 2259 9125 5291 4246 1036 5129 922 5054 2942 7246 4048 631 8458 9539 4337 2914 6 7412 835 6233 3669 8343 4058 680 3865 4003 122 7211 6549 9174 8916 4547 952 9719 277 7629 1934 4515 4595 6035 4051
9228 4518 3353 9751 4751 3357 239 7650 346 2533 1016 661 4576 3830 1581 1437 2754 8532 4191 8938 9602 7357 4147 5351 7693 8420 2216 7840 3405 6846 2596 2715 5619 4644 4367 6844 4497 6511 8533 5188 7764 735 5696 6979 296 3407 3602 9156 3650 4956 9578 2039 306 8559 4441 2259 3937 1104 5578 1301 4765 3420 3836 6434 8351 3095 7821 5781 2200 9267 1543 7028 3051 9591 8490 8279 4282 8279 9436 8187 8861 5822 9260 1116 8336 6720 5654 7092 2730 664 824 4927 9336 5531 9568 3512 4604 2671 3579 9096
8688 8569 3410 7714 7775 7338 1970 7369 4540 8793 6559 3859 7646 2876 3624 4874 2902 2074 5368 1583 8147 6342 7006 5976 1946 8369 4778 8 7649 1320 5117 4981 7230 2990 6059 2439 613 5465 236 9052 1677 7162 6082 7260 8847 6778 8753 6164 7879 2669 8081 1095 8597 8645 2675 8971 1083 5023 7963 2483 8013 3533 1539 7139 3764 1682 8253 4065 6902 3371 8140 611 5530 6744 1236 9095 5806 6848 3253 5503 1069 8763 6370 4591 7100 9597 2674 5524 33 3516 1441 2132 8380 1905 5981 8058 1840 8135 1830 6314
5957 6695 7925 6601 5181 4382 6042 6551 1657 4009 4959 8884 5603 9048 923 2015 9636 5245 9909 1042 3952 3179 3349 2488 778 1220 585 4423 4240 7507 2474 5560 762 9242 3141 1086 6752 7885 3365 3563 9763 1686 9575 9091 3942 8287 1244 4924 6663 6161 2685 782 3418 8150 1263 6070 242 9916 8917 784 2017 4370 6315 1128 1118 7089 3066 6217 9081 8989 8965 982 1420 4399 3791 7933 4570 3276 5712 6683 4402 6824 6419 7433 1554 2727 5918 1344 8091 448 5160 1390 3583 3694 2137 4053 8358 9887 1868 4284
8501 3241 6774 7212 2910 8492 7335 1201 7120 7022 6348 6413 6090 407 8737 6610 4759 5920 6271 8834 6776 7615 3868 1768 2588 3544 2542 4170 6760 477 9326 2667 7407 8893 9088 1520 8399 3268 8963 4542 5387 114 2519 9050 3373 255 2437 6806 3236 2960 8360 3750 199 6653 1629 9842 8414 3548 4550 9635 2151 3573 9750 5830 375 2109 6153 848 1871 4101 2809 1009 723 2716 861 4169 7207 62 4776 2562 2600 8510 7722 2723 8668 5511 3386 8136 4819 8754 7173 7945 7697 8133 9140 8723 9978 9132 2836 598
1925 299 8804 4562 5781 8856 2313 4465 2016 1488 3806 8765 3879 6355 4775 8585 6410 6186 9100 986 1170 5951 2780 6141 5208 6623 63 5520 894 1180 7407 3910 1611 3010 1516 1221 1416 6290 5106 5019 6011 4913 5777 4411 1127 1741 110 3043 4864 7483 8970 8480 7215 1880 3114 4274 2206 1235 940 3933 8965 7202 3588 5682 3150 8791 1181 1127 7066 5207 9663 8626 5370 7849 3407 4041 6886 1970 1331 8945 5220 5011 285 8756 7974 2972 5983 5197 392 4831 6585 6238 5060 2299 3760 8849 7775 5954 5169 6826
6212 8258 837 1710 1790 9685 4049 8404 148 7604 8111 2002 8124 5533 4920 5379 4980 8705 457 4007 8131 1454 3663 8260 3086 4419 7790 6466 5683 6785 704 7223 9366 5429 2224 3604 19 3348 2281 7519 3593 9014 3068 8083 5478 5306 3465 8232 3155 1292 7395 7850 1727 3452 6699 1964 5112 5152 1783 7607 1409 8525 3631 5651 3143 6282 2491 207 2273 3383 8888 6500 4759 4109 1743 307 5506 1796 594 740 2855 3302 2706 1462 4225 3187 6430 6777 493 8307 8361 5887 5743 2223 4920 5289 129 6152 6701 3391
7991 5498 9757 5949 9299 5749 5600 7993 2448 600 1445 8068 961 2388 4721 1723 9352 7840 4411 7780 1109 7835 5586 905 4516 9174 4731 3545 9756 2665 1672 7824 247 4302 2682 6110 525 5873 3250 9504 2145 8523 7089 5873 9330 859 3170 9762 8194 7786 3074 6205 270 7558 8498 5080 6297 5367 7660 4164 7000 3345 502 9053 101 5231 5723 3426 4001 4195 5859 5952 2876 7130 6238 9596 3409 5182 827 7544 7969 4514 1549 3196 3617 6771 4156 5267 7522 6143 2550 5129 1609 9750 1952 4749 6400 2203 4643 8445
7052 2357 9978 9166 4470 8851 605 7079 1138 8392 3046 7431 8093 4211 5779 2065 2260 8068 6074 8825 7714 5585 8001 2998 6264 6170 3115 5223 2308 6755 3230 6923 815 3659 7290 3395 2486 8918 1767 8379 9103 7908 9241 2347 6205 3001 7609 8386 886 3610 9466 5800 521 8380 8682 5057 735 4566 7537 653 3287 9196 8909 4116 3420 7148 6373 4317 437 6315 5771 4730 8574 7282 5056 3689 5353 5130 2195 1455 4602 8004 3241 7889 3535 5495 8408 1910 19 1386 443 171 8169 7978 161 4097 3281 344 2572 9453
2923 6211 4453 2867 4544 3637 3130 1828 4191 5370 9232 7344 5055 5356 8477 9632 8198 1008 5250 5138 3885 1048 3623 1508 9932 9535 6727 207 6807 5303 9205 4627 4591 2638 894 2690 8557 1417 287 8098 8459 7169 5091 3634 6813 9371 657 7336 5715 1189 2297 9781 5137 6732 2561 6650 5375 3546 2465 6912 6829 353 6401 9795 9913 9622 3898 2674 8806 436 2825 2695 8433 7515 7955 113 7801 3311 5218 6079 1631 217 4789 191 8085 6912 1191 9700 2704 3720 6161 2742 216 6124 1948 1975 6346 3506 5371 740
3051 6903 6818 199 7056 2249 8209 8438 9802 1481 8635 5326 9613 9568 3988 3544 3680 4373 4957 5772 4535 3482 5391 1668 8998 9014 3434 8838 6041 3496 3192 8390 2650 3850 9770 4864 1945 117 6062 4799
