5379 8873 7577 4198 7243 2451 7340 7088 6198 1014 7589 2404 1745 7509 5454 6293 7123 8202 9399 5444 8234 6895 2105 1201 3391 6329 3578 9369 8906 2750 6852 2579 1432 9303 4745 5723 1402 685 6098 9108 4527 5034 1084 5857 5148 9687 9152 4750 6427 101 2970 3756 5230 8477 5747 650 6635 3648 2465 8307 4825 5152 5542 8413 2454 4730 9533 6966 8404 9176 4304 8290 187 237 6885 3245 5134 2855 5344 1564 7441 8867 6639 6908 2682 2813 2443 3246 2253 1736 1840 8310 510 3494 6767 1837 477 9874 1658 5290
9710 4791 6993 3227 5375 1912 9109 1098 4834 5357 3954 3323 5393 5376 4904 2517 5403 5049 4623 1734 6204 6304 2947 5074 809 1614 1679 8517 2789 515 3945 8782 5526 1421 7219 9036 7255 2642 6298 6516 1150 7904 4518 3466 8291 9634 9352 2499 8660 1474 7999 1238 3615 6916 2960 7925 3927 7498 4008 6214 7369 9292 6863 3603 8925 7892 4050 943 7035 391 207 5934 5213 8895 5671 5148 7017 4631 4074 6136 4869 3042 9886 481 2631 1553 288 6101 8583 5988 9449 617 181 388 1474 9062 409 25 2717 1553
9676 3772 7746 869 7093 6469 6728 3379 8093 2879 8033 1235 1784 7510 8328 1473 4381 8455 1885 3996 9838 4791 2848 3222 1374 8054 4122 393 6800 383 8662 4219 1135 7663 4312 1297 5432 3551 8916 1873 796 8108 6856 9597 4023 6997 5411 2878 2001 7208 8268 4557 2536 720 1152 3802 1320 6663 5224 4602 7458 1317 4550 7528 3152 6412 4037 7400 1797 2030 9606 1523 7647 3860 6284 9023 8178 6035 1682 751 1618 3893 4939 1585 8066 1991 4920 6781 9347 4103 952 8560 1267 3833 8875 1483 7145 5044 4895 8733
1364 8012 886 2648 21 1266 8543 4837 6863 7068 1452 5487 4959 3192 2228 1976 1443 7834 5067 8453 1013 9323 6869 7758 5393 6465 6025 3682 3260 6036 1672 6399 4226 5735 7090 8757 3339 7959 5160 572 9763 9445 2446 9460 5614 6195 4609 3575 8519 4897 8677 273 3673 8785 687 237 9860 7313 245 4544 2915 9943 6568 5202 345 7859 7694 8867 3286 5110 4629 6264 8379 3496 8355 4970 9375 322 1674 3617 982 7081 6830 6623 2754 7269 555 8606 5597 2813 9259 3980 2362 6863 6803 4517 5224 2181 4566 1955
9971 6814 963 3772 7399 8591 729 9488 8208 8008 8379 4835 5721 7393 8408 9971 8668 6925 5171 8820 8265 5126 1123 6847 5124 6366 3115 4115 4133 3245 4990 1429 2224 1446 7636 9679 801 4040 6262 352 4174 8926 7096 6716 5701 2769 1760 5212 3685 3141 8202 5074 4301 619 4614 6937 6062 7034 1914 3000 5350 8553 2573 4828 5579 5106 4014 8142 9328 4044 8398 1103 8481 5332 6434 3553 8774 5087 9051 6437 9345 7953 5530 1122 3978 9250 9301 7590 1910 6749 2690 2662 7141 3595 8413 7319 862 9657 2696 3130
8686 1022 6071 4702 5077 9414 5747 2708 3157 4822 9701 4912 2031 1558 549 5149 86 1582 5402 1335 3297 66 9267 8904 9657 4980 7680 3020 1833 8358 8982 1247 7614 2859 4451 6613 6221 9978 8731 3208 7362 3726 7733 5371 5360 9027 5932 791 1338 7418 5196 9836 1223 1773 1990 3221 4513 5756 4543 3018 5462 5742 2118 2796 6224 9829 1107 4305 1886 856 8969 685 6857 3022 2030 6184 847 4814 7219 506 3628 7631 8358 3796 2246 8569 2643 8555 6747 5725 66 3923 6950 7708 2832 5766 1890 4458 8804 7254
3836 9199 9997 2508 9596 9917 5181 7265 3340 4282 4241 3603 2325 7225 6646 4544 5351 2203 807 5211 1135 3649 9875 921 2582 9418 1660 4122 5096 2631 2577 2436 5060 483 1243 1226 5312 709 246 1629 1555 1800 7729 2277 7218 3590 1038 305 9933 6881 9578 4640 3287 6095 281 1806 2554 9837 3822 8439 4582 874 885 6115 6251 6967 2846 9740 6231 6074 6786 3363 4985 2712 3002 3410 9495 4186 9133 5523 9830 7900 3942 3906 9454 2976 6119 4905 4020 1196 3208 4268 3507 4667 250 9345 6217 3534 5482 7300
1040 9615 1191 4768 8097 8505 7595 1919 3925 1909 7667 9967 8580 2387 9174 4488 6936 9589 233 2787 7785 8035 6775 9589 1402 9323 3667 6738 7651 2775 2906 1609 2351 5286 4753 3730 233 8122 102 6821 2353 3557 3761 3800 7392 5082 5638 6174 4555 659 7077 6619 360 3889 780 5013 4353 9683 2539 1154 4195 8772 4281 1546 5237 6232 8993 8900 7868 6837 3310 5602 6752 3429 2871 3104 4245 2082 1823 4280 1135 1147 5839 2490 7236 3135 6420 9322 5639 7410 5427 4267 9521 6702 8798 4605 2413 6139 1189 5146
9492 3637 8433 4559 4340 1419 3880 4085 5265 2644 3361 9025 1820 279 2735 3318 7373 8598 7798 6394 822 2827 7166 3810 9545 9463 5642 8118 5920 493 2997 3369 5022 9448 6551 7743 9663 5497 3516 665 8996 6347 6404 6524 2919 2647 2141 1048 7493 9510 7381 3566 1912 8761 6050 89 1741 48 1453 3095 159 5515 7011 6635 7599 4466 2898 2039 1058 7085 2930 7723 7413 6690 9272 3291 5118 1370 7558 2025 2734 5879 7583 550 1422 1731 3302 644 1632 2367 2981 8187 3216 6393 8270 5476 320 1908 9185 7622
2011 5347 1897 2470 3434 8905 2312 9671 9893 6426 4260 5960 4155 9460 2874 1514 5846 4178 7365 3076 7315 6069 327 4849 8670 8614 9866 8856 5195 3687 4681 3407 3709 5939 4468 3020 4050 6517 5525 6814 7304 2541 3298 4499 5857 5902 4164 513 1964 3698 6139 742 6745 775 6843 8358 5479 7846 2426 3533 306 7358 2561 2225 4815 9288 8917 1189 6599 6375 3100 3905 5723 8184 3776 6130 1718 5758 1150 5287 7892 207 8507 9162 6881 4272 174 5631 2241 6781 202 2824 3939 1957 5281 936 1563 3175 4265 3633
9938 268 7282 5173 2850 1457 8696 4109 1305 1191 2961 4217 4200 8330 2403 6458 8611 9435 8651 5615 6386 3959 9122 636 4119 8292 1359 6968 5832 2937 4643 2684 2429 351 9633 6135 5970 2971 7807 3004 5116 2245 2940 6969 3635 1084 6158 3473 9679 6394 7734 9974 6022 9345 2139 1901 737 1446 2054 1820 5721 9616 6726 5385 4058 6083 1879 6377 8923 2200 5194 3048 2297 6745 3552 2961 280 9887 8823 7844 8262 7614 6416 5892 5153 2718 784 6831 5234 4092 682 5326 8401 5935 7050 2525 729 2543 1797 6136
8967 1570 8218 9317 5326 8908 7706 8619 7794 5686 3991 8788 2698 4476 5709 3468 6515 8209 8965 5410 4226 2020 5380 7076 8629 892 3687 9872 6361 7725 5707 5493 6446 7933 4846 6535 3046 9908 842 7321 7649 9356 8527 7941 735 2469 6914 4631 7401 7006 8657 7716 4563 3317 1411 2375 4740 5236 7847 1609 4129 9699 6861 6381 4073 569 4168 5347 6581 1554 487 6666 9260 4047 3047 8392 2959 9383 6264 1794 918 373 3568 5504 7084 1353 8045 9068 6572 9129 7520 5386 47 9206 3566 4102 2325 4770 3400 841
6131 4391 781 82 1989 1807 8774 2849 7237 4855 5331 6181 734 3573 9622 2193 4857 2318 2971 2953 5137 3995 6307 915 4173 8341 6983 9078 1374 682 3915 9348 2559 1418 2413 6907 1679 7985 6966 1332 2142 9332 1950 8165 4742 3170 2393 2531 8216 7382 2773 107 2274 8507 2675 690 1540 3074 4503 4293 4126 9140 7878 8781 534 8282 2297 3155 9045 6492 9932 1756 7524 2419 3870 1803 1708 7967 4112 7989 428 477 7584 9527 7555 2894 1957 8405 9883 3232 2350 4942 9720 2173 175 5164 1918 3746 9655 6223
6315 8787 8007 6385 9129 7856 2569 4684 1534 5573 6106 8694 831 904 7417 9720 3784 2503 356 8263 9449 7679 1013 7277 6771 3613 3165 3190 7149 544 4238 4793 6260 4715 8883 9959 2683 3373 6288 5411 2947 1400 3747 9928 9240 9635 7940 6734 7410 7026 1854 4524 6725 1750 4921 483 569 6893 4407 9278 9300 7583 6124 897 8116 125 4200 4562 6364 3713 9248 4383 603 3165 7863 6454 4374 8711 6569 8450 6760 7866 6066 4589 477 8630 1208 3345 2901 9829 9436 4121 2412 7299 5208 2698 5653 4662 8562 9502
6474 2374 8060 535 5123 4437 9733 2624 2579 6306 1254 9152 2532 6436 6554 8521 4245 3979 3960 8041 363 271 2374 9198 109 5222 6039 9394 196 5088 789 4344 5786 3440 2427 8908 2333 3811 2960 2098 7851 1672 2310 8099 3511 9991 251 2545 1962 627 1648 1652 7901 8457 9778 1664 1412 7179 7970 7570 4503 2136 7107 5220 3081 8305 2852 3728 6708 7290 3809 8967 6079 6066 1541 5347 412 6618 2773 7676 193 5324 517 3052 1700 3571 8626 4069 7292 8314 1414 4894 7321 4862 2626 942 5233 8986 9045 1841
4297 1695 6083 8052 8491 3447 5291 3220 4535 1177 2723 8056 3504 4416 4736 9326 2139 1538 8307 7232 6968 2473 3519 1797 4729 4613 1295 9517 2741 2760 8880 8795 4398 6156 6392 9500 6255 399 3058 2141 3931 680 9335 2499 35 8777 9299 1424 4119 6126 5644 4443 4450 3522 2119 8717 5770 3757 2670 365 2505 8624 8813 5689 802 3347 768 8951 2714 9682 9488 3526 4421 5877 4402 2937 9574 7475 8404 2319 6183 334 3124 5016 164 6944 8839 8288 7576 784 2705 7557 2338 1585 8770 2359 3383 4146 5927 6494
4021 572 3447 2976 7830 1682 346 899 7369 7466 1472 5981 163 7473 1743 4108 8854 9223 9520 8522 6447 2347 7063 6436 590 3301 2857 7025 1067 4230 8310 5943 3418 6895 3471 2301 331 995 7320 8601 8965 1692 5557 5448 1258 1462 8059 5242 3844 2251 833 6435 9358 2385 3767 5074 9904 7747 9747 4827 11 349 3064 9675 5841 2641 9896 4457 4180 9519 8369 1397 154 4559 3752 2564 2002 6564 5259 750 0 2432 4287 1401 6213 2261 490 7578 3825 2507 7218 5918 9026 2720 9472 5306 4353 5797 3619 7211
9649 8327 9233 4620 3872 40 224 6137 4347 4631 7282 3476 7859 2094 3758 2262 8907 4379 3539 7092 3189 9046 1532 1979 2863 5044 3617 9134 353 959 9725 3860 5541 3118 6499 6850 7988 9116 406 4375 3403 5712 3942 3441 4242 2287 7153 5811 9139 1027 3881 6195 5586 8530 8962 4404 6296 2117 9482 2330 8757 7287 3492 4551 997 5479 1137 5300 7065 3413 1266 8242 8325 9897 4264 9149 367 3649 767 2707 7959 3465 198 4557 1832 6856 8162 4218 6520 4742 4479 8913 2497 4729 1013 9617 6862 1539 5431 6111
3562 1375 8031 8905 2072 1243 2120 4005 3632 716 9906 1181 3321 1172 8018 2498 363 3838 3761 3354 8181 2432 1466 9609 7694 6799 8366 8177 1765 697 7306 9276 6097 3122 2165 6040 8935 9652 8228 3370 3319 1723 5650 1462 3879 1897 3189 1792 9506 7955 6852 7834 2228 6969 8163 6936 9462 941 6191 3171 322 7892 6737 8250 5097 4142 3634 7143 2787 5093 7036 4585 1946 505 9255 6538 2633 9759 441 5531 3221 3920 1198 6619 1287 3300 3572 2825 6336 3196 5813 4049 3744 9711 5789 9258 4579 6972 6862 1537
720 8251 980 7339 6704 8026 3529 8633 2301 7313 9996 1352 6801 8540 3251 498 3388 597 5728 5128 4802 9845 3583 5119 4658 3975 1513 4931 4612 9945 9697 2372 1135 3485 7945 4494 2726 7542 8352 2527 9572 1868 9981 453 910 4763 6290 2852 3751 1565 2857 6209 3843 1860 7518 2203 1426 100 2304 9828 2508 5110 3445 5559 4095 9214 5424 1561 2740 3842 8914 3230 7418 5028 8386 7177 6261 6106 5056 8318 7763 5665 1112 4089 4631 3469 99 1289 9146 1539 13 3543 6744 7883 6264 5805 965 8719 930 8192
2713 5367 2662 7306 3135 7522 9367 5846 9871 5557 9800 6084 7734 2154 7955 9428 7408 7524 1962 479 308 741 32 90 5184 2659 3295 9050 8505 1047 614 3114 5135 9989 1426 4649 7673 3722 7266 3491 6445 6467 1403 5329 3998 4186 7022 6741 2539 2229 1186 3864 3150 744 4215 351 1035 9425 9655 5854 5106 6685 3866 8871 6198 1673 1117 2912 3570 1602 9254 8885 4340 9634 613 5461 8658 4865 9624 6178 1594 3760 474 8306 7262 391 6085 6187 7378 6139 305 4163 4992 8826 8439 2333 9356 6818 2432 9666
106 2357 7146 4863 35 2410 105 7670 4659 8131 1526 839 1225 3867 9713 2077 3898 599 4172 7090 3979 2269 801 2019 6245 9382 7998 6 6251 1081 6472 5384 5695 2949 5166 2281 6194 2809 4830 1685 7710 9664 7782 1330 7284 8048 1276 3723 7611 2704 6520 3639 2999 17 3839 6049 5588 6731 1173 9119 315 1347 440 2382 5205 4558 8018 2948 8 3966 3541 1284 204 1050 9092 7432 6270 3118 4730 1578 2538 3640 3962 4778 7790 3768 1229 3439 1012 3835 7757 2864 9914 6874 3530 4217 301 909 5484 6766
8539 5113 688 4955 787 5616 6961 3473 1477 4432 5297 3767 3277 2047 8343 227 6453 5659 11 9159 4138 4243 3083 7605 1074 7828 8369 8332 2232 9582 4887 241 9155 4095 6783 542 217 6471 3071 4205 7368 7043 5631 5362 6663 6626 6374 3324 3220 7119 6611 5247 1549 506 9048 4549 3323 7 5670 534 9275 4690 7354 3610 3308 1657 5229 104 5628 4838 4847 5587 404 8977 7632 5922 9317 719 4871 6830 8769 2785 7441 7379 7175 2813 8089 8637 9011 233 3295 29 584 2728 2210 4603 8573 7720 9560 3687
1497 1836 7279 9163 6781 2357 6967 6212 6398 8604 8250 6491 1543 6606 9975 2223 5536 2248 3326 7422 9898 5457 5145 3426 6529 7497 4206 5824 3812 3047 5865 9969 1310 4039 6356 7637 3206 3845 7005 5321 5211 1736 3429 4692 4265 839 5316 4381 4042 2633 7082 2610 6212 8322 4152 1125 5849 460 5609 231 1386 7250 4223 8250 689 1151 4265 7785 6102 7970 5591 5049 3887 5584 3148 1027 7539 8429 6250 4082 6664 2978 1796 4640 9552 5526 7219 4219 8992 7817 7896 6141 6745 2818 2874 5433 2922 6208 7978 9345
7888 73 5388 1512 34 1048 9130 6689 5336 3153 2643 9634 5076 8592 984 774 2676 4695 3864 6673 2870 9394 173 1594 148 9668 6419 7328 1911 4120 8697 324 8162 7613 4436 3931 3491 3811 7791 6346 7063 5708 576 3825 6618 3082 2620 9693 6057 8508 6584 6559 8175 1117 3482 442 2562 6227 5167 4427 7779 189 5469 7935 1238 8130 9597 5533 4723 7128 6675 8439 4912 3780 5075 4243 7999 9612 7799 9007 5228 4378 6853 5325 136 8972 8345 2705 5936 6140 1205 2636 6073 1098 9549 2466 399 7330 9507 1030
498 4445 5538 6420 1665 8740 4899 7532 4952 8508 2978 3027 6017 7870 2737 2278 2878 442 2078 6418 1694 3065 7608 1799 4113 9096 546 610 9540 9543 7356 268 9840 7146 8490 9883 8937 4598 2177 9251 421 6130 600 6241 547 8797 643 8335 8008 594 3994 8662 9065 4339 1414 5740 4836 1000 9608 1136 4602 2534 6246 8972 3442 1930 524 5588 4403 7609 1563 7347 4117 4578 2699 2259 2189 96 8434 2637 1555 6956 6883 6536 5840 9217 4903 1536 4073 1310 7776 3366 571 2750 4816 7378 7840 901 7004 9844
8951 153 5175 8091 3708 7003 9983 3215 768 8483 2785 9706 8427 1611 5655 9689 1470 1654 7514 1273 2890 794 1778 8110 57 4654 4773 4695 8818 9375 5487 5055 2225 9165 1130 5209 3791 405 762 6167 1786 6013 6218 4376 689 5979 7304 8884 590 9674 1143 6831 8341 7998 1130 2562 7579 8197 9741 4677 7080 1933 4088 3127 3033 7324 4842 3377 4991 9627 438 3099 2642 178 611 9740 9356 4126 6478 1483 1346 3129 6762 2932 3444 394 614 8609 130 5354 3549 3051 1796 2666 3608 4330 4999 443 161 1651
3725 1938 2393 3287 8250 7920 3900 5286 6858 4468 1304 1985 8934 9819 4565 1728 5873 8914 943 2057 7614 5567 7083 9795 3970 595 7798 4877 5718 1611 7589 5815 4734 1985 9298 4877 2440 8150 7554 143 181 9823 522 7148 2764 3344 1107 5928 4796 5382 4526 6817 1664 1218 7295 9950 6230 8683 1014 6738 3998 1881 4581 6100 1723 8543 8110 6479 9807 851 3335 1667 7861 1959 4889 5960 1894 4511 2699 9038 7031 8593 815 8622 69 9249 2290 6776 4885 5131 9701 2363 3563 5807 495 5778 3734 9353 1575 6291
1943 6024 1639 2253 3796 2504 8757 8112 482 104 7686 2395 656 3253 5593 5748 5522 5799 9386 8628 9194 2466 5697 6071 5448 6969 2863 7790 4489 5228 4753 6123 1952 7749 5861 7625 4354 7092 9417 4601 9579 7952 3127 534 7632 2383 4935 4122 1671 8331 528 6850 9550 555 9693 2230 6276 7448 2790 2918 8113 1426 4693 94 5983 4746 8556 2363 7552 6977 9239 4400 265 1624 7066 4505 3680 4172 6960 8031 4348 8469 2969 919 1574 1464 9993 9742 5989 4549 3927 6846 9521 2554 7559 2067 6414 9985 5144 5541
2101 4164 8759 167 1447 8748 5487 9020 1501 3844 7060 3391 662 4171 3763 7238 7018 3282 1748 5987 3596 2385 5575 3161 7775 877 4576 8805 202 9505 833 1129 9632 8186 4563 4246 8760 2032 8733 2482 7488 7852 545 3789 982 5956 6470 1525 4205 6198 6381 2475 8647 9221 7139 4566 9002 3488 2303 3550 2204 6221 8522 9741 131 4359 4153 297 4710 4794 8124 9354 1466 5730 1616 3677 9678 9969 1236 2548 257 1839 716 2048 3453 1640 1269 5919 2029 2932 9533 4757 3016 3730 5115 8273 6568 7623 3762 8633
2245 5913 5419 7393 6434 8801 7281 6369 1969 7182 4473 9634 927 6315 3455 6814 3947 2762 895 8334 1894 793 2454 6927 6077 9205 2968 1844 8939 6349 5424 7693 5683 6047 3616 9881 9801 6459 3500 3488 2530 7780 4533 5590 3658 1465 6668 101 1479 8991 3920 8204 7454 1894 559 1600 267 6247 8560 496 6449 8997 5143 6561 7164 8938 8304 1682 5406 94 3556 556 9895 1335 3317 1108 7303 2381 5243 8151 8085 9762 6678 135 6074 5337 8695 5997 8774 4639 5246 9285 703 6963 6866 2755 4277 2049 9275 3453
7516 3384 9954 7659 499 3631 1449 6685 2124 1061 3935 597 8966 514 7702 5867 3323 566 968 1487 374 6460 4201 7976 3045 9048 4846 1981 6974 8147 8260 6601 6476 3805 3209 7955 1927 5174 6897 3762 2869 648 9315 4920 4387 3933 5674 2586 9453 1542 6157 3107 5857 6844 3688 6089 1800 1544 797 1283 8100 7555 9729 7389 9897 7527 5204 7191 3016 9633 75 2683 6898 5797 1728 414 8201 6968 4363 5362 7436 2281 6205 9761 6085 7788 7533 1430 9914 1124 1853 5982 2846 3487 8451 8110 1021 1093 1870 6543
4648 7739 7030 275 6116 5374 447 4774 6682 1403 571 8597 7437 8880 5260 8066 6255 8162 8555 22 127 4215 566 1881 3931 7408 5552 5805 3730 9237 4398 8161 4924 9816 7177 6428 1280 5182 3419 7453 786 7641 8572 620 749 7669 5857 7376 5835 3183 1516 7472 6808 4076 9214 1332 8909 7436 1126 4703 2949 5590 9699 1783 5218 7925 1039 3098 8372 3364 2574 5066 627 1935 2225 1204 1388 1716 318 6620 7225 6664 920 8283 2870 4084 2839 58 5976 9592 9426 8888 6781 7029 1337 4744 3096 6123 7862 6022
7242 3795 5019 2507 4129 8907 1593 6021 1302 7563 1594 3708 4931 4056 5566 6505 4627 5794 2869 2972 8811 813 3898 1359 9622 7194 5130 7969 8806 1305 8273 8381 6062 9596 9618 1777 2462 6444 2118 180 486 4454 1138 5561 5641 4152 4713 3908 3642 5905 2105 7953 3736 7591 767 9635 4612 4055 5210 4239 6022 6338 7769 6524 4729 1616 8171 5584 3423 2547 5433 4446 2180 5473 1304 9899 7355 1919 6106 8419 9339 3734 9607 8430 5149 8958 6105 2783 8559 8754 6260 5274 4499 1277 9146 9227 2681 4188 3093 2692
6037 8096 5243 9294 2800 9824 9774 800 2405 5252 998 9235 5712 2589 5186 9027 7003 4007 4422 4085 660 3940 6668 1765 7046 4948 3551 5237 7437 9796 8238 8088 7716 4690 6460 1580 456 2871 4647 3204 6347 8298 7156 9916 395 7256 1282 9936 7514 4071 5929 1712 822 1667 3119 2458 6905 8688 1485 7224 7591 6359 9491 4576 179 9557 3390 5172 3493 5544 2881 3699 1825 3995 477 8511 3706 5957 7368 9286 7932 1178 7807 3742 2803 7800 2567 9767 9341 3078 6667 8916 2826 9838 9367 3573 8830 8027 7306 6219
91 8848 2152 7402 7171 5170 2442 7439 8058 16 4905 9464 8659 1599 4530 3738 6013 2496 2003 2473 6072 6308 5335 6080 1881 1267 2037 3677 6988 4007 4508 5698 5437 3708 370 2300 4957 5772 5031 774 3195 8776 4585 7785 2737 3093 2940 9685 5885 7456 4590 1804 158 3532 5442 7188 6971 2236 1124 4886 1562 2137 4166 9977 8730 5459 8693 9190 9247 6601 4376 5753 8700 3329 8360 1315 1773 8913 4447 3253 3941 1937 7856 986 6109 9934 5434 8301 1206 9610 4408 2209 4261 8396 1665 9203 187 5025 6410 4591
2541 6700 1586 9483 8835 3293 7303 677 6784 8414 3473 5584 7452 8881 7312 9477 8809 4986 307 5028 9571 3085 9927 1597 1629 6217 9460 4250 865 6233 124 3767 9710 5833 9520 3143 7563 6325 8891 5088 2960 4567 3924 870 5436 4848 5591 7416 341 8733 2992 6516 6851 1346 2900 2521 7180 8020 2386 9836 5208 8146 7798 1388 851 3691 2678 6823 2858 4475 3604 8600 6497 3569 1596 6389 3332 6597 507 423 9310 4979 5851 9465 4458 2208 9621 9094 4818 8652 907 227 5148 244 65 258 9233 1855 3483 4179
4875 9385 3416 1641 2311 2600 2243 4969 3446 4256 3686 2038 3943 6409 4701 7762 879 6538 5712 9158 106 4589 19 3437 9648 382 6855 2076 8311 5765 9597 2772 9088 2784 4528 9559 527 4771 6370 303 5924 1283 9932 2784 3805 5007 3678 6720 1691 5477 107 2868 7704 3569 5996 9109 9825 1985 5540 3538 9020 1 1366 267 4016 3808 5944 144 9842 1633 6047 8435 6672 5524 232 8844 4536 4815 7580 1773 6534 5472 446 3308 5563 4021 7382 6038 5609 1926 7894 4280 2249 4925 2276 3225 6438 6421 7994 683
5900 2032 2430 8114 2917 6567 3591 7419 6489 5762 2604 2961 864 1584 5920 3831 2890 4714 8510 3102 7391 2616 9854 3733 3104 8224 2599 3640 7933 5096 1173 3970 2737 5268 4835 7265 2608 8362 4561 9999 2035 3967 5065 3377 8009 7928 1131 660 8804 10 3720 4082 819 3603 228 7384 1115 5267 7108 6521 6824 9903 7524 4969 6513 7125 5015 7057 6277 8448 7413 141 4626 828 6884 7410 1077 8431 1979 8856 3928 1438 4372 7489 2138 9379 6233 1505 6237 2419 1830 8340 9493 5362 6726 6921 3328 6357 4533 22
1331 4329 9192 205 785 685 9318 9259 7802 3270 1305 9277 5679 8203 2849 2847 2950 6621 8451 6634 9415 9873 5948 5875 9424 3679 194 4799 4441 2823 2134 9945 312 5176 3101 6606 442 538 2845 2117 3372 9706 8837 7643 6007 8525 9726 9122 7770 7537 3215 617 6414 6527 9100 1824 1125 303 8496 3543 4093 9258 5120 3289 3706 8141 8051 230 7381 6352 3819 2042 3962 5132 9788 3353 9102 1069 5162 5467 608 4647 1122 1516 2268 3525 9340 3159 2401 2363 6231 5466 4123 5184 7292 2094 7611 4095 5518 9163
3415 6548 2454 8803 4861 2924 5095 9295 8828 7235 1527 4813 6410 9676 9055 1227 9694 6309 5022 1188 8643 6908 2652 871 555 397 9729 2786 9443 7420 639 1003 9479 3396 1465 6389 2383 4889 5109 8840 6074 3489 3841 3344 8156 3411 9161 6824 1666 3346 8096 2782 1825 4295 7231 8971 6006 6351 3980 4616 7445 6011 6227 6901 9778 8955 8450 6735 2563 4038 8437 9821 4014 7353 6139 2445 380 4569 6368 7979 9208 540 4982 4766 4550 6852 7098 1317 8333 4761 3378 1032 978 3656 4499 440 5585 7073 1065 5160
6490 6867 3203 4933 8610 372 4526 5410 4696 9817 3091 5385 8421 1951 202 6379 4427 3394 3504 9805 8976 3222 7458 9763 2846 5133 2162 4228 9334 920 1350 7983 4329 1957 9183 8960 1303 2103 1120 2228 9774 1811 7985 8394 1436 792 6183 2568 6934 3592 4209 5205 9511 1922 7239 1423 3732 6053 281 3979 4163 618 9249 5386 9761 2561 183 457 7072 503 3825 6729 9833 3887 4631 2700 7457 6355 4792 6671 203 4691 9953 3628 9009 7623 7378 9369 1954 6841 384 1032 1937 7803 270 8198 1796 3707 7730 3072
6103 7159 8881 7650 9867 9542 7859 7740 9813 4692 5492 9184 7982 1686 9614 9162 2512 4600 8951 4530 7326 2335 2847 4161 5128 871 5306 578 6943 5396 7859 7066 5710 1489 5231 1230 8112 4013 4601 6754 3126 6669 5474 8513 8204 9786 9048 5942 1431 2937 5842 2312 357 8820 5373 9721 3653 2020 2246 4898 8492 2510 9441 3983 2651 3019 3936 5805 6023 3763 8646 2397 658 4177 9498 5017 8456 8280 5461 8548 6743 2106 242 4456 3504 9483 3322 2694 5173 8127 7775 3761 2599 1632 8067 4302 8471 1918 9593 4260
1061 2771 8387 6075 9420 4390 6916 3600 3800 4722 6894 5245 218 11 7603 7813 1396 1915 2149 5025 4721 3426 4201 8267 3864 1330 9299 6414 2191 2209 5642 407 6155 7390 7670 3390 840 7855 9899 8565 1835 8358 4343 3099 9142 4219 340 6281 8906 5418 9965 8022 3718 8206 9582 2826 132 5917 8725 142 9678 3655 6298 3276 5369 9943 8231 8894 1155 9360 8319 9858 7992 1413 1678 460 2855 371 5768 8652 6126 9370 888 6057 8638 981 8951 6037 8390 6842 1527 343 331 3290 8008 1030 6950 5326 2932 3788
5377 9076 7419 4374 334 3919 7535 3168 4556 4622 6701 1378 1800 4965 7471 6680 871 7914 412 5779 714 7972 8818 9707 1399 9626 4132 6138 8365 756 6800 3391 2691 3295 8066 421 3654 5500 4947 1225 3495 4659 4475 3830 9502 1977 321 9024 8196 310 2390 1602 2333 6775 9805 2010 7290 6164 8730 9266 5639 7686 1460 3965 1565 8708 6734 8335 6972 8036 9317 2664 7504 7514 370 4882 6969 2531 5952 7218 4426 2096 3676 2505 787 322 7620 4279 7198 1473 476 147 4621 7367 1760 460 6823 4007 4647 5837
2082 8126 2703 6210 338 4674 2994 8229 1989 4319 5923 6684 2882 9862 5721 4408 461 9401 1691 9857 3958 9274 8580 9853 8418 2697 1409 3066 4155 2892 4944 2592 2354 8584 7862 4558 4764 3507 3008 3016 3475 3341 6798 7331 2260 2323 4311 5367 1657 1436 1445 7292 7621 9115 9048 428 8416 7635 269 9818 7976 9773 1875 8053 2929 5099 8036 4965 525 2769 3983 7080 993 912 8763 8739 3612 2356 5648 6166 7798 1060 7562 9427 3910 4558 4861 6253 8491 42 3000 4709 356 1610 260 9529 7293 8064 8151 4289
1148 1740 1223 9648 1325 8833 2572 695 8964 648 3694 4027 9714 5639 8754 4029 8430 7158 6295 4703 259 3092 9539 9437 4596 161 5310 4327 8297 5594 6959 2757 2134 7745 7088 2665 2363 1014 3685 3562 7969 7457 4869 8504 4763 3012 549 8344 152 6946 7862 8296 5537 8068 8459 229 477 1620 9738 9390 7003 148 8260 2310 3622 2511 1540 7783 4070 3511 9017 1759 3615 4700 4969 6386 1558 2154 3380 4495 2365 1156 7052 7853 6352 9028 2010 8389 3717 5103 8403 6948 8451 864 547 1302 8253 9021 348 3023
5419 5541 6152 7461 6951 8880 8580 8018 2389 4813 7505 3367 7063 3093 1588 1928 3008 3282 8263 4421 2520 6445 9809 6148 2762 1302 4920 1530 4378 9718 8599 5794 6904 1669 5330 9923 8868 3804 9259 1243 4313 1843 9763 8996 3173 8802 1715 5314 1169 6509 5330 2929 425 5682 7972 4371 9112 5150 818 2716 8507 2101 5506 7087 8308 8754 8875 120 1232 1272 5727 3817 3215 1072 9049 7388 7851 6495 6812 8954 612 7138 4 4618 1201 1488 6066 472 9879 8443 7605 7511 1188 4754 9472 270 3971 5347 9660 4547
2829 2330 4030 3417 308 8245 4068 9247 8567 2352 6998 2173 9303 1384 2437 2391 930 3430 5437 3782 9505 5976 6979 9952 3909 6352 871 6980 7773 4853 2459 1388 470 2087 188 988 6931 7991 4826 4181 5738 7323 2813 1834 909 8828 2330 4328 4423 6265 1335 7162 2946 7335 5991 2776 6953 7567 9756 4487 8839 7773 7646 3948 5956 3456 9830 5956 654 418 9157 5583 4974 3345 550 6902 5971 997 2773 935 86 6556 5384 6431 9594 862 2232 8865 1923 1365 5054 1827 5985 6785 508 8465 2213 2921 4415 8899
3349 4858 490 4603 331 2286 5991 7742 5723 6145 9501 4774 7718 3512 1050 4498 1904 7770 8451 6651 5342 2457 8133 6733 6650 5618 906 6077 6002 5811 8729 7526 3536 7502 8827 8563 8591 2647 5428 4636 3609 5951 775 1584 4394 2450 3210 19 5845 6878 2348 2053 1860 9165 1847 8730 1618 6040 8206 4255 3882 2891 4810 1973 9540 7027 3252 4101 295 241 9734 3761 2474 8685 7725 5447 6585 3843 8336 1535 6133 4624 7378 2836 2184 8359 5281 9790 3526 1374 4669 2286 457 6213 5293 149 2187 6070 8846 4913
7549 9287 939 9237 9468 7984 4863 4405 6696 2035 9440 9820 9658 8072 5780 5530 7641 606 2172 8290 6351 9051 9914 339 9163 7372 38 2247 6976 4344 9079 8157 1923 5607 9882 6708 8346 3690 54 1761 2441 6700 3207 8756 1301 6026 9680 4481 2451 6257 187 2708 9134 268 4324 807 350 3871 5994 6452 7407 9177 6890 5718 7515 6594 1993 9947 125 6806 1233 9184 1723 4166 5598 6360 5408 5078 9490 4217 9267 6936 6672 8461 8003 647 911 6779 3677 7104 69 7217 698 7156 6785 5685 5441 848 5148 3032
5868 4458 3749 4289 9461 4659 1020 9672 5968 3786 6945 338 3671 7697 7032 7292 6291 2733 8099 3469 9922 3755 7240 2999 7376 4478 2140 6698 7998 2201 5882 7097 5480 6460 7862 7807 8335 6468 1734 5590 4286 3730 5323 4544 1937 5495 1412 4423 9349 193 3143 7794 4893 4209 7148 8976 7572 1100 8137 5057 6150 550 6485 3197 511 3561 4211 3858 2116 9935 134 1353 6185 3377 2651 8111 7384 6672 2343 6605 3005 1881 2835 6297 4590 4281 188 8670 9246 7985 510 5252 7350 7640 8701 7434 3563 7157 7175 1578
6452 8697 9956 9363 542 9020 9711 1115 7785 1478 3035 5356 2842 3801 9537 4859 7093 8525 8396 8933 393 4921 44 387 2093 3488 7704 5913 9103 1104 7413 3168 7284 8324 7893 7055 7954 7885 6861 3815 4712 7550 622 6500 7325 3878 2592 1416 7892 1315 4010 9883 5160 2161 120 9108 9483 9590 9074 9049 9669 8516 4948 2836 2896 3249 7740 2339 5340 3751 462 3438 2912 1377 2872 6438 7976 1726 48 3299 2350 6954 4405 6048 3908 389 3807 7604 6338 4976 1447 5728 6735 4927 6335 9858 8155 8580 6187 8381
304 4717 6295 1758 1562 1930 5349 374 2690 7683 8072 2663 2558 2398 1717 8278 8435 1759 4094 9054 5453 8740 6501 3542 1240 6702 8755 9733 2944 1057 2972 9337 9159 5030 3702 4611 1047 138 8731 9596 9239 7558 4081 814 1116 8644 548 610 6149 8789 8764 6308 8709 8823 9104 1959 4743 1648 3725 8029 1641 9942 9371 795 7903 6459 8975 6804 1203 5278 6525 3378 6022 805 2621 3116 6591 8645 1677 4230 6847 9730 3520 4557 8836 9878 1930 1492 5188 344 8650 8963 8004 577 8782 8133 38 3295 5072 6495
9698 1158 8538 6058 4768 5355 2152 8271 2345 2744 5373 3810 5531 5678 6282 7228 9278 9001 3738 8268 6871 9406 5351 3635 5580 4576 2466 6710 451 8439 5069 4872 9999 5402 9354 5613 9219 4179 6524 746 218 1235 9663 2726 898 511 2937 142 4214 818 1895 7594 9140 2282 3115 2922 4090 4437 422 6130 7706 478 6719 6182 3609 7603 9614 6695 2884 4687 9107 2255 2431 8636 4258 6286 5119 9205 5929 5174 8742 165 9538 5989 822 2917 1621 3443 2133 7542 4040 4223 8069 3421 8096 2989 8494 811 6562 3292
2729 6666 956 488 3488 5175 3429 2342 6429 2224 7513 186 4107 296 4289 1253 3922 6697 1376 9012 3937 1245 9357 2319 4812 1321 915 5168 4372 7736 1082 5451 6722 9566 126 8060 1340 7126 5336 6105 5214 5258 8295 1278 3542 6025 8577 3201 523 747 8478 9538 2640 6895 8148 1476 5165 4729 9134 1423 7693 2189 2328 9744 884 2743 5842 8142 541 3314 1652 8284 3273 529 7836 7277 28 5815 9599 8341 457 1672 3539 5047 3022 7095 5851 5820 8270 9650 9433 6245 3503 3885 433 4933 5997 8928 766 8429
7041 4026 6567 8104 8250 4007 3576 8207 4002 6789 9399 4619 125 442 5974 8249 7010 1550 6459 9792 6360 6799 5899 7299 2471 2743 935 8036 3312 9493 3019 2011 3608 6583 2551 6279 1601 5495 2466 3222 8440 6187 8874 4123 6978 9124 3431 4760 2545 9612 4992 3094 8882 6416 7730 1192 9662 4580 4735 8666 3551 2303 3429 7984 3562 2088 5437 1048 5644 2547 2438 264 9936 2126 8957 4527 9905 232 8624 6543 2203 888 555 8985 43 4720 8490 8072 6813 24 4211 1936 7984 2919 20 7944 5087 685 6818 9230
4282 3780 2008 2270 2538 3953 4504 2733 4756 9026 5395 808 9090 2993 1611 1990 3250 7620 4407 5033 6481 6943 428 6544 5464 2100 975 8995 7473 1070 1566 1873 1628 3600 5967 5909 4261 8750 7287 3255 1401 2879 2183 1158 2141 1145 8770 1005 9901 7348 1851 987 7476 4984 4380 7691 9530 941 6206 7858 1195 5654 8660 5559 9263 259 3877 8203 5320 789 6202 6172 2300 6085 4442 1185 9125 4599 2958 9692 6123 3605 9045 7198 6789 8105 7174 4159 7243 8247 2146 7370 4935 681 1795 6667 7886 1380 8728 3602
877 4307 1971 2559 4705 4303 354 8624 3435 7688 7960 3787 3874 7756 8532 2351 4782 9516 1755 5715 35 7334 5700 1233 6434 8951 8355 6420 3604 1394 4606 3469 5357 3923 5901 5289 9921 9143 7383 1742 4125 6456 6 1807 4073 7913 8090 7205 1394 6419 5859 5300 697 9450 155 7683 8263 905 7743 7685 9499 7793 7489 9167 5417 7128 556 2855 1168 6397 1078 9760 6307 7726 5986 559 6120 9728 6657 856 6469 8436 2915 7399 9419 6793 1674 5084 5011 3556 4971 804 4437 6442 4784 2345 9396 7355 3107 3220
9917 5062 5897 8181 8098 6683 9487 877 1989 714 6722 4189 2654 9529 4461 1609 3208 3823 4474 1971 5485 9463 4039 3464 4763 5472 8141 9874 64 4913 3156 4748 9599 6327 9247 9342 5325 5112 663 1297 2262 1266 1999 4673 4176 3559 6278 3979 4557 1241 8556 239 689 8606 4507 6493 314 5571 6742 153 1725 1741 3273 2435 3040 3097 7699 8665 1757 3644 1778 8444 7294 2595 4082 6108 3023 3828 9369 6111 3844 39 2580 6527 1155 905 6334 3580 6848 1479 5704 9893 9016 7504 2164 5280 6196 3270 990 471
1621 6509 7883 2582 4356 8203 3879 7957 7581 7565 5375 6948 1510 2837 2578 3900 3326 158 3755 6451 5078 1415 2164 3676 9562 8201 8863 2227 1377 6549 7331 9292 8925 9373 6674 5169 2419 6135 6909 1438 2580 1988 7065 8730 5854 2366 5896 8225 3606 3303 951 6621 5976 9110 5743 526 9161 7061 9698 3822 1166 7435 6792 1587 2224 9871 378 8392 5258 1344 9830 6645 8190 5437 6881 4090 3078 377 8443 2404 9445 520 3154 3034 2660 3615 7623 7445 6930 8185 6138 8042 1793 7934 1769 9770 3412 2392 6979 4377
2006 1976 8175 12 9148 3328 9058 2819 2371 8651 1790 6781 1569 333 3494 4333 6162 5589 3892 7657 1654 4369 1918 1701 751 981 9584 7643 3610 1737 2971 1973 7403 9396 2997 9303 1136 564 621 8986 8939 1475 222 2473 4668 1159 9182 1337 7989 1183 4153 3880 5265 7490 2893 5432 8445 6797 2956 5191 5411 4723 9462 349 158 1700 6527 1906 459 5375 8330 8237 9387 373 3449 8548 2171 9582 3463 4406 2890 1438 276 460 9080 2659 9695 8004 7269 7226 390 5491 3650 4743 5643 9353 3007 7988 4013 5118
1921 8958 2952 5297 1888 8159 4881 4274 1429 3367 9244 9114 7110 3981 9350 5258 866 129 8187 8051 9556 7932 9030 1594 5349 6701 4878 6701 1427 2973 2359 4096 4256 241 9642 1182 9068 9931 3156 6022 6363 5896 1853 4106 6265 8823 3455 6363 6570 9439 6484 8625 5755 2111 7755 6440 1038 9528 2880 7028 8621 7191 8554 3959 6508 4420 3541 5506 1411 1704 7886 7328 6069 4684 8294 1155 9507 1999 8231 928 3916 5578 4951 3507 4041 6730 7828 6919 2933 7947 5936 737 5573 7164 9704 9836 7033 9487 4767 2708
1505 7471 815 2916 8028 1222 3684 5557 8888 8520 8666 3952 2206 1191 7197 8547 9204 477 2115 3541 9079 6966 5645 9289 6843 2651 9528 5207 8915 6134 6389 3536 1103 2248 6253 8495 6632 7378 1608 7273 7240 6386 4282 2165 3244 94 9199 6162 7788 6516 2984 2779 2620 2582 4128 8059 874 6571 8078 1483 2847 7011 2844 6259 8664 5207 5519 5024 2771 1034 3367 9283 7199 6097 223 5029 5261 6346 3507 5049 2891 8899 2729 7402 8282 3439 6636 4522 4518 6703 9226 8337 240 1847 80 237 1221 4812 1898 2346
770 6299 9161 3027 9440 7382 9661 1197 3575 2344 5306 5290 8442 2957 7180 7715 5977 4117 7657 1329 8389 6022 5335 2910 2585 6883 3899 4764 8963 5695 9605 5991 7707 4852 3042 6119 7219 662 8843 3413 4489 5455 8956 4582 7404 5856 9094 6918 2651 1494 4551 9262 9754 3932 9844 8951 7236 373 5803 5304 5347 3798 6683 3828 9036 2003 3513 2973 9625 2230 2168 347 9109 1202 4600 2952 1346 9526 5335 3040 524 8783 8043 8674 3524 4871 2577 6649 2283 523 8569 7112 5855 486 3143 5474 4788 5780 31 3423
791 4018 1113 7035 3144 9850 6571 2663 8704 6478 6080 8001 396 3388 9522 6996 5736 1708 6517 5095 3035 6226 8608 1222 9016 5949 2184 6464 5630 4064 6146 9172 1399 5366 6934 7350 3359 88 8941 8211 8976 3516 3226 1797 1126 2828 262 9792 2538 9963 2075 3859 6823 1558 279 1373 9940 7340 7087 2202 2536 7655 3177 1721 4798 3945 2929 1241 1411 562 5889 532 1864 6931 9614 8244 4293 575 5733 2345 5788 7630 6211 8145 4951 3957 4938 5556 9315 7131 4987 2305 1915 6387 3058 720 8097 952 7254 7593
2201 2390 8500 9832 2904 8494 3554 5802 4492 4534 1910 7715 8828 5732 1339 9107 9087 5300 5946 4500 2316 2728 5042 7279 3331 5402 3535 6563 7027 6568 6910 1637 7909 6467 2046 6328 1386 3567 7365 8816 2288 390 8451 5738 9268 7543 2117 4230 7088 8162 2189 3813 5034 8341 3965 4046 4682 3867 7438 2051 6005 1304 1466 3239 4097 8831 6036 3081 9196 9289 8192 5803 3922 2439 1918 1488 2128 200 7623 7712 9655 1410 6981 2071 1049 8062 6090 999 2347 2818 7357 7387 5170 780 7733 5621 8267 1130 9298 7535
9587 3656 5716 6309 5348 8790 485 6152 519 8706 427 716 9165 2420 3319 490 1151 6483 1573 9942 1573 2106 9760 2327 7665 4272 2597 2849 5795 5532 5449 3540 3061 4869 1205 3558 1391 4077 1676 9009 5940 7510 5872 4598 2060 9792 5364 7837 4135 1908 75 997 6393 9168 6104 914 5512 2735 490 6143 9678 5036 5561 4814 430 9260 5857 8430 9219 7289 9868 4751 8000 2096 5215 6221 7158 7754 4760 5785 2667 4270 8923 7889 6665 7339 4617 8824 4903 8353 6193 2332 6480 1736 7662 9370 523 9863 287 4782
1124 103 5592 9569 9952 6441 3306 3784 1559 7716 1696 9849 4720 5073 2374 9080 24 8135 6958 8637 5515 4405 9178 9735 5174 2314 7170 6540 7907 2301 9624 2314 5135 9903 7145 3202 1076 6411 6115 6720 4865 438 7682 3909 2223 976 525 3019 3102 2575 3546 6020 6725 2018 6711 300 6605 3872 1825 8282 9619 860 2009 2872 3860 4233 1531 5958 4520 2209 6170 9646 1362 1069 869 7753 743 6383 1033 1237 1601 9686 5130 8669 2600 4195 6602 1403 9397 2467 5588 3803 3607 9926 6533 6560 7841 4431 2337 2938
3658 5168 24 8204 3647 9207 2036 51 3978 6825 3444 2733 4687 3331 2631 9208 4726 2357 6438 8394 547 7547 6188 9650 7540 7665 9778 7906 9086 7956 3499 9091 2063 5700 3024 203 5247 8133 6927 5723 5818 8482 2311 3682 8491 6135 8707 3536 9338 1684 2043 6212 735 2992 107 9880 7709 2680 2527 8973 2856 1573 585 8168 2815 3326 5928 8259 4822 3701 8025 4057 5716 4048 3367 1723 7404 6165 3678 2349 787 4059 5604 3498 4519 9850 9885 3177 6469 7395 5731 3021 6739 9600 6800 3379 718 3441 1019 4440
2976 8308 6792 1315 3393 4093 2173 7097 4484 4332 2611 1806 9869 2824 2611 9249 2546 7628 2148 1106 5571 4561 4882 8662 9357 7500 8291 6541 5940 559 8217 840 958 4717 6245 8421 1384 4206 482 2277 663 2383 1458 5635 821 6761 7073 6459 8165 7671 1822 9065 1647 1912 7783 2457 2802 6811 7396 3858 5637 7188 9280 8888 6670 2062 5614 7540 3531 6004 63 5402 7602 2983 6165 2974 5592 9171 393 2864 9286 1629 2235 4958 6231 3842 7528 1492 1919 122 9397 3777 4468 1854 3010 8204 8359 4057 1268 6717
5410 6368 4201 4466 6663 8907 7082 3950 8495 773 9448 6799 9400 3395 3579 8087 5446 3054 2362 306 4886 2813 816 8835 7485 9370 2165 5171 8071 5233 9467 7007 117 7932 5001 8297 4135 3287 6676 7734 5654 5630 6409 2009 1038 900 9064 3209 7665 3555 1903 483 2714 2455 931 8319 5101 1922 789 3621 2784 1463 9494 9060 8723 9295 2188 3584 3317 2083 8282 4484 9504 3926 3959 1435 4601 8679 2188 9075 1172 4318 7887 7935 4842 26 8176 1069 1533 8545 7974 251 4864 5760 110 5575 9827 2303 9195 7579
998 4546 6812 2416 7880 9974 8780 3300 3339 4458 5271 2417 6044 4173 4016 9512 6792 2019 1815 5441 3635 4834 4707 9104 3354 5328 8835 4846 4037 2996 2482 2908 3290 2498 5548 8426 281 6966 396 841 6269 9164 6629 2681 1742 5178 6727 3881 6996 1790 5746 9930 6646 2250 3734 8421 5389 2198 1541 480 3528 4644 5699 3496 6980 3990 9535 3515 3390 7870 9411 6551 3131 6101 5135 7827 6973 1293 8258 7237 6300 2615 5839 9350 8449 7782 3671 736 9186 6374 7487 997 9378 6037 7230 6746 4329 1531 6867 6769
6678 9078 550 3994 1715 9627 8724 3336 1218 5040 9718 7671 9088 4839 2056 4881 535 5194 833 8596 5879 7613 5303 2754 7629 1194 3855 6793 5073 5040 2487 7501 2536 936 9671 3537 3056 6756 2442 5109 6243 4708 4311 6385 5325 4040 7397 1644 9797 2664 6050 1282 8424 111 2710 6097 5907 8319 2786 4258 6477 1592 2059 2724 1127 2320 6952 1724 7268 2209 3018 3721 7303 7897 4257 2061 6279 6643 7702 2874 2084 8234 5361 4837 4115 6813 6726 431 357 1819 5232 498 2501 6827 9414 1726 7895 2139 3783 7223
675 4720 7837 7577 3637 1854 2059 5069 3670 9266 9140 3046 6424 6124 8309 2536 7471 4084 4669 508 865 645 524 8249 8147 998 4643 9357 9052 5311 3717 1070 2391 9488 4023 5040 7438 6198 6472 8729 4401 3885 4599 8027 1650 7233 1119 9942 3399 53 715 4317 8643 6751 6092 9668 3857 3264 3550 7010 4399 7051 4554 5708 3483 244 854 7397 9258 800 4153 8933 2050 7737 2896 7451 1329 9291 4401 9094 5275 5448 7660 4553 3601 1600 416 7233 3310 560 1479 8964 302 1303 6668 6122 2616 29 1148 6559
7615 8854 655 3417 6828 2485 7429 510 5521 5041 5946 1195 1615 9386 7294 1510 3831 4317 8011 4812 2666 5834 5150 8271 1849 5132 3328 7861 47 5136 5533 8942 4312 6447 989 4763 8188 8561 6401 2844 4210 176 147 617 1298 4635 9002 8056 6333 5547 4506 4873 8148 2770 5450 7504 2072 9382 8594 3175 2568 3671 5064 7095 5995 1173 5931 9755 3425 678 3045 3319 9646 7045 996 8451 7393 5949 4239 7213 564 6675 1171 3573 5097 7834 7372 7186 594 9599 4046 8636 6216 4593 6722 8016 8411 5060 318 8860
6346 8049 617 4995 7693 6727 3380 7444 3916 719 376 6521 7492 5963 4296 1888 3837 999 8979 5994 9490 4095 8725 5254 9285 2407 4014 1607 7221 8232 6271 4104 3859 5784 7291 8593 8111 1623 1238 4341 7303 2877 7935 1580 5230 7126 4618 940 4069 9569 7118 7103 6996 793 8029 7839 6220 2180 1366 3036 8304 2452 7442 4901 1113 7902 4833 6620 6936 3441 3990 7137 1562 5530 7129 2495 7853 8121 3567 9671 8483 6523 9111 42 103 2225 4227 4189 3966 3496 2738 9383 2785 7939 7092 2971 2594 2866 6452 3638
5446 5637 6051 5439 564 4262 7180 1157 8780 923 3640 6505 3570 6525 1046 4227 714 8482 3322 3090 974 2881 7965 8790 5672 4094 1024 9907 2307 8351 994 6325 3612 175 2580 4271 8866 9703 3579 841 7787 4851 3780 1427 779 3155 6868 1630 7815 1310 6067 5233 1153 727 9898 7967 2628 3590 8769 2989 4839 2344 4051 1038 212 7774 2100 5199 3148 1166 8408 4881 6704 6979 9862 3404 7338 4447 9353 3368 6977 3125 8923 4059 2957 1067 2636 225 4759 9632 3903 8665 4541 2986 7763 8721 5621 2643 5391 6753
2797 2414 3086 637 6079 1001 9642 8000 8994 4228 3056 9451 6944 2843 2071 3245 5804 9818 6009 6128 3556 3430 7267 5801 7 1954 6488 7475 584 5088 2253 2454 6546 6600 9941 5407 4752 1357 3086 3428 222 721 7481 3784 2682 5643 1348 366 5968 9816 4727 597 8232 7928 172 8609 3917 1897 1284 6980 8791 5000 2464 92 3687 3843 6899 3867 3212 5218 515 1031 2209 2672 6742 2098 3588 4643 5952 2538 2270 7697 1865 5673 3481 6764 3365 3444 5196 6033 2352 3016 5900 7486 1244 2115 9656 3526 2912 5994
3489 3100 7702 3788 9839 2141 1774 5251 7085 458 5011 3050 8095 6331 630 6222 715 9578 818 7650 2156 7237 8439 893 1703 6210 7582 6200 7468 7296 7035 8519 2293 2771 7122 8915 3793 7126 9949 2223 721 8531 4658 1720 8554 725 5885 6572 5305 3105 608 2486 6531 6760 2677 443 1836 7839 9915 8562 8687 9076 8877 5258 6476 3474 829 6141 4153 3471 9632 4510 1803 3271 4526 5593 3908 5229 1574 8687 7091 1975 267 1559 119 8541 9312 7892 1719 124 2097 3670 3819 4036 8859 1666 884 2002 2620 9853
6225 382 23 6061 2660 5800 7854 8891 8897 4048 11 6 5582 5616 5933 9601 5069 2657 4371 2963 1707 3401 6966 1384 1126 6874 572 928 6605 3676 5723 7492 5102 6274 9848 866 1898 8177 8007 3425 4429 3091 6431 2776 2861 5964 416 6924 9284 7889 8199 3351 1791 9107 2833 6276 4396 8382 4060 4898 6921 2052 7019 1836 8488 3932 8653 5284 1960 405 8302 7213 1593 1455 4461 8031 3498 7527 4049 526 7042 719 8078 8078 6400 573 7845 8197 1378 1299 5702 5288 6234 7696 1547 8485 5991 6279 432 6349
7773 1477 827 8541 3704 2012 6788 2776 7920 5881 2077 244 6618 3391 1207 4915 5430 4623 46 892 4228 3105 4194 1344 7302 9544 5270 8728 8262 235 2675 4854 558 1569 6613 6061 7604 7671 9815 6426 7414 732 6618 6301 6946 2551 4158 5127 3760 4831 2124 7889 3969 142 3059 2868 6437 3861 8675 8633 1050 4452 8139 96 5877 1964 43 5251 651 9250 7895 8714 669 8235 5439 2433 9205 7524 6486 9837 6536 9630 1165 2426 4025 7107 3614 8057 1030 8558 4647 4715 1599 6212 233 1058 4596 20 581 9429
867 5517 6221 3496 1915 8713 4390 7683 1362 291 5066 4230 5026 6921 1458 4271 6436 3374 7368 5100 6389 1563 526 6185 3070 3579 1418 3640 2122 5557 4298 4265 7506 7180 9030 8232 2699 4894 7417 1996 6885 9132 1467 9597 8833 3402 9071 5019 2122 7102 7788 3880 3316 1721 1277 1961 4451 8468 4335 8792 8277 4456 7295 5791 5619 2751 785 8362 609 8640 9577 1107 5461 8371 2848 4421 6947 8769 2892 7267 8810 1956 7760 599 1862 2571 9228 5649 7773 3516 12 5799 6142 2531 7382 8229 4234 9859 1739 3770
7357 4553 1618 1774 8106 7517 3369 5025 8844 3908 3535 8946 970 3181 1034 8284 9459 6511 3162 5526 3281 2585 8302 8154 6304 4759 3690 2691 2041 2616 8549 804 2626 7147 3839 4409 6136 3289 4620 7654 4416 7964 6572 6873 5198 2224 1573 2296 6921 7658 1087 519 2477 2868 4222 8401 8052 9320 1536 495 8425 428 7181 3193 9555 9433 4721 6986 2020 2773 124 3105 7432 521 8500 5421 75 287 8547 6587 9834 6135 2839 6166 6911 17 7466 9525 1340 2991 1402 4585 2749 4676 6631 7683 5240 853 7675 3034
9900 6236 9332 2946 8835 182 1633 805 5974 8269 629 2113 4786 4366 1608 4172 4558 2964 3816 8915 4961 1444 234 8240 1729 6576 2755 6525 4408 5794 675 6302 6981 9779 8842 3214 3488 8971 2664 1608 7762 9201 39 4322 6193 3510 2259 1740 3316 6009 4018 7162 4688 1404 3268 3800 6211 8487 12 9665 9102 184 1456 5557 9495 947 3862 2642 202 6726 6389 6940 3705 7511 2413 2244 7851 5895 2721 4958 3157 7934 9617 4881 5086 352 3044 9419 2860 7877 4535 7013 6446 8908 2074 8134 2037 5728 8329 4135
1863 149 648 3680 9082 4365 6932 9885 4709 9355 1223 3758 730 6375 1638 1997 3843 353 4086 6283 3438 4723 2007 114 2365 7625 5989 640 5539 9908 3394 7160 4744 9229 1118 3266 1748 9699 1576 9353 8232 6749 3831 2101 4684 589 5624 4703 6471 387 8205 8227 6486 8762 9541 7536 5320 5390 8133 7774 2278 5979 9065 9384 5 6374 6545 7408 6977 5220 5688 4860 5245 2385 9499 3843 5871 5565 2723 1770 3844 4099 7799 4091 8039 369 6989 5341 2492 1969 1877 1578 3697 4467 7528 9726 5921 630 6870 6498
6487 5578 360 2171 2682 9298 3593 2740 2411 3126 2029 541 8494 7933 8556 5253 8128 6431 8885 3195 5055 7792 8717 7524 4144 4015 8649 8290 1667 5432 3240 7332 6598 9913 7276 7691 9034 9881 4206 374 6027 2249 7963 8941 4141 7892 3892 7721 453 5558 4762 4038 1031 3791 5127 4054 8970 3989 4570 9866 575 3506 9198 1041 4448 3259 9593 4861 3764 8818 5351 672 1794 52 4301 3211 3681 3353 7839 4756 8431 8227 799 3159 4433 4848 4395 1445 6547 3222 3128 6042 9970 9210 3197 5066 3003 56 4637 1125
8612 1079 2163 7925 9110 2855 3221 5299 7846 6512 3854 642 4162 1741 448 809 2651 991 807 7898 9172 7124 7036 2433 1275 8465 4395 9955 6386 236 3099 7714 8881 7633 2451 3938 7036 1854 4752 377 8479 8955 967 7323 2815 3524 289 4179 2070 6968 355 987 721 8317 3432 4581 6977 3937 267 8410 8871 8025 8647 2576 2771 8996 2149 9181 9135 2977 4201 5168 1244 1361 2631 3722 2934 6637 5921 6871 398 8946 2753 2800 4634 9689 7660 8150 2654 9086 8830 6371 1773 2172 8902 8302 3393 2088 3264 6682
7347 4162 4687 9727 5875 1607 3320 2065 6758 4253 204 2160 3957 1681 2505 6265 3223 9941 6933 2857 1866 2528 8526 4693 5612 3993 936 2628 1026 621 4836 8901 6747 8440 7747 7690 487 6774 2730 9559 3009 8230 4134 6898 3645 6496 7789 4568 1848 850 6750 6411 5921 1351 4396 6515 1258 1840 4541 9375 3792 1045 2827 484 1647 1616 1883 8874 8005 665 8368 8314 8903 9598 1202 7857 3806 6496 3919 9266 5727 1545 4469 3176 6606 8177 2524 3893 1486 4473 140 2089 8077 9239 6068 4973 8758 6547 3406 3435
5119 4460 1647 1240 2164 725 1790 2209 778 3812 707 8001 6350 5899 9244 2681 3186 1129 2455 218 6428 6045 4212 8270 3156 6365 2135 8055 202 8230 2833 1758 3623 8181 2646 4050 2664 8477 1373 9537 6033 9587 2752 8220 8320 2598 8685 5553 1472 3524 3648 2392 9395 5937 4526 3451 1282 9294 6588 4607 1459 3394 1647 9041 69 9892 7450 4211 8227 6476 9649 9759 4247 9652 8289 8841 7199 5431 6451 6849 8907 7761 7904 5691 8782 7551 7035 9447 2102 4193 3617 5732 7771 7440 9991 6840 2940 3621 6414 1550
6999 545 7131 7884 1477 6959 1280 4998 1070 6153 4148 2997 6720 5357 6813 5522 5419 4163 7554 1308 9922 2736 3512 2149 7875 6663 2728 4225 9645 1068 120 367 7117 4036 8059 8466 1124 4198 5078 6001 7889 4608 7174 6504 8485 151 4595 1053 6666 8963 7236 3847 20 8751 8134 6102 7643 8642 436 9581 602 1473 4227 2572 3300 5509 4421 9488 9501 897 9013 1490 1932 5454 7410 5954 2635 4538 3540 472 6927 7522 2549 6118 297 3262 2407 8791 7477 3336 5665 2164 4411 6751 2215 4756 7362 7934 4585 5342
5572 1960 4527 7203 6651 1621 6817 45 9814 5592 8510 5945 4825 164 1972 2960 4250 2478 7121 2570 1096 2859 9085 2166 6604 1807 9292 6231 2958 5942 7865 855 7603 6973 871 1045 1869 3958 5558 8376 2043 1250 4913 762 246 3123 342 6495 6305 9122 5323 1700 5478 8693 4707 2352 4899 8180 7329 4949 6160 1478 5685 6249 2579 6022 4664 2347 8472 2655 1079 6170 9441 6391 6434 1435 2366 9948 4041 1269 7530 5316 5646 6416 4480 2406 2190 3774 8480 6790 472 4376 5770 8219 9923 1332 2262 7775 8239 1056
9514 7180 2023 1429 6572 4655 3312 4011 8806 3399 8365 5247 8197 5464 6787 7234 7826 6208 1128 1177 2369 5411 1606 5384 1115 6322 2968 8613 6829 975 9714 7353 7454 4048 13 9999 1217 3284 1113 9932 7035 958 2655 4597 9809 91 3154 2113 3567 4068 5342 1794 1294 1446 9236 7193 5426 6143 6617 1696 3743 5331 3445 8939 2632 4142 8725 914 9801 6567 4344 1850 4252 7186 8860 1134 6181 3333 521 7771 4145 656 2908 4944 8284 8102 3159 6956 991 4752 9366 2848 5496 2958 5304 4447 7659 3752 2630 4836
8957 893 8141 3494 5474 1710 7442 4330 7309 8558 2795 4591 5381 204 6757 9216 4443 3330 1503 8461 1113 6075 7426 1750 1116 7098 5885 5783 7756 7759 6239 9729 6786 9685 2625 3552 8503 795 9054 6622 1489 8373 428 1156 9204 7839 7346 8548 1288 8339 1510 1965 751 7471 7145 497 199 3939 9720 7989 8796 5037 7722 2513 5974 9396 2758 5738 3059 341 2584 2152 9239 4642 6613 5881 1367 7805 2650 1414 5769 7391 3153 9846 9597 637 1185 1461 5652 3188 2848 5462 3316 3190 5453 9402 5704 1263 5302 9110
9888 4747 1080 6189 5816 1752 26 1447 8631 7642 2155 9896 5828 356 6868 4761 364 2372 5842 9469 9427 398 4595 9353 725 7720 7916 124 2517 531 7312 8442 7950 4536 4241 4926 8533 8021 4620 6860 8295 2734 7040 7589 5778 1579 5692 4172 4601 621 5897 6368 316 6758 4859 3429 9233 6984 262 2786 7442 8822 1916 2146 5129 1057 9713 5122 6924 8492 3784 9239 8153 5175 6558 7879 3583 3418 8937 8654 4334 7814 9079 8423 256 6975 8029 4382 7076 8804 2873 5974 1167 6097 6788 7848 8634 4291 5408 6920
5633 2367 8769 2133 1974 5472 4212 472 6761 9458 9497 3881 1300 3854 8844 5230 7782 2150 6354 8471 899 6847 5816 2862 5200 7786 6169 2361 6482 5944 8090 3716 7296 5328 5714 7262 3866 4876 6347 1380 6078 9781 1283 6913 8043 6415 6829 7374 508 5922 860 7418 2844 9860 30 6407 6978 1189 1166 6940 5684 7349 9453 1346 3629 1577 4554 4340 1945 1046 4276 8097 3006 1181 8193 4984 4060 7578 3469 6105 8082 2722 1699 5385 6802 3167 1079 4676 9908 9596 9889 790 9851 5592 1062 6080 9594 7420 2831 3042
1147 3148 2559 3527 4611 5883 9448 1268 1666 8743 9423 7647 2474 7344 136 3287 1284 3617 5526 7250 4098 6463 8745 5712 4726 3880 5727 1180 1167 4047 8396 581 8180 3263 3301 3275 489 6134 8280 5125 8491 765 483 3055 6704 7687 7368 8372 1531 9443 9755 8058 3103 4184 54 3758 1927 2242 5834 3428 237 3854 5341 1947 2572 7337 6889 9738 1116 9020 2173 6453 7082 4636 8060 6328 6802 2710 9687 9020 5571 9271 782 2804 6484 2508 9151 780 5899 9312 8376 8768 7779 3643 6137 9419 4132 8590 6672 3086
3541 9680 9117 4045 6307 2650 6226 5577 4626 7843 5444 5987 533 54 2408 5802 4838 4149 8411 6870 3669 9516 268 9900 2788 5439 9156 3433 4698 5797 6920 8651 8700 9367 9207 8447 7453 5985 2759 1231 590 6148 2108 119 9098 9114 5966 1898 6491 1064 7430 2423 9984 3058 9492 9978 1274 1108 6021 7567 1917 4418 6819 2446 9206 194 1726 4694 4034 6494 9756 1896 6648 7338 8187 4893 2186 3469 1698 3505 9211 9901 2539 7112 3769 9013 2135 310 3076 2305 3350 5869 3751 3914 4273 8826 993 9157 299 1013
5019 1404 4609 7881 727 9595 9831 406 1068 3550 215 2341 5346 8500 923 681 1829 79 2606 3317 3284 1737 7971 1118 1628 7466 9176 7244 3453 4620 3411 5729 7816 3046 8460 1443 4890 5159 3190 6542 6277 1526 2646 6172 3212 1992 8844 3291 4067 5889 6242 625 6862 1449 7662 3066 3481 8479 4438 3723 9631 3968 1054 8073 1618 7421 3817 818 1322 5132 895 3722 3655 5111 2746 8853 3130 7005 3122 2968 8698 5451 8752 1777 8984 3753 6467 8722 9032 4638 390 761 307 3694 379 6846 782 3980 7408 4652
3404 9892 149 6608 8106 2685 3984 6061 2121 9552 651 8553 822 1023 3173 4616 7886 5507 4222 7873 6122 6211 2755 3686 9813 6331 9375 1145 2612 6076 6591 4049 9499 423 5478 4159 7268 3420 3393 5676 121 1933 5147 8457 4163 1290 9225 1063 1714 4591 2595 6387 4239 9881 6731 8083 9992 1739 9310 9611 3849 7244 9850 6871 5120 4034 8006 393 1031 4779 6317 5358 2721 6131 4633 6603 5910 5743 6389 5091 9677 3718 2725 66 7132 6454 3794 1300 5976 9875 1439 3156 6610 4085 8800 1982 3061 1553 9637 9596
. 484 5 248 423 353 108 69 236 981 778 128 909 92 841 170 908 919 615 259 992 985 295 845 550 985 921 589 483 661 95 351 682 737 50 783 836 180 851 162 844 108 945 256 890 11 . 4281 1679 9428 4658 2118 4541 3558 6326 8474 5167 7854 1171 7906 7369 3959 6082 796 1464 9404 8519 7055 9280 5432 2738 4571 8994 9119 9860 6411 6089 4343 6603 1465 9686 4896 9421 6967 9962 3382 9492 8235 8250 1379 446 2768 1160 8894 643 6501 8367 4865 6521 4438
2703 7233 205 8917 5551 7829 5276 3911 8305 4536 3947 7182 7086 1166 1016 976 4225 4087 2070 8571 4798 9270 7643 5832 3371 9745 3850 5204 8744 9064 4787 4912 7325 2620 4684 7838 5001 6592 527 3604 3954 7805 9777 8642 4947 2432 2316 13 1572 8754 2118 6827 2181 5431 6828 7207 9415 9894 4378 8757 335 3927 3841 8949 517 1807 7163 2955 7253 8507 9607 2383 341 6411 9022 5675 9374 8978 5894 3129 4148 4248 6827 8052 5770 3742 9588 7502 4189 2537 6957 7786 8443 6134 3464 4644 854 7188 2332 278
2936 4133 4235 511 3203 4884 634 3463 7888 487 7845 8676 270 9608 3697 6579 1331 4090 8217 8654 1054 5429 7415 2607 7146 3051 7914 9318 8629 4918 8878 2490 2435 9713 636 3652 6175 4067 1519 805 3117 8645 3314 1485 5383 2154 8926 6031 4044 3783 3087 2746 6450 8955 327 1612 9939 3629 983 1923 516 7079 8252 34 4926 1667 7376 1248 6868 3616 4209 1652 3310 2804 273 5964 8363 5750 6888 7162 9636 9317 7963 8882 8835 5258 904 8391 815 1825 4678 2696 8009 2018 8934 5390 4205 4986 3603 1030
5647 8608 7368 5106 3299 1223 3826 1849 8194 976 1299 4793 4306 6094 8002 1441 7184 8912 5638 599 8623 274 3361 9353 1956 3424 5384 1571 5814 1192 1265 1562 9722 5972 3310 8092 1167 2793 2771 7354 7332 8464 9876 1904 416 5724 4941 7768 3986 8977 5516 8577 7205 319 3575 4913 977 4665 5983 7456 3269 8508 8895 2469 1208 7729 6052 6473 2246 1214 528 6919 1719 913 5442 3145 1555 3870 1583 1839 3538 6761 4473 2536 6612 7379 6351 5525 6826 9681 8001 9443 1576 5524 620 4916 6459 7935 9400 4238
5457 2768 7530 8199 3774 2390 9247 4373 1492 4432 461 5496 9952 7986 1618 3527 7992 8982 5161 248 2401 1413 5878 6777 5114 6301 6722 6876 6000 8818 5776 1227 3099 6518 5795 9418 1304 3246 3186 5392 8534 4837 5092 9993 8938 1452 3592 9759 8613 6380 8928 1757 2807 7878 8117 8624 1746 5706 4783 9716 9753 2683 5815 5901 3583 7583 4992 1326 382 1806 5413 9693 7459 2937 6545 632 7822 9658 120 1227 253 1712 5991 5411 57 7562 6432 5041 5177 6793 1997 1230 4810 9023 7079 3083 9913 6119 3817 1087
2728 3936 7612 6930 3525 5227 8060 9153 3662 9327 9722 5163 7813 8622 6846 9651 4099 7863 6597 620 53 3088 1295 9450 4379 7497 2227 5808 2690 3484 7767 2469 8968 5838 9045 5304 9783 9070 5768 1476 1690 8764 5157 7741 9622 914 9267 5015 3906 8343 3192 9186 5917 1718 755 3072 5411 2850 945 6550 7981 5575 9644 2175 1162 9361 7268 8171 8187 4145 3783 3567 3708 8235 7063 3478 8876 7712 4724 4637 6677 4298 4747 3203 6321 3206 8133 3363 3991 5422 7545 4222 1123 2508 5263 3476 140 3655 326 4944
2835 7036 1833 502 6216 6948 4341 2836 3267 491 9834 3152 5528 8683 5947 5767 731 1021 6950 3078 587 3157 7639 7548 4723 9177 2070 8025 4351 7168 9725 5196 8403 9234 9180 994 6674 8449 4140 4614 6554 1121 8729 5374 3292 9238 6665 2142 3343 4863 769 6570 9950 4499 7727 4339 8901 3905 2476 2231 2174 9051 4517 3961 5958 4889 3123 4042 8219 822 3943 6430 2610 753 8569 3443 17 7986 2187 8802 2565 5327 2192 3239 112 4685 2555 3898 8700 5946 7033 4933 1071 696 4964 6376 2186 4559 4577 4361
9111 7950 2858 2869 9642 7700 9708 2183 4610 5743 7011 8606 3230 7153 7695 4229 6969 9214 8481 9807 254 4157 2918 2916 2655 5115 6309 7284 3773 8734 2990 4030 2004 6081 5664 7325 2609 7568 4146 9867 127 8941 7678 6793 8416 528 6478 8267 5137 2356 3314 6823 9743 9691 6080 5872 8810 8054 1164 7379 8112 9293 4109 4388 7342 6228 1602 3736 6170 905 9171 1873 3979 329 752 5097 6290 227 5999 5111 1661 5277 2452 5710 3604 5516 5067 107 3707 3768 6058 1928 1608 3420 9881 8906 530 8292 794 7303
5765 5827 9633 111 6742 8931 2997 7582 2621 6105 4597 6610 6688 2034 4962 5640 2944 2685 1650 5120 2007 3269 7766 442 8760 9820 6710 694 468 7507 6366 4641 4853 8109 4150 9775 8541 421 9510 9003 451 3310 387 3894 8300 593 7353 6129 5652 1780 2061 7133 9416 9743 8468 4764 512 7738 5708 9808 9386 8794 6195 512 7971 3406 118 2190 3539 1144 7109 2659 6155 2308 5864 7689 6000 8383 3999 3279 7125 918 7421 3318 6473 6099 1388 7926 4275 8088 627 5839 2865 5858 232 8860 2770 3081 7768 9281
1126 2635 851 2692 9901 15 8112 8541 4297 4264 865 4411 5922 4409 5650 713 1510 7357 1843 8767 3109 335 1319 2384 5638 2362 8674 3297 2709 5537 7697 5517 7211 3056 9653 2046 384 5389 8056 4480 9179 7223 3740 3200 3479 3828 8939 5856 3905 2291 2626 840 4479 6022 3578 8246 2914 4539 7772 8935 8102 6367 108 8580 4391 9256 6739 3058 3502 5210 8868 2483 8527 3924 7688 6596 2270 940 1607 3172 2580 1615 1749 3768 5237 8493 1621 7689 1234 7996 4172 6760 9375 1573 4289 8950 9153 7306 1579 7048
1613 6710 7458 3712 1220 3886 42 1048 6170 2471 3131 8391 4703 8090 241 8417 290 1397 9685 9344 4886 7497 2167 8636 3819 8179 7634 1995 6277 2228 6205 6469 7181 4956 1308 9438 89 1140 2373 7769 1209 2409 2553 2650 5589 4304 4059 5906 3292 6105 6339 2126 4400 9550 8521 9411 6333 3481 3953 8447 6217 406 3906 8512 6721 3097 4040 3057 4558 2968 1241 396 1859 9849 318 1819 7052 4430 6648 3156 8986 5002 2642 8243 9635 1143 4201 8612 3584 1962 2345 804 5937 4904 3173 4541 6552 2024 2013 8337
5802 7889 2395 5632 880 3539 3104 8487 4487 4220 865 6165 5269 7070 141 4890 8086 4853 1595 2988 6182 3471 2595 5634 5651 9422 4746 118 676 4184 8816 2116 9861 7921 3118 2596 1413 8007 1499 5869 328 1612 7700 8426 4485 8090 5590 3275 7464 1250 6515 6090 542 3524 7019 3759 1530 9594 1397 6257 6954 9560 3416 9141 4399 8601 2351 8326 2901 639 1244 1257 1097 4776 465 3385 4129 1472 4415 4529 4862 1997 1788 5780 6288 3676 6336 3628 1759 5696 2604 6654 3883 9061 1736 6249 4417 3814 9418 8785
5008 427 7608 2298 3957 1297 9530 482 2577 4797 7183 1145 2647 3601 8343 2210 5895 5964 4852 451 3043 2069 8971 2964 2346 7515 6570 3710 2441 3567 8033 1597 9373 917 2068 3590 9368 5093 1444 5687 2574 4169 2973 3858 4317 9354 7363 143 3471 2685 1586 6438 8493 449 3129 1547 102 3565 5658 7408 8300 4740 7367 4483 7398 6212 4170 3131 5351 8968 3600 3472 4352 3679 5314 8916 7643 1581 7130 3814 623 421 8829 7737 4822 2025 9941 4785 6868 3685 698 3854 4597 6578 975 2348 8657 6410 9646 1661
786 1797 4389 358 8034 9297 9124 2274 209 7045 7580 2189 5024 8354 7770 9648 6834 9697 8204 6399 1617 375 6197 7026 3055 7526 1090 969 1384 1109 5631 7125 2541 3968 1609 7379 1032 7611 1642 5324 4353 1905 6249 4045 6689 1503 2152 1055 8937 1646 3544 3542 8751 8546 6998 1489 6503 7132 997 4004 8696 349 38 9757 3511 8292 2472 7614 4392 13 4222 9369 6196 9857 5099 6703 9946 1501 4124 8062 2120 4685 3418 9275 6710 1832 4095 1113 336 1438 9528 2437 4377 5337 6640 3197 7435 2427 2633 1184
318 9549 7171 5629 1391 5489 3617 8172 1921 599 9608 8192 7431 62 3470 5300 9046 9989 1327 5209 9910 8091 9075 2148 7346 9954 7186 339 2582 2557 2107 1187 5125 3437 125 3172 5442 5131 6724 1571 4042 8638 1015 9630 5146 150 6838 3247 9668 7613 9543 7649 1161 3977 7083 9814 6376 111 4938 5084 4620 1377 1444 6423 9662 905 1967 614 8491 8186 6498 7847 1250 282 9355 1630 4153 9731 6488 1682 4139 5202 2037 3498 1303 6034 8001 4176 3718 4397 7909 8392 8907 5983 8027 1765 2635 1635 4067 5135
6589 8579 7498 1593 3821 1277 3233 6862 2131 5329 7904 2465 4960 8174 4236 6678 5278 6800 5748 8225 1545 1634 8190 8875 9367 3878 6254 4834 1521 6239 5094 713 553 8822 8015 448 1257 3849 9683 8295 4112 6894 9841 5519 9553 2272 2718 7384 1879 7831 2734 5519 7053 3503 286 5520 8961 3117 646 2319 1036 1886 7391 1286 1468 1205 1264 4265 6936 3024 2436 996 8252 8656 9567 5912 7466 1748 3685 1306 5284 2877 7559 2249 9295 9554 8562 9321 2415 3624 4945 6427 2505 2260 7733 5087 6292 4615 6234 6067
9243 6652 8523 419 8368 3547 7178 9060 9083 7556 7471 2136 9894 6461 9778 1259 6384 6301 4852 421 808 1935 3288 2138 34 1559 4587 9628 446 128 2844 9287 7776 7588 788 2869 456 4102 9731 2419 1850 8161 2397 778 8759 112 8011 8177 2867 6586 5906 3879 4113 2695 774 5651 9167 2868 3560 6577 9915 6471 6067 6943 3201 4198 8057 214 2448 1487 6226 9409 1548 6943 3152 2386 3707 9232 5704 4767 9963 9980 89 7232 4406 632 766 2082 7515 9051 1185 1500 1373 3401 8748 886 5833 4353 6321 6094
6866 3689 8793 1117 1739 2089 8585 6556 3246 4185 5487 8125 6189 4778 1704 4783 6909 4280 6876 6194 3565 4551 7877 4696 3560 5443 7959 2529 8840 226 8363 6884 3593 8362 7353 1948 4182 1876 455 3180 7337 966 502 1756 7460 5920 8484 2374 2884 7312 980 6479 9910 7495 3744 7001 151 8007 2334 6491 184 1878 3890 6549 5495 6033 7413 6903 7898 987 3039 6892 399 6684 980 5411 8598 380 3360 1849 9536 8455 9602 8642 2379 4642 7350 6634 8829 7014 3052 424 207 431 7942 9265 2713 5135 4134 6179
9874 3066 4670 332 5064 9771 7911 1588 3352 5239 567 1671 4976 9440 3902 2989 8429 9743 9224 3417 8611 6652 368 5156 3089 1827 2284 5056 9407 935 6663 2506 8024 2043 6245 3360 682 49 8040 9159 1533 4640 1414 6665 408 7676 8733 689 73 1568 5705 9269 9942 5660 4823 6151 5515 2118 3741 1406 5187 7286 3379 5066 2065 1457 8791 6676 3568 6785 7068 869 1695 7912 824 6306 5802 5121 3458 2194 7040 7594 3947 8987 2005 3873 7164 4113 1394 8694 9941 3130 3372 5858 2436 1637 5517 4543 83 3758
4905 9289 3338 2356 8998 2338 281 8451 1370 4183 4030 9504 696 9692 1078 5805 6536 3216 4675 4876 3425 436 5521 6406 1005 5365 1964 507 8181 6475 825 7368 739 3853 9279 9911 7288 9004 9142 4611 6204 4102 9337 6675 8160 9661 7249 3562 4333 2702 4571 9714 7484 5506 9025 581 3920 3234 8823 5464 5740 3078 4573 2352 2355 4810 984 2747 2997 2874 9963 7795 9306 2559 7833 5052 5632 9487 9292 3079 1233 5792 3459 7768 6070 1513 881 2147 1840 55 4046 6583 5254 1489 5746 4682 6196 4577 7280 5847
6654 5447 8875 3736 8579 4362 7127 6775 4729 6532 3146 9673 293 8391 7298 4469 8081 4260 9761 2437 461 3652 4258 8625 3137 6418 5299 5404 24 7338 4814 6053 6881 3929 7979 7334 2230 4747 3319 9516 754 8502 9894 7290 8353 7659 2172 2232 8989 998 7738 4598 4421 49 4333 1316 6599 2354 529 7011 2930 6872 6760 4757 2736 5844 3377 1167 9180 7876 5503 9505 3065 2709 3775 6876 1183 5749 1687 6636 9805 882 1352 9089 2250 9421 9460 6145 7292 6458 5652 2723 5173 2551 5815 8540 6666 3339 8403 4448
441 9995 5107 6574 406 6555 1353 9371 8553 277 1520 3591 3747 2149 1935 5722 4798 4787 3028 8169 9329 3583 7030 9553 304 1067 9990 2877 2160 2168 7644 160 6990 1634 6977 6562 9513 6798 8665 6895 7735 2961 7986 8566 3836 6008 6629 9925 1007 7336 3896 8197 8919 5043 9613 3661 5296 3165 6964 4501 7639 227 8549 1967 7715 2109 4600 3073 9750 8111 612 4928 9733 2656 6606 9452 327 5876 1341 6692 3707 9151 4284 8063 1230 8936 60 6400 462 3963 9456 9778 1235 4192 3764 79 4788 3390 3994 9467
972 3348 1111 5678 8599 3142 6258 4574 8974 1589 4109 5834 9644 6822 7491 3896 4716 7540 2248 1319 5959 5599 1380 7167 1283 4628 1434 7921 5471 1731 3710 8004 1676 207 6425 2823 3582 198 3931 9642 6014 7115 154 4264 2765 5785 7782 240 8771 8853 8134 1038 5402 5534 509 3534 9532 5503 1540 1122 5243 918 5951 3983 7446 2957 5542 2066 2987 2299 4695 8605 3058 4666 4858 1315 4542 9 2361 588 8563 7759 7554 948 6032 2761 2156 7323 9919 7936 8781 4251 8259 675 8864 6580 8445 4421 3182 1742
8481 5326 1724 4902 5367 7466 1971 8516 6624 1649 4724 6418 9582 5301 7763 3883 7931 3755 4906 4708 8175 8693 5497 2833 9700 9984 2151 2024 2995 1263 5026 6624 6462 1247 1968 5065 698 3919 8122 9433 9101 654 273 7839 1438 2633 3314 4462 8698 5530 1887 2062 4683 6483 1823 2874 8009 1766 1246 8630 3007 866 7141 3936 4287 2149 235 5948 679 4918 2835 2393 3298 3764 6079 830 8778 5943 8889 1990 1261 6963 7594 3708 3999 1824 274 1295 8288 4107 5769 2782 608 6180 8527 4377 8406 5200 4721 1108
2145 3458 3215 3389 4633 6174 3539 5810 6012 5037 6429 2486 7709 7691 9098 4461 5772 496 7086 6853 1680 9489 3610 5955 4112 5404 6614 4640 3823 9975 4497 1047 6199 6900 25 9242 2887 4046 981 118 1935 2450 5089 3354 1707 6979 9 5669 689 5193 1184 3775 18 1854 9872 4422 1560 3841 6771 9759 3678 207 7196 9722 5200 4566 9012 3083 2196 9121 8880 620 6489 7830 5465 3464 7682 5402 6904 7519 5744 1316 1898 8189 2813 7884 1597 877 6472 6695 1244 1195 7638 3551 4597 6754 6863 9181 6876 6103
6151 7172 1369 8019 2758 1921 8159 1016 1237 9521 5361 3003 8867 3237 1483 9548 2479 2672 6404 2895 5639 1211 9014 9812 970 6991 6524 8389 6794 2000 8120 9037 3659 5828 1193 6842 6232 8810 4051 8565 8709 3680 3800 4708 6867 7850 7018 2179 124 3529 6383 212 1520 2688 5898 9957 279 2388 2191 3415 7864 9736 8902 4431 7329 7144 5376 7109 5911 6716 9271 488 7319 1222 2134 3788 1238 630 9968 3192 8267 6453 686 3859 6778 3667 3278 5166 7447 6175 6105 3876 6433 852 2696 5276 978 8356 9540 2459
9276 1305 7077 6515 1593 6378 4912 3563 6421 1500 5322 9490 6984 5530 5990 4369 8306 7996 7700 952 2249 1374 9465 8707 7198 1751 2130 9276 8207 544 4125 8368 6664 7261 7892 2372 347 3353 9984 7948 5810 7451 3775 3734 8505 9888 2747 2208 7690 1422 3847 1809 8344 9723 6394 6615 2224 2805 4045 9842 6351 7568 4064 1728 3856 8170 7154 1558 1368 6367 931 426 140 3346 2414 7434 6089 7238 9295 343 6581 4723 2926 8289 1949 6246 3924 5703 2068 2783 4590 8730 5382 3040 5861 376 5466 1237 1056 8012
7901 4342 6122 3316 9877 5553 384 6234 9409 7677 45 4331 9606 9011 620 8323 2186 139 9163 5861 9951 3560 4752 3079 5856 6292 3962 9655 3152 6994 6694 4493 3622 7320 4338 2818 5259 499 2205 5771 7407 217 2758 6947 3328 3812 9873 7506 8042 9692 8028 5015 1896 511 2328 3000 6409 8287 2949 7935 8754 9956 3096 7536 5420 2853 9424 4164 7963 8677 7043 4911 1257 6118 4554 7052 3256 2324 3818 4984 2414 4231 9108 8080 7575 4446 6636 114 4382 7466 371 2207 2521 293 4895 2911 4340 6204 1301 8225
424 7116 174 1253 3696 5206 4644 9997 1700 9048 2256 4264 5245 4197 613 3193 33 336 8097 7634 4873 3894 8736 7305 786 6888 2400 5259 7499 8280 8648 1241 2370 4193 5316 6930 1808 1180 4491 1491 4369 3171 3890 9105 871 6911 5501 7389 9256 3129 6532 5255 4171 1245 9796 1671 2382 9211 7242 2564 8611 7222 4317 1093 4254 9063 1454 7277 208 1216 6596 8515 6802 7297 9412 9170 7078 6328 198 4472 8545 3128 559 5816 9907 4912 6689 676 1340 1387 5535 6210 8691 5987 6015 7291 1546 9657 4910 1401
3286 4659 6056 1471 3749 7735 5076 6557 7062 6399 6483 8760 4115 6402 8115 9492 7116 9963 6777 8910 2524 2600 4002 175 2603 2029 9514 6823 5446 8570 858 4715 5874 8650 2643 3845 8644 9143 4888 9680 3849 3061 6729 3364 6732 7835 4244 9868 1405 1046 2168 1480 7615 2758 4837 1154 7259 1609 7243 8723 6342 7680 120 3299 774 4583 7230 8885 5926 884 623 6124 8402 2254 549 1878 2113 4569 2832 7133 621 7204 6399 9086 4905 5881 621 7915 2389 806 3672 6537 7176 2443 5508 2250 1283 7074 2380 3304
9752 1041 5032 1353 9390 5779 5023 8754 2993 1189 474 3323 2779 8154 5020 8961 4043 5875 8599 6421 4231 1218 6171 14 5788 8054 1582 8749 839 204 683 1536 9503 8214 498 4545 7068 8895 510 3443 1579 5813 6133 8335 6628 8494 7569 8677 8152 2787 8737 8896 1101 2636 4083 8498 5721 4890 5651 9034 4659 6418 5243 3421 9428 5418 6732 7346 1337 829 5066 1634 464 5555 9983 3631 938 6064 1542 8359 427 999 326 8347 4235 7235 3657 5593 6199 8132 4648 3275 4569 9555 635 1134 3197 5994 5955 9350
7731 6414 3526 2047 2074 1723 6927 4725 2051 2390 2270 3349 4828 6886 5785 4778 4718 4427 3704 5168 685 4680 6173 4085 7873 6330 1760 7636 3412 1534 4438 6680 4959 378 5312 2218 455 5979 7786 6942 3784 7088 8834 2365 3769 2573 3420 2274 4186 9459 8874 7306 7901 3253 9283 2625 9047 4572 7129 9694 2874 6327 135 6731 9359 9481 354 203 686 1045 5722 979 9848 5576 3921 8695 8454 7174 8728 7060 288 5678 7698 2525 4549 4693 6003 3233 1711 4517 6239 7435 9567 5759 8241 314 1139 626 170 2848
8310 3974 6375 7194 8246 250 6507 6810 9048 1734 618 2852 6198 9921 7453 8727 9724 2957 9326 7765 1005 8516 4457 9341 7097 4251 7197 3333 6433 7991 8245 2888 6042 2695 2884 2030 7959 3346 7353 3650 6315 6996 4312 7817 5096 8542 4309 2026 6606 6781 7951 8394 8139 6664 4010 8823 8049 5251 1819 264 2859 8643 7999 5177 1431 7833 4551 6155 7865 7997 4313 7697 1273 1352 6850 9848 2550 7130 4039 1998 1994 6571 9432 8735 3399 5208 9107 1522 7220 1479 5420 3383 5699 3095 66 7541 7104 3433 7550 6229
5067 6980 9261 9987 3728 4190 2660 6125 5811 6497 49 7099 1117 9751 8441 9105 426 4551 2683 2026 9663 8429 9606 5162 1833 6641 3388 3749 5162 9253 5691 1923 712 3 5091 4035 2393 3123 3872 5009 5063 4033 2697 9640 2584 8406 967 895 9991 6941 7930 5400 6810 6583 9008 9281 1373 2477 5774 9960 8497 6666 2715 6197 8598 3051 217 8642 7777 8195 4248 5682 3568 8094 192 1692 9124 101 1275 2809 284 9620 8158 5263 3660 8074 1139 457 3262 1163 4897 9295 2416 2076 7189 8445 2690 6915 9684 1873
2130 7223 3411 5936 1698 2251 5571 819 4928 5598 4077 9273 7942 8509 9975 8919 1763 5227 1448 9396 1021 8625 5035 2296 2838 2603 9096 9724 4004 9398 1502 1928 1765 5775 6240 9171 9927 9246 3454 8100 8469 866 3884 9339 985 9947 9933 9033 8171 8295 229 7445 9825 3388 4787 9900 2118 1278 550 9884 5301 8410 8255 3921 2296 9975 9018 2490 6884 354 719 4934 8031 4175 2168 104 9418 2835 9473 7801 501 8953 7242 2812 7923 8269 4606 1339 9825 1037 6996 3003 1725 1344 3629 2479 8647 7175 2447 8226
3515 6697 2142 5630 2040 270 768 4895 1174 2970 558 7122 5538 7046 1584 8418 1858 2577 9726 8852 3787 4284 9743 8110 6575 2753 3870 3788 9039 5715 3704 117 6434 6325 2156 6665 5220 215 2711 2597 7403 2730 7560 6902 8048 8972 3048 4650 9343 4610 6629 2013 662 7910 8448 3154 5930 2040 4738 6597 6521 1971 5003 8078 9654 5956 4414 7239 6797 144 7235 5862 5922 4244 8094 46 3956 1701 4685 3553 4919 7935 8093 9291 3432 5527 3935 2053 1115 9179 9216 5733 7848 9549 2272 3898 9060 1886 6881 5260
117 8043 1132 3988 7439 1009 8605 1302 1074 1142 3108 2225 6389 6301 2975 3316 1118 7788 860 9007 9697 6533 1217 7167 2626 1642 8386 1820 1042 5284 3591 271 453 7954 5500 675 8465 1709 7955 7559 5588 2098 9795 502 410 4791 8233 9518 6494 8730 294 9429 3909 2315 4947 9018 7900 6534 5101 344 7142 8766 1922 7798 7034 7989 5265 184 6921 7808 6633 1116 5042 8230 5772 1272 7548 2371 7811 9920 5933 1368 8669 2314 7495 9598 8759 6812 887 9364 4418 7736 5337 160 8504 8467 1 285 6720 7846
2784 230 5448 938 7202 495 2405 3642 20 8769 3765 2536 7453 3698 9610 2933 2872 8977 2344 7191 1562 6903 8118 5974 5402 9388 4889 4025 4007 4333 9434 7156 7707 7228 9475 3519 9436 3809 196 8062 4289 3579 82 939 5259 7468 9122 4373 4507 685 1119 4206 5310 1664 9444 657 9298 9006 3314 3283 2371 4929 2858 8556 9659 5950 8120 1265 5742 9369 1604 894 2408 1433 7631 1129 1109 8535 8670 9290 1246 4757 8960 2807 1907 8043 2723 2333 7715 4188 7162 1762 5365 7079 1890 9966 6137 4732 8255 6
2202 3280 456 8062 5787 5166 9160 1528 4296 4167 1692 1780 7551 2200 962 413 5329 267 5921 5422 9412 5273 8488 4865 1426 3880 8918 6910 8374 1490 7394 4054 4153 8836 6727 6188 553 3595 2010 4506 3824 3500 5219 6629 5131 7891 3613 7671 1509 6497 5819 1065 1508 1144 1269 9521 6337 6667 2872 562 2330 4542 5415 9368 4614 6121 240 8190 5764 5838 2861 5709 4381 2565 1493 6047 8460 6671 4841 7113 2108 5505 318 2948 6549 3886 3911 98 4382 6445 4458 6423 7720 2655 5901 8125 5075 4457 4032 3687
6309 1217 5259 7387 5704 8556 7650 8843 4453 959 9020 5639 5067 7554 3914 9871 7440 7154 8137 658 4250 623 8114 2924 2539 9887 2049 62 1668 8133 9075 6034 8040 3438 2447 8982 8656 3992 1673 6155 3021 2318 1785 4242 2973 3799 4190 7402 906 1770 6097 1108 8024 2468 9171 2333 1500 7191 5664 1944 1530 7878 4890 7545 5596 1964 7856 3016 6523 4129 7840 6579 6878 582 4916 9012 572 8582 1994 8242 2740 8903 5662 7264 2357 3390 2373 3096 5331 6053 9957 6072 3018 5073 8272 4652 7760 7545 8337 6383
7866 3551 5960 9961 8777 661 5651 7387 2886 5651 7759 8200 3277 5206 19 4864 4347 7562 401 3692 421 8288 2138 4907 2337 2258 8377 1964 4506 6153 7555 7831 5248 1181 3450 7876 9687 7888 7156 1258 9155 7003 4297 2017 547 6392 1641 3075 6428 1885 7885 1576 813 7582 7027 7027 2194 9712 3872 5360 4363 3070 1374 7202 2838 4250 9442 9455 1209 5609 7533 34 1312 5852 4991 3781 1668 6199 5512 9303 1540 9536 7740 9560 6746 5951 53 3473 1087 3792 2289 9234 9542 3088 3703 1473 6163 8291 1671 8476
6741 9105 838 8981 4278 8763 7859 1736 9662 5306 3413 7037 7654 611 8559 5406 3524 5827 8881 6146 211 430 7382 7671 6026 3124 9949 2956 9928 2942 9512 2194 2763 3971 2627 1836 9456 1533 7411 3845 8807 488 6222 1041 7774 6201 815 9413 4312 5491 3300 2457 1430 2403 9508 2199 7949 5970 5075 224 240 6441 5016 4423 2794 1670 2081 9365 3854 9353 5681 8534 7877 5731 4557 4902 7628 8811 2698 6516 1678 3351 6726 6274 9910 8555 5297 1181 7341 7476 9127 8647 8415 2126 548 5419 6810 6681 9952 1351
5571 6885 6535 1088 6117 6665 3435 6182 4308 3109 1228 9083 9141 6636 7357 3173 2987 3117 4577 200 4213 4782 867 5265 6372 6252 2743 3633 647 1486 4214 1415 8906 2297 265 7746 4603 1523 5949 646 5950 4295 1399 5700 6555 1215 2608 233 3290 628 3310 5356 5341 4761 7678 1670 8881 4572 1880 7486 9463 2092 7544 8952 8229 8123 6409 9617 6207 6501 5295 9410 9573 3721 9588 2753 8334 439 8484 1850 4233 3004 6298 1994 3753 8723 28 7059 8956 6501 5725 1530 4045 196 3757 3219 1559 4263 351 4594
7347 6438 7832 673 9120 4016 623 8240 9255 7545 4988 3877 8434 8955 5783 1670 6705 8169 2940 9193 8412 8037 7676 4489 5559 7634 7375 7079 4649 7117 5899 3563 6946 1043 2031 2019 5872 8472 8139 9899 4783 1656 3956 9713 5822 6219 5822 8493 295 2841 6125 6512 3881 2833 1301 3812 4618 5850 479 3475 2641 2346 6125 5365 6358 5624 6382 2912 8592 5832 8184 9958 2405 6216 3619 4565 7589 9544 3047 520 5067 1300 5753 7399 5881 6339 1356 5843 8491 3017 3282 1966 7766 3361 9347 1110 3877 3635 5239 2425
4080 113 446 577 9476 4406 6981 3386 4520 8357 5905 5879 3123 947 5959 2164 3079 4821 1638 996 3819 8118 1292 9226 405 3313 4896 8380 5546 3127 1627 763 7069 1434 1040 8908 2669 7031 6031 1809 6741 3031 8164 7172 8650 9155 9347 5110 8852 5493 561 8651 2866 4132 772 9181 9700 9241 3725 1277 9711 9573 4512 5722 6667 9220 3126 8892 8226 6194 7479 1576 1725 3698 7512 4096 124 398 663 697 9869 6404 7039 9559 9766 4817 9678 1365 6470 9928 4306 6675 874 6270 2929 9688 9945 4985 2861 9965
8618 8714 1960 6922 6052 2649 5435 9118 2417 2077 8988 267 8531 6597 3926 9248 992 8972 910 5286 9990 8995 1838 4339 6011 5756 2642 7638 6422 4546 558 9996 3090 4745 2847 8401 6440 3431 9879 905 6500 6936 5816 766 4394 8519 4792 7771 8526 8353 5109 8201 7749 8907 8155 6562 1662 6365 9133 1585 1996 6049 8301 9653 3986 4998 8062 2180 46 8080 2564 564 3383 5079 3144 6700 1214 2038 5495 7913 928 9791 1040 1744 3952 2782 532 6453 8162 3384 9870 3865 7780 4775 586 8870 3699 9814 8915 9762
403 2240 5492 1121 8903 6773 1084 3553 1508 4907 3564 5869 8643 4855 7778 9619 3733 371 8826 4611 3090 6092 4001 6230 2620 6907 9030 4846 9426 929 2924 1528 1380 1389 3436 3042 9673 1336 5277 1433 6343 8303 8680 4399 7965 6075 4387 7479 2658 3261 8050 148 1560 1880 2317 254 3732 2128 9087 9797 3614 7035 8647 6808 9243 6062 2834 5320 3031 603 4362 547 467 1328 1906 8295 9435 1155 228 7247 1604 9023 5809 6869 7681 5458 7619 3323 5791 5831 4397 6716 7363 3156 2250 3694 9308 1859 304 7663
8895 2424 9434 1651 6097 2166 5969 2556 846 2482 5954 4442 3569 3865 1202 960 3218 1566 402 8475 407 7974 3159 1152 3988 9344 3567 853 6564 4460 6346 8412 1406 82 6135 8008 4009 3067 2359 1071 7054 9750 4470 5427 306 5841 8022 7784 4135 8072 481 548 1171 8801 4535 5283 4645 3435 5275 2379 6825 69 7027 9238 1488 7606 9998 2111 8070 4310 8347 3175 2660 9357 2597 4427 234 9616 3968 9608 9324 1546 4801 9621 2177 1648 3207 537 1434 1010 1926 5269 2593 7479 1784 24 5635 5997 5216 6477
385 8004 1730 4066 6684 6974 3663 1401 4308 7331 7488 631 1524 1965 8220 570 7564 6315 2362 4403 1084 6219 8348 2948 1808 8803 8645 7360 8303 6350 8318 189 9486 3268 7877 2126 9392 5742 2719 6434 8245 8140 8324 3975 8257 2500 4320 7098 7942 3356 1969 2100 8321 8254 1735 6562 7882 7378 5832 2881 162 6506 5093 8074 6496 2294 3548 4449 4830 9821 5963 5927 2829 7038 2369 9125 6974 2241 8936 6126 4931 677 6583 1199 600 9044 2759 4866 5965 606 6067 7432 7113 7993 8370 9693 3059 5849 7622 5825
4227 2950 9586 453 5319 6826 5775 1782 4504 5161 7427 88 4265 9530 1724 935 1431 7368 6907 5460 1322 1746 3544 2957 4292 4702 118 9171 8078 9767 8717 8076 4853 9752 532 3666 9046 5232 2705 4525 8455 1162 8562 6660 1786 6042 4274 8921 8271 8644 6069 4658 70 583 7908 5020 4572 4989 7871 6894 6954 4077 8969 7843 9504 6650 1748 90 8150 249 813 8774 9705 7155 7070 2606 9774 1826 3663 355 6704 710 7077 4629 5978 7210 6797 3244 3281 1446 6138 610 7751 6277 7837 1840 7126 8032 6501 2203
1433 5209 2189 3432 9504 8435 3199 2004 4187 2518 2079 5371 517 6969 3816 7509 3430 3488 5224 4001 5679 999 6452 1355 8745 3710 5023 7054 6923 4848 2521 2858 6346 6677 4196 7216 5359 3127 1939 2704 5815 5619 2361 5158 3490 7469 5316 3444 1244 8241 6893 4481 2279 172 3647 7047 2591 2894 7553 2954 8947 1320 5585 6158 5142 8936 2866 3502 8933 5010 2858 962 7478 578 9618 1307 5858 5941 9118 1073 607 6169 1404 1666 6078 3941 177 2453 2402 8060 8373 825 8021 1401 6671 2560 6464 54 5027 1811
4185 4240 1661 8447 989 6107 2481 5662 7326 5618 1564 3873 5670 9156 1368 7526 1624 1478 4728 874 6201 4980 7968 6577 4679 3197 2341 3200 1129 7692 6899 6680 5221 5571 1609 4884 134 2597 6861 3068 5498 560 8794 9769 4277 97 5618 8690 8926 9690 7541 2613 4032 4634 7614 2529 3256 7488 9581 3152 1092 9478 6093 1427 6236 1464 6576 9479 8257 3940 8486 5511 6814 8066 9091 2261 4673 2768 898 9238 7577 8945 6438 6278 7201 7544 8463 8769 4835 8829 4379 6968 7203 2226 3797 1210 826 5207 185 4746
6386 2415 1902 2085 5617 3093 7320 9565 4678 6838 3079 828 247 9287 7446 5498 5528 8043 6887 4274 3377 9958 8368 3080 2554 4023 1945 9395 7790 8037 5194 9569 2095 5352 6600 9995 5515 7397 8777 1608 7523 8621 7434 662 7704 8312 908 5809 6016 5264 4348 6932 1611 2423 7811 4791 7341 5276 6742 4248 1870 5980 3836 9899 6002 6227 5405 9082 6641 5313 7827 8871 1462 3760 7413 9815 2580 658 2863 4898 8163 9986 5996 3741 9460 7701 3540 8537 3805 3984 5633 3974 358 5071 1750 654 8675 8774 4652 5333
9441 4442 9519 4585 928 681 7617 8682 7921 3997 8123 2221 8370 6843 6855 7587 3866 5004 9713 6093 8656 9509 4869 2630 358 6502 5978 2531 8491 8703 6605 9287 5300 2419 6107 188 503 3926 8666 1082 8328 4623 8692 7805 8517 1208 8525 4899 9526 1905 9899 7314 1079 9576 528 4633 573 6883 3912 146 1259 8317 683 5432 1040 5768 7308 522 3945 8246 3317 692 6171 6834 9995 2751 239 3496 851 5565 7772 3900 4115 1324 6617 8096 8044 3949 9767 9860 3202 9733 3176 260 1358 9915 253 7835 3895 850
4222 1659 6044 4912 3506 3032 4526 9305 2894 5517 2860 7786 1793 4662 9846 4192 771 1270 9830 5902 1349 3107 5145 6881 2242 8845 2392 372 1840 118 3205 1627 9391 5092 3452 8649 5397 8455 9654 4133 8252 8373 7633 6053 7602 5352 7014 276 5149 1206 2243 8335 3000 2449 4495 6148 6019 5290 811 757 8838 3471 496 7962 8110 4665 6960 245 2908 5743 4188 9236 4909 5654 6354 9720 9226 1442 6349 8319 9849 5885 8215 6940 1583 2307 3294 2186 3871 18 6641 3120 7283 4971 9093 2787 6491 8701 4992 6539
48 6944 7645 8311 5097 9894 6419 5678 6884 1166 9530 2240 6896 8892 9588 3529 7965 6748 4437 4744 7549 7087 1634 6771 6369 9491 6966 2556 7127 6979 4826 3912 7959 4849 3387 9679 7295 2972 4062 9204 3629 7972 4919 844 3323 3656 6735 1457 2065 734 6828 5417 4470 9067 5462 3246 5125 9786 9453 2642 9691 1131 8193 1811 9341 8045 7041 8188 5183 8057 7357 1924 6389 1159 4340 1936 4993 5732 5118 8526 9058 9796 7095 4105 7853 5605 2869 2599 1845 9697 9514 9838 6434 9491 2204 6067 8427 4045 7535 6621
3080 6587 3060 4349 7972 5088 5305 4866 6431 2920 1522 1853 8927 4985 9346 8732 1226 492 7957 1692 1148 5718 5660 5020 3685 9823 9418 475 5496 6819 6427 1308 2200 2242 3742 3726 6680 3075 9803 5422 6047 2169 4938 6865 3370 3270 7652 9878 6424 6295 3515 3550 192 3471 8997 2741 6940 4686 3738 2822 8310 566 7878 2919 6339 4392 6142 820 2682 1518 7223 3161 4455 1651 5647 2928 6454 2082 2939 3422 3877 6675 6791 3014 7599 853 3528 6758 3433 3720 8477 234 8589 681 3317 3932 2366 6391 2007 5479
2609 1287 7576 7852 2038 7796 316 4881 5731 86 7088 2488 1868 4346 2565 4516 264 9340 6124 1660 4708 1115 3259 6676 3590 7960 8352 5019 883 8686 4549 5103 7096 6044 6114 5357 1363 7603 1220 8546 3631 1318 7974 9129 4915 9707 8177 402 1616 1800 5147 673 240 5631 9922 7282 751 8598 8292 7647 3749 6142 7962 7002 7588 355 7050 7907 8054 8774 987 9377 832 6526 150 7923 3746 7775 8508 4470 1378 5173 4805 8483 3030 7667 1043 1628 2463 8888 5681 2362 4732 5945 7100 9236 5523 3625 4137 3417
8449 4571 650 3469 410 9019 5695 8318 1173 6414 3793 1413 23 4289 5838 1035 4007 9174 3250 1039 3436 4229 3798 21 4437 6613 5203 3069 7607 7364 8674 4984 9954 2458 7518 5480 7421 2681 7302 3229 8382 373 3505 4894 9936 8309 6771 2147 2702 6700 8399 5726 693 5284 7241 474 6555 7318 8639 5762 7472 8480 1972 6884 8149 1720 4868 4239 5130 1175 7862 5524 1453 7184 490 1239 2133 5636 8293 1739 4741 6985 3345 6836 3328 8491 1507 2862 1524 4489 4253 8554 8589 2596 8986 7002 8478 5157 1116 8713
5786 562 3997 7071 531 1697 4789 7880 7177 9054 1495 8992 3579 1494 6550 6729 1906 6562 8736 1820 3599 9732 9250 4977 8779 5984 347 4479 3875 6871 6655 5286 4898 7278 845 6702 6935 6460 5740 3871 8938 9499 5965 8264 6707 2888 7334 6832 3066 4259 4884 2000 6208 536 8488 157 9657 4815 5294 3059 6221 3482 9425 6566 6962 5695 4623 4161 8206 532 536 6317 9519 9561 7144 6072 7673 1394 8510 3429 9879 5726 3236 8411 4399 2485 703 9065 4994 8024 4825 2281 8266 1371 2439 6396 3061 8907 8268 7467
8535 3479 7380 9129 6508 2324 9821 2891 1627 1801 3390 4937 7084 2118 2974 6955 1947 993 6880 595 9329 2513 7043 9386 3891 4528 7821 6118 3093 7909 8812 1592 3457 4384 4868 9356 7480 5079 771 7930 926 6570 8445 868 99 5289 7392 578 3235 1418 7601 7957 3505 7827 1523 9385 5777 3593 6801 928 8422 5339 5179 1800 884 6824 8077 8467 3940 2538 1438 154 1859 900 3329 5516 5187 1123 7342 4792 3309 3434 7481 7111 615 9207 5823 415 6397 123 7970 4314 190 4409 5599 6000 8137 2149 6843 7027
5967 6497 8321 8146 6613 5166 5849 4173 9703 6668 7717 5192 7847 4002 8445 6035 4378 5349 9614 7045 7045 5387 2109 9239 6766 3844 1536 4697 7063 7529 764 8313 3481 6751 3066 7899 6031 2354 3012 771 7661 6611 2313 6479 6229 437 3481 6890 7912 5532 1634 7781 9722 1812 7385 917 6470 402 4 2580 8135 9069 3633 8517 725 8167 8873 9429 4813 7614 8440 7245 539 6326 8892 7486 5335 5458 3382 4653 6564 4160 7903 3534 4772 6389 7227 5820 2830 5162 6500 7862 2091 9622 6771 7950 495 1769 2410 5747
5162 936 110 1450 393 2393 1977 8265 2326 2731 5024 4736 5589 4820 5344 84 5393 2919 6723 9470 4599 5851 5267 5609 5489 9727 1792 2032 1768 9169 2221 5884 4620 9751 7524 5322 6149 7482 8591 2248 3352 4947 8419 4114 2550 7812 4227 7899 2784 8950 2844 6731 5908 7504 5123 2091 6301 6920 7119 4667 7443 829 6851 3744 8794 1603 8196 7122 7012 8529 7844 6964 2789 4172 8591 9502 1828 8466 3276 4950 7949 9023 9354 6234 1481 2551 6976 7723 4713 2527 2926 5002 655 2276 1562 3314 6259 5916 2501 1827
5412 6271 2667 5687 5767 6524 2255 6745 6024 9028 9841 5120 5578 6148 3237 3770 8139 2418 1105 1940 4728 85 4596 1174 3711 4556 5913 9280 1143 8500 911 8195 2651 6505 4824 4466 1312 4234 8385 9356 5472 2725 1019 4537 3925 9154 1004 6866 5261 1081 8776 817 7667 1300 9084 2593 2051 814 2786 3193 4378 4062 8542 1379 383 3431 103 3891 9476 6240 2315 6614 2444 372 2303 1281 2676 1965 6322 120 9597 3409 7931 472 5362 3025 2002 8372 66 8369 253 6096 1848 9887 5619 6810 8330 5208 5874 7530
5303 7028 7529 5602 112 8761 4358 2967 3851 3545 7849 2773 9275 5753 5220 1631 2490 9458 7543 9118 3377 713 7427 2302 949 1878 3584 4280 3189 8970 9302 7578 7801 7594 6557 1236 1683 6208 4310 2361 3355 6754 9488 5514 5572 3073 1540 9580 1830 1951 5722 8081 9354 3598 3614 7726 3392 7202 8310 2076 9776 5835 6370 47 9472 5847 6987 5265 5317 4625 6848 1664 7550 7155 302 1497 9898 4420 7192 9445 6124 8785 7473 7317 574 6442 7172 5330 3924 2719 6472 5189 8055 5222 4625 8789 9042 9886 2217 2312
7056 4765 7998 7160 6509 9752 8687 1826 3290 2874 6112 5972 2776 9618 2664 6306 3344 9100 9631 867 1458 2940 1221 7866 9739 9524 6652 8363 9509 4054 1292 2179 4507 5374 2467 942 9165 8040 8703 484 6971 9270 8017 8467 2318 5757 9872 9848 9028 7180 5955 9805 8051 3401 4065 2398 332 9324 2497 8203 9848 869 1128 4948 2953 97 6308 1764 1901 67 8184 4559 8812 999 4350 3003 5605 762 6413 2526 4089 3158 8439 4046 969 9580 7964 1241 2658 1853 1370 7926 4731 9052 1740 3836 5583 498 9788 9618
5069 9710 8677 5368 613 1888 3199 7253 6871 5757 7869 6475 162 2254 7880 4040 4036 8273 8613 9625 7388 2414 9846 5510 1366 4932 6699 8509 1306 1551 507 372 2770 9044 7338 8797 5481 4597 250 5083 1312 3585 8834 8139 4737 6423 7551 1283 8423 5957 5945 2431 3296 9029 1286 5404 1147 2087 2921 4232 8508 4976 1104 2450 6723 8257 3212 5442 4437 6544 4962 7271 8930 1513 8815 1933 3354 6813 3229 1216 4017 8372 6385 5678 3837 5540 7341 2400 5739 5077 7767 5031 9492 7760 2679 4575 2116 4286 1540 3181
7930 7676 9753 7000 4751 3558 9366 2867 2038 1485 639 8552 3935 8534 900 3638 7705 1470 6877 400 8672 5386 5275 1096 1119 1703 3249 2143 2166 7586 3923 8733 6933 4829 2154 1164 7799 2206 6745 6687 6955 3375 7172 5117 4162 1619 4330 2254 7239 3583 7039 5961 3840 3050 8447 3141 5142 8920 1704 2934 3735 8966 1350 9664 8822 6136 6001 1762 788 7131 3678 484 3592 6040 549 1568 4829 347 4586 2194 7288 2426 3394 7201 3501 2038 9159 6040 718 7109 9887 665 759 6027 8212 9334 7261 2327 7031 9362
9533 7671 6781 2606 3201 1068 6646 4943 2854 1816 1644 8715 5867 1027 3263 586 7939 213 2818 7120 3710 3711 2395 868 9330 872 7308 5774 7748 4928 5145 4588 1889 830 9061 3944 3215 5834 5033 8373 5049 6716 9152 5805 6511 975 9461 9069 1972 3501 1422 4483 7768 4429 6086 366 4178 7155 2250 6581 9315 8539 4913 9890 8762 9567 6532 9586 9984 6109 6163 1569 2298 3277 713 2447 390 8883 5690 6111 1426 4747 476 3416 7222 896 5650 1519 3133 2185 8039 9296 3509 2993 2429 9068 1815 4315 7089 7651
5811 3200 3039 5812 8904 9728 505 245 6760 3266 7837 8949 7425 5775 3471 4036 8096 7704 4307 4355 9378 9454 7756 288 6101 6727 1651 7503 4836 5279 6301 4592 4348 4223 3590 9067 6946 7085 8259 8126 1294 7381 2504 3965 1481 4288 883 5761 1808 6167 2586 3990 9008 6665 9144 8330 1656 4826 2398 6380 2561 3397 1842 781 7490 8578 196 1683 5186 1820 3789 509 7800 8710 3665 7459 2549 6676 7393 2421 9858 3633 8571 6063 4969 3882 8374 8354 3835 2630 9750 2842 8166 4736 8964 2403 5294 1132 7367 2913
6744 9849 2441 2629 4228 4129 5589 7380 5137 7432 7485 6699 7538 7804 5351 9129 2996 1698 9559 3741 7798 7935 2125 428 4383 7397 9955 4043 7530 9432 5839 6894 3077 7611 133 2688 7588 5641 5088 9629 1148 4281 5832 4656 3464 7413 409 4846 4985 2238 2427 4247 2547 2191 3235 9249 8036 2623 1956 1065 8907 838 8080 8037 9109 3673 947 7880 1045 383 4713 1773 4685 2963 1163 6 9619 433 9225 2551 8753 500 8044 2586 7169 2020 2898 4167 1505 6290 5343 6252 9804 2307 1492 7663 3506 9215 4247 9598
9296 1417 587 2407 3910 6418 2182 9958 4221 9907 4655 9913 6096 4474 9615 5637 9593 9968 8385 3547 3597 2096 2641 8212 4715 6245 9255 1986 1214 4014 5241 7376 5411 7291 1910 810 2672 594 1368 6237 414 7288 3021 9049 6832 5477 9830 9631 2052 4212 5387 9140 3592 3669 7689 7639 9450 3736 5154 3801 2367 1246 4137 714 7363 395 2775 7907 1299 6009 8097 2638 5690 3562 2261 7173 9862 2197 2556 7260 9798 6743 400 888 3907 9853 7333 1600 6979 7894 3527 8832 4000 8545 4414 4932 7819 4301 8874 7533
5883 4472 3129 3669 2448 509 3549 4994 7462 6346 5479 7339 7125 7850 1781 7935 7465 1737 4932 8395 749 672 5966 5805 1349 3875 9397 1479 4761 3694 1781 1548 3990 7441 7553 9004 4146 8457 7206 9249 8137 9540 325 8794 2111 9941 5954 2260 2430 3513 3774 8351 9154 9717 1587 5769 3110 9435 7797 2083 9240 8440 1885 1516 623 5791 792 4624 8094 3421 2332 2490 5915 1254 8224 4145 9556 111 1563 1043 9315 4096 2564 4595 1543 8315 9677 729 6743 4815 696 6111 5793 284 7309 4706 4773 886 63 5124
3302 9257 868 1728 2363 1306 2849 6639 7960 7631 8332 7802 8506 6291 3168 1027 8438 6786 8607 974 4165 1768 9547 4843 5591 4629 8879 6027 2229 4027 2531 1961 9664 7912 2996 5943 3384 4025 8088 4258 713 9108 8389 5837 2087 5743 9619 5061 2590 4358 2345 9651 780 5076 9173 5464 3929 7862 2382 9498 7155 2757 3985 9896 8530 9280 870 9592 5866 635 7833 2625 4567 5920 784 4815 5817 5468 7753 2784 1090 2882 4063 6884 7537 2846 5387 4831 1610 3931 5922 9607 9789 7708 3675 1395 1007 5681 3901 3165
4952 3860 6250 5524 3749 7378 2708 3207 9838 3616 4647 9395 4630 2502 137 6319 2500 4887 139 7160 5109 3339 1436 2143 8313 43 5092 7647 6570 507 5648 5167 9588 3192 7034 8577 7129 3437 8895 5285 756 7384 7733 700 3449 4096 1852 7468 926 8593 8836 5829 5709 3130 4139 7875 8543 7671 740 5180 2267 6610 6752 1409 9029 2509 4706 475 4227 4853 4578 7910 6074 3593 8676 8044 6734 6344 4281 2513 9000 7505 6034 4869 8841 314 7980 8355 1602 4166 6921 239 4398 2912 5798 8655 1373 5063 8093 2661
2272 2002 9628 5041 3423 4356 4627 9827 3786 8871 858 3347 6909 795 436 2937 5586 8607 4870 5749 321 4243 5346 5845 5028 7144 7780 6336 3284 4325 9973 172 1620 5010 851 4113 456 8671 9068 9937 7313 6151 6540 9802 3547 3251 7997 4195 1020 9774 312 2132 4770 6983 9188 356 6978 231 7109 690 800 9819 4595 7729 9428 5189 7988 8172 7960 2420 8833 2577 4381 1801 1533 4530 9255 6500 7505 9558 6303 8570 2040 9404 8148 1029 9166 5495 3788 505 3813 937 5547 6667 5990 5930 4704 1371 843 6697
7331 8187 4736 7497 5154 27 4443 4761 3638 7123 2329 3634 1743 9079 7779 9564 6358 2602 217 5788 2511 1323 3912 5777 7411 4052 300 9734 6551 9959 6233 4648 9983 8169 5954 2154 6863 8970 7039 2161 493 4246 5966 4953 5505 9460 4933 7135 6695 6175 5673 8659 1921 1478 5895 8882 9603 6411 6712 7311 8707 6689 1455 5459 6385 4671 1826 891 6860 3434 1865 7685 4626 798 8901 9044 2079 7189 866 832 7734 2994 3612 310 2615 5311 4039 2098 4409 2032 7165 7953 9249 2562 4963 8854 4008 2099 3742 2201
2729 2929 764 3620 1290 7153 2236 6685 1459 1562 9729 3204 1968 7130 5101 6256 3627 7846 4774 1823 5427 3640 7315 3449 3941 9111 8662 7502 2070 3606 2036 1104 2433 6463 3196 5731 6360 5362 1539 8631 7946 906 8397 1410 2834 7844 9162 4306 5953 9702 4088 3753 3632 4777 1531 1532 6578 8935 1523 5488 353 2785 3116 5616 9359 2802 6469 6689 4686 9663 542 1492 2322 4869 8855 9301 8833 8007 3474 8399 1665 332 8052 3535 8510 9555 9041 314 5449 4204 7026 4180 3635 3997 8173 8526 3536 7570 2368 4923
4196 3353 8855 595 1159 5914 9855 7745 4413 3873 4019 9130 9921 713 3712 5301 8340 4063 6012 5085 7533 3470 1234 2483 3912 6252 8762 2286 1299 733 1111 6191 3158 1986 6254 2205 146 7301 4828 3194 3391 6260 9171 9657 9996 7975 5746 6161 148 6275 7241 787 336 1890 3001 8740 9357 362 7151 9862 2844 2500 2901 3040 6596 9376 9932 6934 6088 9448 9786 8761 9953 4206 6818 1435 5147 4201 8886 4400 8430 5524 3747 9498 4155 5228 441 8845 414 5233 9201 174 1098 9070 4050 2791 8831 2005 8894 9144
3831 423 1424 6389 7581 2044 6775 2010 6883 1960 2700 1357 8686 8260 5778 1737 2793 3311 7466 2542 5692 2348 922 1389 6341 2782 8710 7928 3898 218 9370 6854 5152 7648 6249 5141 6232 2847 4144 9778 6694 1220 9900 3731 931 2738 9337 8262 7252 2299 2284 9575 8752 4995 5520 5880 3139 1633 322 4140 4691 5543 3428 7491 2070 9764 406 4085 7227 2365 8282 9772 9439 2576 8831 5037 1792 5881 492 1696 2759 3817 4348 4862 8327 3963 38 3694 7294 9970 9501 1468 3423 976 2262 7200 3590 5238 3326 3800
5083 368 9036 309 2712 3951 5019 1749 5113 1846 6165 3854 2759 5208 2185 9301 4930 4455 9850 470 5856 5622 3874 7931 6624 3429 9705 3458 4721 4724 1146 5069 5965 7931 7322 7806 8285 5150 7110 301 1899 9691 5285 7133 2431 9180 1860 8714 327 255 946 4685 6319 8720 6938 4295 5459 1923 1728 4018 8778 4372 3811 3035 9421 1548 6946 7350 4978 8562 4345 1766 2906 2533 8517 3022 4287 8054 3638 305 1862 3319 4555 8640 9410 1977 9355 9664 2185 5205 2118 350 4331 6535 3867 5495 7676 2564 5184 5682
7273 127 5571 3459 2240 380 2067 6411 9694 9260 3675 9937 372 2484 246 3124 4394 9593 4579 7863 7868 4490 1852 1330 3969 5727 8304 1942 7581 3501 6158 1358 5657 4185 1532 6209 1706 2902 4497 4140 3331 3013 8056 9235 9108 8191 2523 7081 2153 8928 4070 5236 975 7211 1873 5827 415 4528 5685 5998 4961 7204 9720 1228 1918 4910 18 7504 5076 3690 8652 6731 4831 1908 5452 2860 9737 5561 6099 8708 26 6849 6229 8773 8074 5650 7776 3760 5573 6682 1578 2604 258 2078 4919 2977 2061 7605 3529 3119
9112 9943 4011 6273 7856 7107 4387 362 4190 5878 78 3381 4983 6952 371 6257 299 8538 2725 9522 2809 803 8756 4858 7623 969 4268 2357 9881 9776 935 2702 7283 4611 8632 9937 5099 6349 8876 1769 619 3865 4523 9542 3400 9182 7161 7888 497 1860 3108 3846 6289 4032 6016 3111 9971 4971 9869 9734 7670 8696 9436 4616 6388 2741 4990 8208 9181 9745 1976 8965 5893 5896 9394 162 6724 9017 8945 2673 998 1695 9690 536 5399 2756 5495 8223 6294 5115 3244 1006 823 6236 3533 7750 3593 438 4101 3954
5448 9402 1486 8247 631 8538 6903 3781 8976 6178 2463 6658 2323 5065 5856 9155 2307 4909 3456 9041 7472 7323 3842 5303 5052 7455 3420 7883 777 5615 4458 3942 723 4922 9803 6873 395 4078 3225 5702 3978 7942 8532 4324 1564 900 5772 9664 3596 4826 385 1446 5996 8722 1276 5780 5715 1417 6953 2564 467 1678 4858 1662 628 8666 1731 8222 71 3303 9740 9613 8930 8781 3313 4150 766 5934 6811 4446 9912 2234 6786 3615 934 8666 2171 285 1289 1592 7660 3777 8473 5908 5834 9304 4535 4503 5562 8336
4018 5802 3016 4032 6476 299 4182 298 8106 7669 5803 7697 7430 6963 5782 4064 7973 3549 7301 7724 7914 6511 6666 4031 1525 462 4844 6229 4876 4172 8808 4043 6261 2067 5330 6686 3447 9809 944 2924 1563 8308 1006 9946 9364 7306 3257 6138 5291 5333 648 7458 9589 5606 9179 6656 422 173 1731 3549 8098 8937 7174 2339 8481 2191 3659 9591 7563 6773 7690 7813 6767 6100 8360 5870 8241 6829 6076 3695 4771 1863 855 5922 2591 8036 6846 4682 7860 7976 6559 6043 3912 6147 2837 3283 7153 3949 3618 9005
4400 8157 8779 6381 9905 9718 7506 3571 9270 7078 2029 6622 4436 8995 4718 9770 8532 1780 3966 4369 6788 6013 5066 673 1616 7068 7315 5028 4408 9033 5675 3280 4880 9727 8715 2286 4841 8229 9146 5510 2285 2212 5675 6760 4689 87 5608 3362 3075 7467 8265 3628 188 4075 9353 5262 294 2815 2498 9720 3764 4164 2106 2551 9787 8782 4208 2391 5417 8373 4902 3991 204 6461 5227 8290 874 9513 422 7470 2799 9239 9440 4175 7968 8162 6441 4221 5878 9241 71 8407 4843 3109 8694 2357 4497 2044 5685 6207
2422 3421 8886 365 7504 2059 2925 9537 7563 6612 8968 6556 9240 8490 3002 789 3859 6240 8673 9660 8339 2838 9989 3159 4490 4874 3789 9046 3039 7531 2719 3876 5421 4110 3413 4643 6463 98 6701 3698 5268 4354 9044 8474 8154 9966 421 805 9327 4155 7660 9316 6485 1956 9887 2404 5733 4941 8615 8899 9953 2079 3591 4844 91 2821 1947 7799 5077 2624 4403 4913 1203 63 1117 157 569 4435 2075 1903 1852 6190 8333 1495 4591 797 3487 2274 8138 3661 1677 9315 2770 4901 7220 4528 9828 1581 8660 9073
1924 4447 8650 4403 6975 8226 6272 8931 1118 5509 6308 2301 4452 7879 1384 789 9603 3357 4858 7641 2125 1197 6275 3194 5327 1663 1182 931 9983 5640 227 8777 4737 5051 2562 4505 2522 7040 7176 9267 5814 5191 9965 6866 2556 734 5828 5992 5994 5652 6914 9865 5500 4796 739 636 9291 4759 2269 8612 5825 8794 7780 2913 8282 9166 5610 1240 4398 8495 2594 2240 4431 5343 3573 9291 6968 4783 8976 2800 1818 9064 9599 2185 5277 3274 8070 3083 1677 8423 1363 7356 1103 4682 3471 4753 8647 6501 7193 2064
5128 7079 3937 1978 2234 9825 9257 2312 1631 1334 5114 4413 2820 5176 9677 8875 2258 2806 3567 9950 6641 3219 8760 4637 8511 5694 392 9837 7336 6452 9591 8202 7950 4460 7839 9015 3941 6092 2733 4429 232 3747 1367 3325 2624 4988 7752 2547 273 5698 2740 7259 3606 7780 1119 4409 4430 6916 7960 8848 6308 6382 4999 8344 2268 4303 873 5177 5570 213 2373 6081 1050 1149 1428 1753 1505 9394 832 2676 7335 5155 1678 7157 6957 6323 5479 7757 2176 3567 3384 6262 3754 1085 4980 7872 4156 4115 9238 3568
2550 3799 6684 2234 3382 3332 6307 6168 991 6481 3033 8278 2571 3312 7954 9726 1679 6497 1287 1475 6180 8128 8832 967 4756 4672 9261 9081 9162 1490 7196 7165 9388 9305 9167 5124 6629 6842 2969 5272 7891 8685 4233 1533 8961 3830 513 9644 6238 7072 4294 9202 1523 1916 7885 682 9284 6014 200 7735 1401 3758 6641 1468 8411 6506 8395 1761 8542 8146 8478 556 6285 3449 2519 9387 9900 1497 474 5988 31 2647 8939 7138 3124 9515 6867 9078 2908 9766 3992 8570 9173 5392 5494 3421 276 4990 3555 812
291 8221 929 8581 2445 3437 6920 173 6873 3810 552 5030 9465 1890 9492 9221 4086 4402 4870 5858 8672 3988 2251 188 5732 3167 6860 484 5290 7111 7366 2121 7013 5515 3884 4857 6466 5039 2459 1937 2352 1814 1208 3766 4124 1875 5229 9870 4194 8926 4831 5875 5590 3428 3428 3162 5501 2326 8226 2115 1001 649 692 5400 4400 4016 8877 9299 8398 155 4931 9582 4191 9749 4012 2631 9735 1748 5075 1196 9866 6660 9658 2201 658 2613 6619 6285 479 353 7500 5766 8843 7656 5675 1880 7425 5910 7290 2262
451 6344 7014 7418 3714 5874 1998 8180 5587 834 8167 2974 9648 8795 1516 8013 3464 2360 5306 3108 651 2322 7954 8447 7457 7923 9620 105 8209 6660 8860 5162 1932 3745 7350 2300 488 8399 7129 8144 7230 6392 8900 8456 5581 1819 745 9585 9665 798 8146 2450 330 1203 8419 4451 6659 1986 9203 4852 3180 3000 1495 8375 1112 5555 4252 9103 5046 4409 7924 6349 7625 1972 1694 585 7463 9614 7715 8330 3235 4417 1097 6097 8559 6196 8530 6239 1929 8497 460 4188 8653 1512 6871 4100 1662 5643 2904 10
1189 6447 413 6760 8992 1621 3138 410 4464 6001 509 7159 5566 998 3676 3602 7025 8231 2711 3782 5457 2933 9347 9064 9826 711 6602 279 2320 2563 5700 4306 8103 3575 3725 9558 9889 6606 1374 1633 7002 8993 6817 8865 9133 1287 5466 3165 5019 7271 279 79 4764 2688 4927 1737 4283 1778 8490 3390 1273 295 1244 2958 3581 3039 2399 3315 56 5363 5213 5205 2412 5870 8853 3540 288 9352 8322 6547 6329 3439 6802 2979 9298 6142 323 7237 5432 3175 4158 6743 1944 7872 1060 8370 9745 6388 4275 6117
3875 1495 5687 9040 778 7860 514 3415 3396 4527 6857 8734 4807 2738 2898 8200 3753 9605 8755 1900 6434 2958 7814 2615 8089 1671 9640 7570 1609 373 29 2803 6352 3072 82 9052 2271 8320 8179 7444 5072 3577 4448 3286 6461 719 1755 591 3833 9154 1639 7773 4777 5561 7622 3552 9768 6607 3798 4015 1236 6987 4373 9633 415 13 6055 5454 2846 3941 4770 3457 1191 3870 8988 2097 7550 6971 260 3724 5474 1158 5368 1033 1605 5061 3032 7058 9145 4916 5372 4788 5757 8186 1748 6973 7452 9136 1168 9446
2930 7466 4759 4713 5714 9152 8534 2054 9391 6062 4610 8125 1880 3099 530 4360 4926 9552 8235 4244 9140 3776 4320 3960 2681 6283 7200 8596 7702 2160 8478 8590 3875 1178 9058 2479 4795 1351 2435 8827 5073 7653 9408 2448 4975 7825 1483 9560 2786 349 9398 9463 3867 9974 6340 4904 7955 509 1872 9262 935 3090 8606 5545 1339 7067 6429 6831 7810 4725 4579 3244 2936 761 6682 4756 8621 2572 4750 556 83 880 3877 1567 2502 9305 9253 4036 6231 2169 2483 9269 5350 861 5320 8305 653 8755 9181 4073
3738 318 5498 2109 1417 7253 4784 2459 2343 917 9825 9440 2614 6497 5450 6762 8724 2180 9262 3556 5840 3988 1875 9107 6498 658 3153 1347 9850 4035 5550 5512 9206 3718 8211 9716 9096 6526 3006 7375 9510 3554 869 7767 8169 6477 2778 2896 281 7756 4690 4738 8835 6152 9391 7701 8335 4622 4167 7431 8495 1955 5462 2269 5123 2379 921 2857 6630 2033 4207 2980 4418 6950 3343 1792 9255 2872 3920 5910 209 4514 9582 1711 5578 6271 2055 3856 9763 5876 6315 2878 7559 9111 5207 8950 3649 715 6306 3880
9292 7978 3104 1126 8815 3349 9615 9741 8485 6777 6682 6809 7090 2667 9052 1622 5793 2655 304 1782 9794 3917 9230 297 48 7345 8785 2403 3902 6824 6752 3715 742 8244 4809 492 8397 5412 3239 2261 4295 3339 5354 6819 6062 6426 3870 1918 4387 4622 2050 6003 1927 8452 7011 8008 5785 4889 3953 5676 2458 8669 4713 6726 5578 5891 5091 7932 6000 4894 2758 4397 8321 3574 4613 4729 5665 2961 6059 3986 3743 2186 7097 4764 6314 152 7072 3174 5864 9078 1334 9393 3505 7132 8497 3727 7696 9443 6677 8864
5009 6556 1635 5874 2314 1988 4066 5831 5292 2128 6572 9478 3793 2222 1069 9006 3478 8031 7190 2948 8106 1247 9234 6878 3016 380 5872 8535 6605 2126 9511 2959 5732 495 3735 1695 9068 1906 7167 5037 4976 1623 6343 5200 8543 4000 5674 7033 4834 1662 1851 3933 6527 6748 1682 4837 4190 2636 6 6381 7694 9017 7991 7908 7901 1158 8751 3786 9844 2794 4994 2547 5896 3855 9591 9089 4847 235 6178 9072 9852 1246 9412 9574 8264 9117 3498 9596 900 633 3285 7401 3978 6391 689 3610 7691 2998 3616 5603
2728 1259 9935 9244 1597 2158 2145 2746 4568 2147 9572 6876 5693 1559 8969 3361 4969 419 1572 7184 9322 2912 1906 9644 7516 7464 1715 3037 6384 3137 7861 6510 6701 5285 4326 2246 2265 5473 1224 2949 35 739 2317 8687 6345 5313 2238 5381 2168 9873 1031 8959 9126 4445 5253 8896 3352 1242 6167 4352 1279 6150 4534 8059 5649 6146 6450 6496 9024 9856 4503 8869 1281 6305 1813 855 659 3187 8476 1107 6578 1671 6304 9335 5619 9504 3049 3956 8102 8797 8753 6315 1515 6651 9520 8298 2702 5879 8832 3975
1843 2801 9979 8343 5105 3524 4861 3222 4301 1004 5065 993 7771 9639 5502 940 2583 5635 137 4216 6574 4404 2648 2971 2687 4615 4899 8259 3767 8219 9860 7655 8113 1949 6348 6004 472 4102 8281 9418 7727 3690 9917 3591 9959 6049 3775 8651 6031 8705 9107 3103 793 6281 2483 9287 9578 2887 2968 3521 9627 7403 4359 8839 7513 3176 5472 4157 7039 4390 2943 1056 3261 946 2933 4325 9102 5922 5114 2703 5029 3832 4867 4234 4149 4457 3056 3914 4042 2467 3828 3010 5095 2058 333 5503 1358 9527 4636 2254
6398 6657 4561 4237 3899 9867 1058 3419 1297 9358 4125 1290 1877 813 5779 8145 21 1762 8547 8818 1547 8250 4399 399 7817 8180 2545 4316 2357 4601 4789 3122 9722 5844 1480 2160 1369 4523 9119 4316 9789 7918 54 9762 5357 1664 9842
