8795 9420 9858 5873 1067 4404 9068 3019 7227 7661 4050 8236 9081 1263 2400 8133 9632 161 3816 4435 1309 3776 1688 1577 3548 6535 538 5008 7491 7161 1605 8983 1008 7071 3018 2764 5346 5269 9245 1046 4231 6696 6995 8507 9610 3943 8616 9185 2079 5365 5441 3744 5318 3462 3281 2154 2263 5761 7005 5530 8361 3340 9465 6930 9233 451 6002 7111 5560 2315 677 6049 9830 2627 9354 1966 3109 2665 7694 9260 7683 3656 1819 8524 8014 8705 2222 1823 7803 3366 851 4815 7771 4542 1323 7369 645 8856 8632 8677
2010 9324 5873 573 2432 827 1965 5859 8783 5829 8198 1284 5457 5826 5717 9534 8928 2601 6706 2346 8157 7865 8787 381 5119 1422 1482 1004 6591 2425 3781 9874 7842 1028 7509 6424 7928 2285 6348 8449 5940 8873 708 4614 1164 2632 8991 8039 6957 3407 154 3403 8855 8816 8686 4766 3676 2180 6007 9485 3306 1187 3373 7383 219 6805 1613 1229 6989 5249 3919 5700 3961 5040 9509 8738 1581 8874 4230 479 8688 1506 4779 5231 687 311 3933 924 2154 569 3572 6350 243 6010 3145 6583 9046 6050 9960 48
8010 1466 8795 4102 611 2615 2408 4755 8676 7759 5357 5492 2550 345 7496 9978 4273 9081 868 9763 202 5028 1841 1420 3431 8178 1625 6853 599 6378 2649 2419 1661 2910 8849 2950 7940 3117 3334 4891 230 9750 7124 7125 1443 2206 6983 3849 3707 6862 4961 7249 5403 7997 1199 8833 6626 5014 1293 2158 8980 5454 6759 1596 1340 5193 1832 5838 4620 785 1397 6112 4365 1259 3198 5549 5828 9433 1870 672 8043 8356 7345 3245 3280 6870 8630 6166 1120 8432 8535 6701 9103 5872 3505 7119 9181 8224 4241 5224
2401 2338 8288 8706 4601 8049 7935 2202 4230 1980 5071 4311 9781 5999 6013 8445 3209 691 9996 132 4528 7211 8867 3442 4036 707 9283 2458 6316 7799 8436 9387 6708 769 229 9700 7048 286 5477 9339 2913 7524 619 5393 4452 2402 3361 7504 6466 628 2441 2798 1169 1982 1131 7580 5072 6605 9956 7706 9840 9619 7565 1773 3574 1203 798 2631 1181 9090 3106 8789 1374 5526 3196 9 3207 1625 5079 1925 9243 9031 762 1130 5771 8952 2552 7304 4390 8148 310 6349 1452 4374 3093 5314 2153 9486 6053 6050
6804 4055 1309 3446 9020 6087 756 7028 8531 9492 5989 1047 9861 7914 3762 6961 6878 7160 2909 9471 9973 3938 5274 4325 3974 71 797 6814 3681 8693 9281 711 6527 4255 9882 7102 8970 6071 3083 6606 464 8803 2232 217 6920 5374 7461 3382 8177 7537 6753 8521 8341 7882 1026 6383 792 9410 7412 8361 7974 1319 4267 4528 1257 9818 238 7017 1889 6778 3747 2614 3477 4771 9882 8067 554 354 952 9886 3459 480 9904 8251 5631 5294 7983 7751 3141 3168 386 9498 3758 6121 1085 3566 624 1508 8697 449
5371 8221 8249 6557 2297 2996 962 6680 6591 4158 9949 3217 9963 8925 7917 1668 4035 8520 8707 5795 1165 4774 6441 8093 5907 7304 9283 8787 939 4036 9209 5859 1017 6463 9569 1057 2075 5380 3753 1270 7160 287 9871 9781 7458 2143 8316 473 9718 7914 7786 3115 3778 6868 9114 4750 5973 2744 9874 9810 292 6963 5109 4848 3857 7378 1395 2383 7660 7187 6042 8653 1963 3084 8842 5513 703 7664 8409 1868 7371 3075 2124 6534 2248 3896 5635 2593 7397 2576 3639 3134 965 4437 6915 5071 6894 3940 858 6498
4874 271 8896 2497 8660 8522 5895 5855 1505 6070 1107 3954 8572 6937 4359 3651 999 6762 1357 8809 9598 5869 3491 851 6913 7784 2172 3816 1175 4183 952 4366 119 8594 2824 9036 1574 8459 7771 4688 4833 2094 961 1983 6966 7493 5513 6232 9755 9253 1973 5237 94 9538 6464 3726 2380 2999 3965 3280 9585 1587 4152 2403 715 8822 67 5291 2483 9139 9760 8799 8674 8449 2846 8978 5090 9080 8826 1262 947 2462 8470 4463 854 1453 2557 9502 5370 390 8893 9406 7750 7466 7926 6449 8012 8120 887 5029
7972 8913 9848 9822 2087 3858 5289 9219 5771 3436 9132 9235 7975 2600 1181 5667 1113 5537 8950 6480 5648 6767 4785 5410 2059 9894 7082 3983 7221 4938 2349 5652 8705 6623 2314 4853 2110 8400 9186 1846 6089 2870 1206 6500 4894 7819 866 4833 4266 2941 4007 4007 7654 7344 1425 9283 5146 1842 9877 3143 8465 6173 4901 9272 1669 3849 4366 7521 2427 9664 9303 7679 9349 7422 9100 8040 320 158 1430 3999 2570 4881 7725 7196 7778 4878 3764 6571 6681 3151 3771 3803 8827 3054 1204 8656 8694 7080 9717 712
5998 5518 7040 6413 8543 8659 3649 9020 7332 2951 2295 4552 488 6081 2669 2207 4589 69 7022 1402 641 2814 1584 5032 4625 2003 8980 7192 7188 2409 4607 4217 5954 2677 7948 9360 5305 6284 9542 2192 5751 9494 4381 8458 9886 8688 9362 4690 1428 8332 7056 1718 5014 6374 8746 534 401 4982 9496 5276 5600 2483 1095 2294 9538 335 9908 8414 7294 6412 3779 9985 3365 3711 3491 91 6429 5640 5546 3595 7676 1620 9668 8215 8845 7227 5939 1644 8794 7501 8523 2562 8296 3230 9303 4478 9900 8257 4696 7276
8487 1541 2746 5973 5959 4751 1788 8369 9858 271 3599 7057 6613 6260 3115 7880 9277 5599 759 9101 2858 7559 3450 7559 1632 1177 5922 5311 2982 4025 818 697 9508 484 5997 2726 3532 8256 4043 5151 4162 8373 678 5474 6894 3337 9958 6391 8841 4258 6231 1086 6138 8950 7614 6697 5138 5382 3132 3635 3553 5422 7367 1240 788 3254 2454 2333 4408 8921 3244 7849 4267 5418 7478 8207 8934 4698 2279 5824 3749 6982 6539 5386 2678 7930 5780 8391 3485 3595 5786 4175 5388 9870 4426 5491 4574 5480 7465 356
5784 7938 6411 5189 4717 8236 1903 8314 7037 6917 8983 8526 3152 9633 7133 4910 2748 141 4382 3389 1971 676 5385 1441 3128 7866 9060 1221 3940 4114 8660 3057 7776 9798 7002 3096 1456 1294 2307 3058 399 5670 3539 8534 9398 6181 3117 1552 633 6456 524 8505 9201 6323 7780 9508 2593 1142 964 4113 6608 8096 8744 2003 5049 3392 9161 101 1279 8265 6583 2653 7517 6990 5102 4288 5971 8214 8441 441 4012 468 5300 4093 5237 2200 6650 4680 3110 6820 5640 8260 4369 4484 4533 1289 4839 7715 9939 4394
9379 5258 9773 6099 5413 8169 7625 7453 2774 2915 6379 5065 620 3336 9962 1587 7840 4071 359 8049 8041 1314 4471 8897 8037 3742 524 3092 7729 4116 8972 4713 8781 7916 2894 8727 3145 1266 132 3426 9393 7073 8364 8407 8089 3108 3863 3634 6874 6157 5662 6356 8607 7526 109 5121 2738 6242 4664 5916 9321 6074 9739 8488 6130 293 2877 9761 8191 1626 3980 8479 5166 306 7228 2174 5256 9692 6322 8388 8036 9357 716 2866 4057 1939 9238 8791 3647 8533 5404 3389 3093 5078 1645 8751 3232 7720 6363 7642
8189 6631 5009 5907 2944 9927 8686 6143 5337 9758 5835 1694 4844 2948 2057 4666 9508 730 5723 6477 27 322 8602 5572 6466 3539 2714 9890 1830 1623 6277 6319 9635 7755 5890 9615 410 133 5209 1517 2050 6497 5674 7930 4193 418 8478 950 9004 5648 2170 6656 5511 7896 8769 7392 5943 1034 3009 8755 51 192 2208 7762 4814 8060 2630 2194 4196 8329 3792 9375 6224 8230 3781 9997 3266 5968 8195 2146 2840 1273 5218 5623 1913 334 4094 4897 2497 7305 442 8820 5744 216 8429 761 6954 587 1947 163
8586 7819 4037 8967 8370 5669 5641 5747 1040 9535 9921 7125 617 8488 707 5585 19 7962 8634 1570 3457 8714 3340 8068 4030 2450 1398 7526 2806 6294 7374 6812 9190 2132 416 2680 2721 587 7498 1255 2016 9119 6302 7808 737 1951 6060 990 1802 5916 9987 4151 5649 9603 2767 3547 4591 2475 446 7810 3466 8106 7487 9707 5589 2414 7551 1636 1263 692 3972 1635 3180 3792 8665 9150 9584 646 7193 5258 314 1923 4403 2410 8352 7503 8383 3622 8327 528 621 5099 5155 7551 1223 519 572 5061 9863 4964
9769 8254 9401 4403 6221 9866 866 933 9768 7536 3718 739 3382 8972 6198 8973 8144 2478 1043 7121 9704 6319 5865 2471 7776 5937 9353 703 6067 9703 8026 967 8234 3167 8851 7707 368 5488 3942 9346 6514 8037 757 3728 8976 1582 2922 8282 6872 549 1127 4216 9087 7109 832 6294 4415 4855 9972 4409 4961 719 3773 154 9444 9427 4663 2151 417 8730 3753 7993 1176 1429 6972 4768 724 8391 3044 8807 2716 6894 2318 6705 3817 3 6615 9461 6095 6524 7443 7996 3498 3491 9506 5714 5116 4976 3841 6845
2294 86 2623 4319 7894 9768 8623 6776 1083 7829 6782 857 2223 7507 2747 1549 808 444 2560 1008 9271 1966 4054 9846 420 8483 5461 8234 7021 8201 7171 8001 8724 8597 6162 2855 3692 7572 1451 7893 6068 2511 9982 9956 9057 2921 237 1799 1715 8914 1261 7692 7473 5337 3921 3464 5858 8426 4591 2631 3400 872 4830 5778 9102 8222 2537 8033 6801 1176 5930 8970 7856 4403 3850 6491 4836 9181 2379 3858 5520 7333 4131 728 2004 676 5848 1352 146 6413 6616 5547 3402 5795 2138 465 5958 8367 224 4000
2808 665 8125 8223 4130 5799 1906 1593 573 9620 148 7189 1849 8988 3651 6640 4602 9919 6908 3788 5518 1711 4197 7734 3743 9173 7567 4914 9021 6799 3034 2892 9949 719 4855 4866 3037 9378 2265 5295 2220 1704 459 7428 4771 9029 9352 1532 9759 4396 71 110 9685 9696 8965 2053 8422 3359 6763 5521 7014 2125 4216 3485 6838 5966 4088 67 706 1303 2148 9439 5568 5795 3182 6821 4319 6517 9145 363 4639 9017 2671 9488 3861 5318 6862 351 9097 6167 8868 8463 2748 7462 9773 5129 4403 5150 8552 7149
2366 8153 6828 5129 8833 1695 8488 4226 5163 1014 6114 5094 5844 8701 3393 8550 3315 1012 1180 8319 6449 3614 8505 5907 4516 128 9239 7099 6410 3939 8863 3103 1532 2900 5719 7018 8293 4247 6802 9829 3992 9833 7989 2528 1248 3523 9440 1178 7705 9737 65 610 2680 2199 8670 9148 9094 3936 4433 589 2674 6837 5164 1151 7556 3266 8939 4504 1268 2297 7857 7283 7753 6991 6159 2657 787 4230 5541 8198 9948 3577 3613 5024 1076 4161 7955 8020 4976 3272 9865 8625 9009 6048 390 6765 7415 6106 6482 4395
6131 6237 5606 3874 3550 8986 3495 9804 8409 493 8847 6594 286 5841 210 1967 4813 8139 9536 587 9106 2577 2712 7206 8752 1367 4473 7061 5819 5451 5822 7831 2820 797 4517 1833 1868 643 5208 3511 8663 77 6060 3519 6293 5618 491 4656 9748 2390 4574 5349 9310 3761 1189 8395 8589 7648 4068 242 8508 3133 4004 2570 9197 6904 7080 4875 3969 6426 4114 8007 8496 6555 8036 9346 747 5965 2289 5873 1373 8708 936 7029 7661 8260 496 7396 4906 9307 1814 1355 7041 5345 9454 5983 2669 1799 2636 2165
7342 3528 1138 9907 2319 2133 5356 2555 6510 4958 4700 9023 4995 7570 9576 361 8933 7253 8977 4450 2224 1340 7285 1735 5775 9120 1687 4051 4380 797 3794 4618 8713 6476 8234 3246 1915 4829 4832 9809 445 5285 518 8407 6451 2913 2429 2264 9748 135 9737 3558 3728 5412 6529 8871 345 2385 7436 2122 4054 4607 3986 8672 1621 270 5798 5704 7703 1911 4885 9796 5923 9560 1885 5054 9033 3187 3689 6417 6398 4172 6649 5541 5856 3803 270 620 4587 4906 2200 7608 93 4197 9522 2267 7844 735 5614 6184
3968 9008 3215 5052 7817 8968 421 2254 8141 7655 410 3194 5600 2622 7932 1649 7182 2251 1296 5578 754 5500 2495 6402 6628 4278 268 9180 2670 7144 7098 3483 6225 8474 5423 3215 2806 3213 4151 1472 5652 193 8040 4419 3089 955 9701 2664 7941 7212 1490 922 9632 5078 235 9722 6127 4181 7440 8024 4603 7939 7113 818 196 4407 2092 439 1750 1728 6189 5545 606 1560 3135 6128 5590 5039 8085 2542 4099 2513 7022 2567 7950 9891 9731 7615 5471 3500 2441 143 7931 950 4852 3692 698 1287 881 2669
7657 1638 6178 9665 9196 3680 4696 770 4015 9492 9359 6630 5752 5807 2583 9368 411 7209 6239 6582 4243 1653 1270 5058 1259 8216 5980 7580 7057 6529 7143 8165 5669 5173 9792 6183 2249 2626 6010 756 1339 6219 1627 7108 2753 5472 8523 7014 8542 4386 8812 107 6409 2688 5641 4185 2484 834 1658 5176 133 4404 2453 3555 8297 3685 3245 1749 9412 4989 1789 7382 2605 3598 3020 464 9684 5372 6263 2897 3445 5498 8245 5686 3726 9549 948 5655 7198 4497 4235 718 6914 3457 7264 9923 2780 9247 8049 5184
4866 8473 7374 6739 7267 4555 7141 2289 4021 9853 6190 2655 3447 8426 4529 2064 9556 3823 1782 8317 8620 8123 8444 4009 5789 9422 6177 3413 2984 6303 5071 3100 4877 1655 2929 1380 1304 6697 8474 9423 3013 3848 4280 4649 9578 3204 2432 7285 3113 5874 208 560 8568 580 903 7611 9801 6658 6650 4878 3261 2024 3127 319 4570 7386 3453 3256 6042 6205 1287 1984 4734 1135 8920 2867 3185 4732 7645 5605 9635 69 6442 2286 1183 5945 5835 9127 7021 548 3965 4400 8651 3625 3658 1842 9143 7273 2302 1284
7882 6088 5341 1602 1948 2875 6355 2615 1173 7449 6842 8394 8726 171 7825 4550 5719 1462 4140 2897 1670 8893 481 2702 2193 9621 8969 5650 7287 79 374 4211 7258 5230 3154 5348 2406 427 4518 1071 3172 4083 6373 3326 6482 3861 9578 7076 2567 1404 209 3475 5733 3637 1959 3246 8772 9157 4221 4156 6886 5645 7800 9707 3770 2049 1517 152 2965 39 3343 2629 4934 809 8781 6256 5585 5154 1284 6878 2993 6701 7533 3299 956 1026 2517 6128 7834 2871 452 4657 541 7521 4912 5066 7883 2000 336 4405
6054 3431 2731 8896 3523 5032 3685 5643 205 4087 6676 9074 9001 2994 3072 8769 909 5908 6694 3423 6803 1961 3133 3188 1394 6827 1430 4556 2727 640 6208 9524 109 5974 6005 253 5749 3107 8623 8484 2616 2948 2311 4552 6535 5370 1171 6015 4419 3444 4416 2426 488 4211 2623 1544 9680 636 8646 1771 4614 9396 9375 6880 4359 9787 5142 8534 9952 2401 4763 9564 9873 1077 3757 3649 9895 2918 3219 9432 4225 5928 2840 1351 5429 6188 7874 5912 4176 9404 1798 5915 4205 4443 1978 8029 176 3983 4602 308
5320 3462 6575 5146 8118 196 2646 647 8561 2480 6481 1973 3974 8369 2744 491 2492 9249 3877 2167 6202 7452 8171 8940 8312 9707 5727 2039 7649 6493 8885 9025 1124 1735 5503 7199 7389 9494 1086 1736 1482 1677 2977 3069 7780 2244 2621 1386 6172 2434 3667 5354 8958 8580 1451 5349 3884 8217 5306 3390 5348 3865 6969 7874 3989 1285 12 4052 4514 2220 8973 44 6568 7805 9698 8815 6693 7374 6053 8990 9448 5987 9155 3192 4830 2989 2973 8993 1996 7968 4534 3556 5343 7615 202 1076 2380 2587 5981 2628
6075 7663 7831 4674 5924 3862 1442 2478 5843 6440 865 5900 130 2965 5589 593 3264 4430 3584 9264 1177 4405 2218 9770 144 2028 1718 5843 9874 1812 6253 1520 3200 3654 3424 9210 2314 9555 6799 1499 1496 8819 4423 9323 6867 6697 8266 8822 4769 7279 8098 3882 7044 8715 1879 7134 3342 2716 3087 799 9635 3161 249 4250 7703 7316 8090 9350 2740 7339 2206 9817 6800 5838 6531 87 3115 6323 7157 2449 950 3466 4360 5231 9550 7481 6555 7054 7036 7167 1561 4203 3353 7215 2943 979 8553 3662 8631 5232
4256 2835 9167 7066 3430 5185 8850 2741 6614 5840 8267 963 7770 9382 2332 3785 7970 2565 4973 6569 2671 6549 1770 290 9752 8562 5763 780 8406 2462 7387 22 4013 100 5167 2080 5806 7431 2964 1926 6088 8238 1998 5246 7139 2844 5470 3226 7157 7424 6635 5891 3072 8103 2983 7631 5649 2250 2596 8916 5838 704 6418 7447 2571 2068 7598 2767 5357 1247 9766 5738 2885 1827 2146 5493 3815 3330 3843 7741 6959 6297 7474 4081 5877 5567 8689 9081 6832 8553 4694 1202 5144 5730 1994 9625 4298 2621 5193 1956
4812 1956 9710 5256 101 7698 6950 2456 5687 1916 9321 3976 7690 3354 8909 2544 9457 7902 407 4720 7685 5608 1856 4791 506 916 4215 9045 1582 9392 5098 4096 2158 8534 6003 7650 1749 1978 9359 9515 8625 6980 4305 1601 7782 3326 3893 4538 6643 7422 2571 5055 3504 837 1582 5704 237 5664 3229 3058 7777 8693 8333 6309 3793 9927 5357 3851 2547 1695 1488 348 1558 6675 4258 4767 8126 988 8504 580 7269 651 9351 5424 3294 5948 7235 754 1811 750 441 7580 2236 9818 5307 8846 4453 450 4301 1046
9739 2290 2482 888 6207 2885 1717 8255 2275 1956 2835 4605 994 8415 3525 2262 3067 868 8058 8967 7427 93 8452 8657 4368 1324 8260 6305 9686 8800 6693 2510 6350 6726 9336 9486 5536 736 3750 5034 9952 1146 2179 6300 3952 1342 3777 3917 1201 8264 5124 6975 6271 7570 7855 4411 7042 5160 4490 567 6882 177 7525 7601 841 2816 3426 1779 3875 5983 7048 9702 97 242 5104 969 9209 3522 524 3063 854 6196 890 9692 7849 1948 4349 5279 1016 1104 8104 1261 5623 6310 8980 8031 5756 790 3434 2113
6669 3312 2663 2642 8879 5041 9686 2831 6178 6267 2869 361 3820 5232 6772 7575 7070 6519 1432 1732 2936 7777 9631 9284 7669 1193 4106 6317 2862 5961 8353 9512 7042 5793 7769 707 8498 1355 3558 3736 3517 3824 2304 1882 7484 5577 7464 7714 8665 9853 7855 7549 1076 6270 7341 9065 6534 9647 4411 1574 7792 5937 7287 1732 5598 6006 5917 9225 7413 709 7449 7789 8124 4061 6122 5366 8450 5561 9611 7172 3581 7729 7766 4824 4776 3341 2118 715 5818 8361 7611 1940 6925 3629 6934 3265 2657 1465 7446 5378
5864 492 1513 6094 7375 7763 4612 7371 562 1953 1729 4853 5836 1694 5653 6890 4360 3029 7349 7782 4165 2429 6763 4525 8144 732 2931 4621 7874 6200 4364 9859 8501 6781 9899 704 9125 5642 2024 3826 8867 2614 8750 4674 1937 2840 9183 2601 2697 5806 7490 2846 8338 8139 8698 9549 5135 2367 4075 8249 8085 5043 5505 5890 5454 9525 8154 7429 6502 86 1715 1834 2208 3534 331 4800 2162 4800 2992 5648 7710 8246 9077 7768 5185 2166 8264 7041 73 5830 1580 5803 9121 7896 5876 9040 7761 3675 2446 4549
2885 7459 4974 9443 7984 7534 4637 4237 6246 6705 51 9370 8552 8076 8722 7733 6741 8502 3108 2398 6251 8894 827 3173 2095 966 9398 6653 7775 48 5986 1193 8756 9565 7214 4031 5002 7287 7275 859 3488 4289 4483 9986 1334 7256 2229 7548 9809 4878 371 9119 2677 7424 565 1153 4673 2783 2382 6421 1128 2148 3738 2219 6297 1351 7142 3441 6637 2372 5413 2345 6382 3539 5598 7472 6606 8433 323 4255 1568 5778 1326 1833 3419 4088 9910 8518 9632 6777 2886 7821 9247 6437 6744 2273 3569 4437 8614 3551
370 7741 8998 7729 4585 5486 9956 430 4974 8398 7523 5311 9389 9158 3074 7012 1020 1318 9521 417 6239 9620 325 219 5026 2327 5829 6437 273 4855 2770 6385 3492 127 8174 9886 974 9383 440 3500 5157 4048 718 5999 80 9465 1713 7591 5439 8831 45 2271 760 4204 1084 222 6631 921 9364 1149 7478 7924 9880 9227 6454 3298 6550 7176 5123 9637 3799 4149 597 7331 4478 1157 9570 210 8061 8682 3486 1898 8649 8866 825 1453 4499 6394 9092 3831 1490 3732 5043 6738 6720 2997 3205 493 1642 1928
8691 7710 6861 8899 8057 9388 3984 3059 1708 9332 8185 9306 7940 8346 1448 323 5355 260 6930 6948 668 4174 6868 7393 6561 3207 6583 3368 7238 2194 1582 9105 4687 5516 1979 1134 1890 9249 5221 5193 9894 2745 3102 337 9984 6087 1982 693 9197 2722 9987 7555 3590 2972 2562 9734 521 292 4278 1204 8628 4016 3854 8281 5010 8360 4035 4035 5492 2238 9459 363 9163 8762 7602 4043 8829 4084 5093 1352 1582 5969 7182 2873 9278 4850 6097 621 1045 5455 4455 6421 3787 217 5822 2430 2579 6298 5033 1345
4850 2747 558 6502 4345 9594 6044 4419 6062 3225 4104 6966 9887 464 5698 6248 2084 1301 5065 6532 8139 5677 4296 4715 3445 6437 1258 1015 2350 7007 1650 4175 3068 571 7589 7001 8355 1311 730 982 8262 2984 7519 4693 3926 4650 3206 4635 8838 5871 4637 9162 3395 7172 648 6705 4098 250 885 7809 4746 5107 7551 1851 6204 2413 2929 9801 438 9499 8607 6668 2406 8114 193 4408 2460 4155 8406 9558 9790 6791 2820 1723 8766 4493 5817 1421 1779 3694 2084 24 7929 5768 8004 1291 8257 4087 3789 1437
436 9500 3631 4129 5763 1330 4486 5376 4110 1240 4494 4551 1559 2462 511 9861 3799 6459 2528 961 6479 5595 1674 7790 2447 3556 6426 7447 3905 6328 409 2908 7991 111 9412 9809 6599 4511 2514 5790 6792 7060 7794 8332 3626 2674 3073 2088 5119 4054 3983 2292 6513 8414 4932 2183 9444 2433 7271 6629 8840 5786 2777 3039 5877 9034 464 8853 7897 479 8473 4778 6220 6216 7634 8319 1962 3078 4996 668 7520 9304 3427 8547 9778 8482 9477 3696 7175 3913 8955 6713 5171 7951 7789 9138 7412 9208 2892 885
4154 9107 3572 1750 7824 3665 4483 7039 1501 2946 883 9327 3237 343 6222 3145 6218 2456 9397 5471 5637 5858 1099 191 6879 6615 9602 9780 3911 8657 3645 4844 7821 2648 4022 871 2299 4606 7682 8597 1594 876 6715 9899 5695 2018 2912 1591 2194 4706 7550 3443 7314 2687 5087 8805 8926 2648 5313 274 8386 463 8863 8416 8747 532 1417 2716 8366 4115 7519 8183 4632 8015 6999 8170 5789 2136 2933 8316 3540 3190 6462 2637 4166 5556 2998 4553 9362 9085 3867 7083 860 9319 313 8691 1291 6450 8574 4573
6244 6071 5041 8312 6545 4962 8889 8575 1754 4377 9088 3169 9817 7801 2090 7305 9746 1465 8631 9037 8998 9273 3063 6696 2667 5862 5200 1685 2920 1230 9863 1092 9092 7624 8214 9574 581 9201 2331 2738 9184 584 9344 2238 7102 417 2102 494 785 4736 6036 6162 6830 5095 2129 1317 297 5345 7571 9578 6312 5858 7137 8327 5495 7937 2551 3119 6813 6561 1078 8431 8023 9861 4697 1686 4437 7366 4465 9971 7362 3376 2114 3628 2625 1078 7582 2489 7528 9834 8364 2604 1415 8903 7214 1355 5403 7373 6227 6908
3962 1391 9530 2562 9066 4346 5920 3762 8580 1476 2543 3737 3157 7694 6600 3495 8409 3970 1462 6468 9696 9329 2560 4121 8724 5195 8289 111 359 9521 4116 4814 4914 3758 8484 1164 8096 8064 8826 4324 9562 9511 6666 3993 6725 9677 9611 3599 7031 4973 5875 5511 8 3299 684 112 4719 2196 5033 6115 105 3399 5029 9154 9676 1144 8309 7899 6798 2114 1409 9335 8815 5077 1560 4887 7054 345 4023 881 5872 9011 7562 4781 2952 7468 7130 767 6457 5568 3011 3106 6901 4101 8788 3477 6197 885 9544 903
4051 4987 9424 2096 8086 4004 3276 1168 4340 493 174 242 686 9160 5776 7413 291 3364 9250 9315 9521 2427 3712 450 8873 7264 275 3444 4673 1213 3773 2261 9085 101 2122 979 3402 7467 1365 348 2073 7130 5625 3715 7564 730 3266 8020 5564 7845 9390 1434 2269 5193 9413 838 2115 5859 7120 3666 8470 9900 4102 4607 1277 3373 8634 4629 2367 4899 7954 2792 7122 8812 7742 7032 2844 7579 3867 4293 4337 8905 8933 6889 6989 699 9849 6841 1735 2360 3515 4175 5960 5053 9654 6051 4009 3906 5397 7490
6235 6707 3551 6190 3366 9288 1832 2801 2157 2907 3704 7814 6978 602 8727 4128 4174 5520 7441 8544 8389 9314 9714 4419 6929 7340 3420 3531 9365 9386 548 7902 2622 2955 1744 3954 2538 6859 6010 5103 3353 6320 5591 7873 289 9084 4152 7685 9926 1829 2674 8279 7816 6023 602 3433 3169 3281 3799 1210 8841 1874 1759 7487 8173 1528 4877 5379 239 4611 1745 8384 248 8880 4048 3670 5567 293 859 5118 7150 2447 3802 6230 9960 5820 2587 8892 8034 7046 9336 2107 7230 857 1808 7125 3672 6581 3372 2454
3552 9492 3860 3391 2692 8645 7350 1690 3905 4726 8616 277 8684 9136 1287 6455 4554 2490 5823 9120 8639 4858 8175 5983 5295 5496 6040 8873 9943 1751 5771 1702 649 6320 1790 8379 6922 7524 6225 4637 7115 5032 3106 7100 801 1676 5787 8180 600 4275 972 815 662 7924 1969 8888 1315 220 9682 6314 4785 5317 391 3 6500 4587 640 4464 8147 8815 1176 1689 4753 5136 1549 6321 6107 2117 193 9457 5564 7136 5405 7802 6826 5527 5910 6075 7533 8741 7771 1785 8071 5629 7981 880 1872 6549 3221 4440
1548 8496 9468 2028 1876 7572 96 5745 4198 781 1100 6740 8383 5581 1511 1372 1693 726 2754 2778 3069 8670 8845 5975 4117 907 3235 351 6538 2926 1531 9319 4828 625 579 9616 3039 8457 9176 7839 4436 6188 4219 217 825 3968 309 6523 5681 3038 1539 5940 2493 4611 4805 6829 1428 8846 9951 6796 2292 943 6907 891 2772 2191 449 4867 3511 6665 8189 2199 3449 7861 9424 2603 6559 1733 2777 7957 3859 5244 9293 8878 6567 2923 9289 9062 4604 8177 5113 3457 3396 8056 4864 2572 1020 4264 1370 5455
6635 6682 5900 8262 2745 3651 5896 1455 3445 2945 6801 2284 5323 1220 5106 952 7942 5109 6729 2717 2176 9020 7129 5943 658 6114 3738 4334 9683 2494 8418 987 4016 203 3673 7286 3849 3981 4201 7008 6639 9245 3159 284 6352 7045 6492 9154 4401 893 8693 6784 5242 4027 8932 1752 5756 7582 4035 9880 364 5460 3574 4423 1029 3351 9654 9108 482 3064 2892 4927 893 3294 9534 1717 4572 9991 6199 8439 6541 6310 5275 8134 1551 6438 3506 571 1077 306 3182 9861 1845 8521 6428 8951 3738 6080 1157 675
3602 9916 4589 1240 9204 462 1742 2529 94 3574 8747 7630 4298 3192 9063 3851 8661 9031 2816 1627 8913 8740 6253 5645 8099 6246 3215 6029 3164 7973 4779 4057 5887 7729 3838 1245 8613 7703 6688 1603 9511 7750 2341 5474 3687 6373 6076 8089 4765 9040 9991 667 240 2754 2965 809 9923 8094 575 605 2361 4668 7915 4773 1268 9549 2424 6938 578 6501 3270 3251 85 5155 676 9632 1216 6833 8431 7222 7991 1160 2794 6985 6622 2904 5763 2768 3723 3964 4199 6798 9810 3129 7697 2421 8784 9057 2559 1621
9464 3307 590 7970 3680 9023 6773 1070 3566 9780 159 998 3021 7712 3646 1416 4997 4912 7613 6651 9868 5186 1116 3360 2959 3553 3476 1715 1773 6750 1256 8181 29 5859 1277 9676 7443 2873 545 2719 8931 2085 1253 3579 9397 925 157 8482 2975 7691 2262 8249 2015 935 1164 6574 1140 3064 9597 5352 969 3842 6076 5566 2204 7286 8194 7834 7767 9734 432 993 231 6378 1427 9675 8934 6704 5393 5758 5473 1228 5200 1184 3244 8468 6310 1380 1389 3082 4695 919 5499 8853 6714 5575 6462 2006 5510 3516
9596 3354 3441 9796 7665 1304 9161 484 9574 2442 6677 6363 1988 7527 5794 9270 4101 9363 565 1813 2386 1032 764 4876 3099 9422 7476 1603 4708 8062 794 5685 4577 454 4848 7733 9368 2874 8154 7747 5068 3292 2917 1301 6282 5838 4412 4408 6073 7946 5786 8661 2928 4838 4565 8726 1230 7208 3616 1411 2300 8848 4383 7017 4753 5054 8471 9030 1837 9510 1960 2798 3470 2815 2719 5470 2585 4367 6227 6496 296 8985 823 4231 138 2684 2831 5951 2179 7085 8473 6131 3832 6444 5013 5949 2644 4964 6054 9358
1921 5003 9759 5290 9690 5479 1485 9451 7745 2397 9527 453 2777 6255 6463 9087 5461 4578 3206 2373 295 1791 3226 7936 7632 351 812 6221 6157 592 2172 4379 264 9156 5392 2935 5904 5538 1327 8055 7744 8751 5401 9353 5221 3551 8719 9492 6809 9549 9106 1729 1629 190 1523 794 9262 7899 2796 6333 9513 5780 9587 6300 9471 1648 7146 7416 4322 6454 7290 3253 3822 5490 8037 2402 9963 4977 5061 4510 7716 2326 8109 9826 1635 8711 1075 495 5231 7035 97 4102 4033 3266 5404 5028 3114 3989 3363 7174
8974 595 8163 8329 3267 150 6476 1322 8757 757 9295 9275 8931 1687 1525 9538 8315 3036 1733 2725 5372 4446 4199 3545 1155 4035 3694 8987 4711 9985 8858 8881 2905 4772 3735 8151 3947 8475 9972 3123 222 3942 9325 3886 22 4933 219 6669 3632 1162 8572 2047 6477 2759 9849 6440 4516 367 134 7289 2172 8845 637 4667 4466 5476 7979 9288 902 6894 8696 9118 7398 5850 4846 3843 1630 7519 6269 5831 268 3990 3478 7652 9153 2719 668 1104 1735 3252 9680 9623 1578 5323 2194 5522 2687 3301 2652 2190
2788 5605 8635 701 7316 6764 2649 9140 3622 3517 8645 9834 2347 3060 1270 8845 8616 9592 8541 6217 2622 5499 3038 2822 8375 9475 4533 1899 6159 5654 8826 6998 6554 2042 1612 6937 7857 4859 2210 3154 9233 7388 8172 561 1834 6435 8921 5313 5065 9354 9347 5930 7555 7837 2285 7762 3631 1108 5346 1591 8839 3187 8416 5998 4397 4704 2671 5937 5216 596 2476 2529 5209 4746 5162 3482 771 1544 5395 2569 6021 9321 8827 2529 1573 1818 5386 6860 1882 3881 9727 1268 7677 7840 6403 5851 3342 1225 6640 2632
8103 5513 359 4797 8007 6831 4463 9411 5715 5478 5582 6477 3243 6008 359 4798 7057 2334 7231 4927 9898 7078 5931 6398 405 192 7982 171 1075 4285 4549 2803 3157 1477 8912 8884 9693 1531 5450 5883 4780 8317 8947 3153 2501 4489 6448 9491 5665 4113 3463 5688 4928 8484 9617 7418 974 7667 8364 6848 2726 5058 3276 9893 1505 8631 9051 2569 5713 6487 2883 8321 8611 4998 9794 9980 2239 1662 32 8260 9385 8790 1505 159 3626 319 7464 137 2976 119 8022 5221 8110 8633 5941 1930 4957 1679 1909 2171
253 2954 8591 7111 4797 7005 5356 9449 7787 100 4312 1077 7796 3590 2132 4612 7279 9655 7363 759 6299 442 2381 3168 5852 2753 334 4900 3401 5128 9346 9624 3821 5033 8830 4006 1707 7570 6370 6603 7169 3104 2655 9361 4452 9603 6942 6215 3543 2517 2955 5381 9488 5794 7432 5887 7052 1518 3759 5261 3684 1248 697 7620 8678 5163 9380 2136 5816 1930 3149 6891 8541 5104 5074 2473 5391 7153 3900 9909 2207 5565 1466 1895 7050 4675 7004 3218 4632 8700 3942 3759 7569 5707 6557 2221 3751 2153 7103 781
5135 5634 1595 9914 4148 8148 3497 7214 6304 4223 1889 6609 3475 6868 3435 4099 2615 7480 6161 142 2386 657 3976 6123 1788 3243 1809 8280 8868 3125 7018 4495 1760 4053 435 3116 3813 6061 7406 7548 5293 7386 9444 9137 4838 4311 1357 3806 3704 5910 8301 8138 241 3416 2940 3121 5913 1751 8256 9322 4935 6001 4831 9258 1164 1754 9317 8300 3573 313 2474 9082 3889 8346 2558 9237 9923 4825 8186 8848 2023 2099 8670 5490 1550 1536 6117 7562 7402 3828 1946 1963 1528 1905 6128 1468 1953 3783 6517 5621
6537 4864 8035 3078 2643 5516 9838 5617 6576 3948 6022 6042 9240 6437 6687 6364 4320 3042 7762 4389 3176 6049 9514 8848 270 413 8007 9417 2044 6958 7585 5327 7926 8131 4942 1570 3950 188 3384 1468 9337 3074 286 6386 6075 7716 9283 5253 8927 2850 840 3187 6460 6566 289 1761 2319 522 2074 4395 9334 4985 304 7335 2891 7629 5244 7234 4060 3843 535 680 1282 3497 1506 8903 704 5001 4478 6401 8134 7112 5402 3481 4219 3519 3620 4561 8114 8637 159 8474 2651 3526 3606 7866 3680 5718 5737 9055
850 2567 3955 2959 1791 1723 3027 8472 418 8210 7881 6232 3677 7253 3781 1807 6139 3539 7295 7583 5511 36 6253 913 1144 6349 5697 5654 2052 6918 8421 2611 6489 89 3071 8127 7079 6322 6964 7639 9588 6231 157 3706 604 6875 9313 779 78 3549 2388 115 1464 4914 395 5490 5975 4870 9816 8108 5452 4195 7884 4019 8486 4745 1631 3599 5752 5379 2881 9925 849 9783 5821 5863 4139 9970 3126 3483 4839 6089 4735 953 9541 7276 2452 6397 6064 213 2167 1919 1428 9536 9876 1721 4815 5366 9056 9784
4444 2495 3876 2819 7914 5117 4011 2810 2754 3810 6374 9964 1392 2407 5894 1806 9319 1513 5582 7586 5883 5163 1747 33 3970 6148 2073 3914 8499 8312 626 6883 831 7505 6043 2546 850 5059 1195 3411 1918 8943 1715 5913 4084 1134 7016 343 6493 1523 8976 3020 9596 2420 6553 5896 787 2441 5559 909 7947 1857 2596 3482 5050 145 6639 4818 8178 6800 8380 713 5175 4159 1785 6484 5130 5530 4509 7851 8431 7791 2733 5885 695 602 730 5766 493 38 7545 804 2343 7611 8431 2614 3587 8799 3650 8715
7080 4310 2095 6624 5167 2411 8039 6287 3038 6738 1818 3724 3757 2160 5851 9996 5514 5206 4821 1802 3766 9650 3007 9825 7088 5693 3885 945 4489 4509 5067 3452 9432 6075 2604 8929 5064 8248 3853 2599 9676 989 9504 7777 6743 5534 5432 2261 7428 5116 1171 8917 1611 1335 7512 2002 2312 8779 9957 7030 5848 486 9087 8852 9724 1085 7467 9359 3211 6233 9176 6262 5548 2382 6207 7041 1396 6774 1648 2185 4622 7433 3100 7358 4118 6221 1018 8992 20 5089 2265 9850 5833 2395 739 2835 8578 1499 9046 3606
9028 2454 638 8934 3393 6685 2929 5970 8599 7082 7957 8261 8117 3755 2418 828 6469 839 8192 7667 984 8399 9840 2204 1113 4536 6648 3635 6005 2668 2655 7680 1992 4712 251 6783 7702 2431 8907 4107 4362 47 3855 3425 5313 3090 292 2051 4216 5363 223 3682 6053 2739 2408 3303 2659 2837 899 8279 5221 384 6386 3116 4056 1799 2502 9386 3914 6984 3776 4725 6357 5867 600 7950 365 882 4818 8973 4315 7790 760 7373 8155 4633 6239 7282 5657 2519 4501 9691 5729 4049 7489 3706 212 6046 2627 380
170 5510 6610 6246 219 9245 1680 3751 2139 4413 8320 6259 3870 8470 7870 9512 3110 9725 7 5820 873 6822 9364 6819 5875 5764 9244 5809 7404 3007 5140 272 6949 8422 7417 3744 6483 6564 6238 9858 2800 9362 7612 724 5200 4068 8538 7255 9902 9419 8760 1455 8099 5300 1995 144 6912 318 4154 8943 6352 1769 9802 2015 6877 2109 8252 7546 3279 9299 3573 6323 4788 87 4188 870 51 2748 1472 8940 9974 7507 1877 2994 6441 6644 3567 9712 4972 6563 2141 6824 778 8674 4907 1295 8512 7479 9392 578
694 7092 911 7384 2506 1314 9150 2225 3315 175 4996 6223 2395 6103 2818 784 5429 8174 2926 992 6268 4947 4528 8879 2219 6514 7178 6869 6305 3567 6794 9381 6557 7232 9166 2687 2454 7885 9225 3182 8077 3080 383 3278 7799 1489 3051 1872 9221 6528 2041 1262 3385 3123 1550 8322 1902 5519 6122 58 49 6208 6291 5870 5999 8473 6316 7275 4811 9543 8530 5827 2826 796 7287 7628 9869 3144 653 3168 7273 7985 3268 3370 9848 4526 3396 2158 3847 4785 2748 9691 8192 7581 9565 8427 2045 6772 8625 9731
1036 9097 771 9143 6609 560 5846 8008 3224 2221 4946 6483 236 3337 8464 7484 6091 4396 5173 4767 9482 1833 8927 7314 6568 5078 6274 5024 4671 973 1247 302 8913 9793 9844 2197 7290 2450 4613 7546 403 3450 1697 5787 9796 8474 7419 6838 100 2452 3885 2279 2485 9903 5522 9098 4966 7715 4547 9427 3255 610 7044 4598 742 8493 3349 5456 7161 1794 9572 4843 1546 3107 4153 6943 9991 3599 1818 8273 9755 2980 4492 2762 6910 2837 5444 6691 4435 430 4617 8771 5887 248 5615 4441 1846 7489 2776 7072
2775 77 452 9041 4142 9754 8787 4146 3691 8512 8556 2309 1846 2643 5086 1529 6643 4556 9785 6843 645 8047 2918 2569 8882 3805 4188 8087 5869 5323 307 3840 86 1528 8245 366 7766 1890 1168 5246 6487 7690 8220 7599 1241 915 4798 8974 2936 3664 1016 3824 7513 4453 1563 3998 5114 5755 1491 1716 8782 4647 2767 1549 6053 4026 3482 8785 4164 1994 6263 1208 6496 6962 336 521 5006 4542 3433 8990 9277 4502 6247 6669 2843 7559 7113 4042 9073 9086 7871 2762 3416 6466 8425 9731 8657 8845 4529 6379
9187 7974 4412 6411 7334 5643 2293 6933 2242 2782 6795 7649 9520 3906 88 4167 8055 7404 1814 4755 7842 3172 6343 2775 1984 7381 1328 746 1520 6766 5072 489 6085 9705 1860 1414 2002 6018 3500 9278 2833 486 8250 6124 9240 3013 7744 2711 2767 8694 7853 8015 980 5380 2545 5354 8100 2331 1952 5137 2106 7684 3050 4787 9483 9792 6033 3641 4336 9916 6941 1801 2330 1191 1725 9626 6355 206 1869 9032 9934 1194 9654 5552 2464 4063 2427 8795 9532 787 2308 4229 3488 7100 2806 1945 5431 5133 793 8896
9341 7760 7363 4557 8428 9243 593 1432 3546 7654 7316 2378 9567 4400 2409 1533 184 4058 7441 134 4622 7412 4155 8988 5790 1281 7168 675 1112 9669 6165 5707 6665 1643 6160 8601 5209 7072 9385 6222 5148 2770 5682 6041 3660 9777 7056 4369 2734 1336 3279 1241 9519 7364 5215 6700 5273 2188 4615 8347 590 2990 6675 1399 2971 6856 5370 3904 4300 5548 3341 3586 7703 6395 3397 9144 6715 1575 7737 6900 6754 8995 147 8786 1907 368 8841 2542 6197 6395 7754 9854 1314 6385 5699 5567 5462 9843 1835 2662
9414 9041 6266 3480 7017 470 4342 3010 6810 6013 4233 3570 1219 7032 1296 1248 373 9457 8214 9210 7501 5651 1887 145 282 593 577 7066 2195 7628 2089 9880 3890 8984 8616 933 6425 2201 9242 4746 3089 2543 7605 8378 6719 2147 5146 2307 4946 756 150 936 4206 1266 1235 1664 8244 8500 9740 9886 5538 1526 2914 9371 774 7471 6588 7007 4434 7323 2771 3083 6229 7195 8453 2507 1458 7611 6670 4637 9117 8213 4800 3867 888 7061 7934 7955 5700 5182 6094 9319 5984 931 9754 7825 8178 7676 9543 8310
6605 1614 6746 6558 5358 2811 30 347 2895 4927 9558 9880 1020 8285 772 6618 7956 2844 9638 7246 1903 8358 7563 951 9017 3890 3769 7749 119 1384 9411 6525 5835 4708 1029 4949 3191 9207 5895 3414 7503 182 3452 7842 7639 4644 8715 5849 4783 7951 6264 3346 8420 4864 6336 3112 821 810 1881 88 3248 6675 5003 1976 9106 9467 8491 7743 8996 5579 2213 1463 2704 8717 1714 7349 1944 5504 3648 7441 6861 1789 7207 2012 3384 4036 8408 9911 9645 1225 6071 3552 3624 1893 1570 2606 6473 61 1048 6202
3791 9593 7173 8618 9963 1225 7121 7620 9529 7556 1958 3845 6110 1080 1272 5308 5509 344 2359 7998 7157 748 9968 7075 1047 772 8509 4698 1780 1063 395 413 6305 6440 3544 2914 987 6061 8932 8829 8525 2560 8927 8401 3023 9 2978 2984 8725 6349 4469 7563 7655 8114 7503 4678 9760 8536 4188 9192 333 2701 3899 4863 6976 8690 7930 5279 2528 5114 588 4032 959 1777 2895 4416 2149 3750 2082 5807 3633 2468 7890 4434 4697 6547 7549 2069 3699 4562 7514 876 1934 2091 9909 6486 6653 5059 668 9194
9382 4340 1230 8488 4716 2143 8793 8428 7278 7102 6671 4890 8113 235 7780 1737 5890 147 9741 8470 4778 9398 515 5844 5311 9555 7938 2556 2353 2935 5846 8819 5662 192 2477 4781 3213 8685 1126 9379 9279 9116 2311 6999 4735 3065 5451 775 795 9341 1465 8887 7831 396 1362 4566 4450 969 2656 508 9336 698 8276 4963 1169 7641 1734 225 3756 8649 3851 2654 6776 4273 681 5782 6038 1440 1691 5285 4356 5817 7498 8077 8497 5893 7891 4903 5246 9841 740 2733 1373 5881 3558 8875 1400 1102 1496 894
8552 1622 1262 3496 3195 5432 2454 7789 5933 7016 6719 5832 3614 4003 8143 3474 1849 8849 3514 2135 3125 7760 9740 8334 6334 2932 263 5623 1175 6520 4019 3551 8969 6810 7789 5957 4796 1963 9835 5945 8473 4670 6793 8946 3393 4154 8077 3610 3659 7910 3915 6371 9391 6678 1797 2505 4506 1671 2181 9290 3420 8911 4895 4716 1740 8431 4970 2948 6928 932 8667 4334 25 1380 4661 7446 6080 8331 5045 5570 1483 3174 5268 4737 4296 8696 5161 1445 8315 1215 1021 7049 9556 3572 5150 8025 1547 9960 9207 3424
6041 4729 8026 2892 8467 496 9948 1990 4152 4813 3010 8809 8357 1614 2771 527 4117 8597 1024 5182 4028 4901 9604 3790 4495 5693 6788 2312 7263 7308 1277 9318 1274 379 6384 8317 1294 9969 7786 3656 3199 4610 358 3926 9459 8436 6566 5172 5771 262 3822 6466 2798 668 7212 8574 6864 7425 490 7972 8726 2781 4450 3574 4295 6932 1345 6629 7076 7043 2750 4606 5374 5469 7986 7817 2278 9183 8163 3057 9425 399 4405 5141 8120 7803 494 9541 776 4647 937 2618 1994 8149 8828 8086 422 3986 1790 8474
8481 5661 9539 364 4000 6013 1904 4882 4755 458 6794 8853 3357 4765 1609 1336 9909 2204 8003 2933 4132 4676 5817 343 3972 3826 8147 5044 3897 6863 1183 9630 9611 7885 5210 3786 3870 1596 8424 3596 8 1564 3601 361 1679 783 5262 8408 6129 5452 7677 5242 4840 9996 2552 177 3561 9932 9546 7248 3587 934 8739 1678 3110 1905 4004 9577 8879 3582 5736 1864 5769 2904 6862 6663 6498 7546 1086 8717 7798 9256 7498 4218 7389 1217 8310 9521 3784 490 7875 3136 7257 1549 7406 3837 4798 8822 7116 9053
6598 8831 5629 3709 2738 8742 5771 9474 1520 9905 6944 2024 9024 3372 384 8652 4842 3313 669 6898 5649 9634 3037 7620 1382 5676 1707 4799 9052 2616 904 4793 4724 2476 5679 2348 3980 5118 3796 9685 1889 4017 9353 5826 1651 8373 1196 2238 6677 5196 7347 2585 8044 7186 2661 2322 3557 288 7499 1996 8258 9114 7397 1913 5531 9346 5342 1613 97 5615 3102 8278 807 6668 9211 5411 7411 9114 4071 9875 3042 5831 685 9360 8545 4742 1259 6302 9929 659 6260 1896 508 1971 7157 1697 6808 1093 8363 2032
5854 4387 5858 2354 5997 4970 3042 4331 5169 7149 2163 9455 7881 2952 9602 8257 4411 417 8660 32 805 7571 4242 5553 5801 8065 8706 9739 4737 1606 6011 2112 3538 4718 7279 8930 8267 997 2754 4887 5906 2289 4956 6675 9869 3913 1591 2069 9135 3956 1790 9515 8882 6139 1444 44 282 9130 1941 1905 1937 7230 7250 93 9476 8824 3009 9989 9376 7877 2570 9357 7935 8116 1291 9049 8800 581 7421 4466 2990 7680 7221 5805 702 7520 4038 3036 9023 5066 3754 2827 9444 7095 9041 9623 9435 8701 4022 8692
9818 4453 3822 634 1755 1517 320 144 7739 3262 5361 1921 1846 1984 1615 6401 5451 8997 4689 2137 4092 5051 3464 6603 8644 8708 8331 1758 4354 2865 9534 1435 4967 1990 8950 4857 2291 7132 7525 9565 293 7982 4127 2421 9237 3228 312 6519 265 2086 7298 1838 1585 8694 6917 8000 1505 2102 8592 1458 6178 5039 3152 6152 704 9745 8316 4560 5949 474 9888 8912 6126 6411 4425 1462 4662 9874 515 4992 2267 8731 8612 7772 2417 8058 2216 1824 404 2356 5436 3394 9746 3601 8794 3019 114 7725 7740 2040
267 3854 9296 895 5939 3554 2544 459 6194 2912 9973 9150 2895 5808 433 7812 1129 1719 5343 3649 4148 7343 5006 6362 8829 3380 9700 4646 2946 140 8380 2491 1255 2246 9771 7516 9655 557 6261 5752 4842 5005 2428 5908 1510 946 337 5640 4120 2506 1352 1292 1822 8817 6475 6212 5573 4720 4318 952 6328 9225 2547 8778 8600 9204 3046 1897 8834 200 4261 3040 6770 9502 9984 5249 4470 6307 4804 292 701 1211 6771 4146 5690 9635 8087 7585 6917 3618 56 8146 545 1549 4618 4367 985 8035 424 6907
3383 4177 8386 3048 1346 5894 6630 2379 8041 4228 8118 4775 2566 9268 943 5921 2632 1342 8648 8339 3611 9942 2345 9560 3612 3879 1520 2953 7325 3727 8359 7896 2187 1169 663 9513 4402 6004 2041 1190 8651 725 5664 7758 1674 5831 4258 1094 8312 6813 6859 6449 2146 7951 6736 2991 8440 2037 6177 6445 5949 4631 142 2745 1423 4155 1206 510 8848 2060 1821 1540 7795 9323 49 5498 4546 7360 5925 619 875 8865 6033 7774 5855 4389 6947 6149 1373 6455 5117 1564 8686 4060 6342 54 1697 5048 2655 949
2266 6579 2470 8538 4114 322 5852 4571 1676 7308 6246 197 145 7113 4788 863 2962 2653 3550 6061 3479 2059 2018 2303 6539 469 5799 2507 956 1880 1012 1784 1270 9987 966 4626 829 8962 2778 5385 7226 248 1290 3158 2495 4734 8816 4938 486 9064 9059 2777 7917 9259 3910 2009 2504 2294 5330 1172 3545 2650 7425 9667 3007 1596 5876 9499 9603 7150 8951 9471 2571 9690 8788 217 1240 4981 686 2299 3383 7641 2992 9203 9321 5524 1889 6071 1109 749 499 473 3725 7624 7747 6450 2841 9597 2537 386
6757 7486 7948 6332 6829 1466 4740 4006 2082 3502 7419 824 413 2775 486 6343 1624 8021 7284 9668 1389 8884 5452 6730 7912 7250 902 4062 9314 1548 5541 6156 2052 4781 7617 1767 8770 7343 8699 6906 9724 3561 4189 4909 2560 7756 8726 8987 9841 6905 1946 2011 2269 1821 5724 1925 1653 9982 4613 8327 7205 7038 272 308 9650 9352 7452 5604 7757 9382 1774 5184 5664 9151 558 8334 1467 1964 4418 6342 7140 2162 3511 1294 613 565 3029 848 7051 2127 8764 8815 834 1 2144 3697 5771 7561 9863 6033
7045 9232 590 3420 9385 8472 2722 5134 4574 6647 8028 3942 9331 5119 2990 9869 6531 3602 9459 1943 1741 4910 7621 131 7303 5177 9120 9716 2033 3861 7576 3113 8965 7395 6100 1029 8436 1555 7119 7295 6588 6480 9983 3583 3330 3129 1022 7724 6906 3965 4032 6141 2830 9012 3558 9629 5290 6138 857 6035 5269 4279 977 6172 4706 3499 5037 9472 6321 339 5120 3650 3317 138 104 6673 4011 9874 4381 3542 6812 6879 9971 2891 6739 2312 4124 5156 2239 2124 2229 9981 9848 776 4214 7319 4708 2492 8627 2679
797 1008 4286 2688 2618 9512 232 6169 4357 853 6912 6301 3277 6908 7609 7364 1565 9806 5141 5274 2317 851 7177 4941 1613 6195 6050 9925 4570 6390 3633 987 5391 3583 6627 7520 8186 1732 9839 6722 1917 8514 8133 7258 3960 4473 8334 6538 8318 8880 2166 312 8551 7109 3814 9533 6564 5502 4041 2211 5606 911 9189 3946 8827 8900 6691 5231 8500 3547 5401 596 9876 7745 847 6875 6907 7446 4828 6696 5406 1903 8947 4439 4167 7945 1574 6448 6618 8122 2270 2447 560 3723 4054 7889 5092 8718 3039 7515
299 4166 9613 539 1735 8116 1153 5581 6592 9803 3667 858 1007 3260 7321 144 7310 9151 8318 8311 8494 3476 2395 9209 749 1753 21 8953 9718 651 3654 3124 4525 6210 1996 7154 1641 8138 570 7718 7712 6425 2277 3931 5338 5831 5624 5021 6568 8211 9768 7685 4171 6662 1906 716 3567 8194 6733 8318 5529 9676 5785 6973 2448 8448 7428 7438 4102 1272 3518 4410 1866 4289 5459 1100 3125 6857 4162 4100 4281 7005 5893 3938 3874 5751 8966 9795 6875 8509 2466 6732 3289 2641 2198 3252 673 8306 6310 8535
3230 8565 1741 8355 2401 9685 3451 8629 2049 6899 8400 5519 1198 3123 1729 9569 6157 5465 8715 8927 9861 5575 1653 6714 6393 3681 2347 4736 9764 2458 3342 5840 9597 3327 4035 4076 3870 6586 208 6776 8611 6791 6319 58 2162 7141 4082 5778 622 257 1217 9962 7048 8542 6025 9297 6664 8979 8990 1576 3558 9831 9253 2033 8225 6397 8036 6185 4147 4721 9055 253 8903 3364 54 2730 3620 4759 6635 7172 6402 2671 8704 2720 7417 7737 3366 5191 1559 4630 1552 7066 8734 3629 3016 9241 8700 4225 2006 3461
4180 2937 1856 9745 237 9553 2191 781 1820 6189 7826 8785 2783 9970 7608 7285 1166 9070 6708 4513 2688 4655 5579 8248 3416 5201 2768 5059 5834 7028 1289 4854 3135 4272 1092 6945 5660 6208 4860 3761 9691 1660 7318 389 1484 4938 8830 7703 2427 6396 2690 66 9869 3183 7015 4470 3668 2838 5980 3434 6284 8564 9520 1648 6442 2629 5599 2156 5185 3554 8821 3836 3809 9408 2600 1370 9293 9640 1140 9829 5689 7320 8242 1136 9115 9802 3931 4193 2218 9558 6196 8626 3517 4966 9395 9602 3133 9753 3698 3945
1142 8145 9053 4629 5592 7402 711 947 5126 1238 5811 8756 8745 5871 7851 2112 1538 3189 2714 6896 3464 9555 5044 2186 2688 7778 5789 3270 9378 2368 5536 7456 3183 4259 1278 5205 2916 9861 8628 5845 2594 3817 1061 3723 9621 4069 6651 760 8287 1691 6396 7043 4023 2741 2803 5638 6808 5059 3619 5072 2868 9943 6813 4788 6830 142 8928 9394 1553 6007 9330 5778 1808 853 3820 2314 1997 875 8044 6896 5388 1239 314 3540 4589 8960 9975 9947 1123 6126 5882 9883 4444 9693 2715 783 4708 9942 6594 2901
3616 9751 1089 5006 4379 2114 8795 8676 4842 2879 2238 9359 1323 8652 1826 9479 9319 3484 8710 6673 7749 7232 4045 1041 329 3304 5974 8115 0 3143 2409 8036 8229 5634 2562 3274 4089 8637 7082 6441 2405 4874 6418 8865 1543 1301 4376 8898 4046 226 2045 8791 2028 1385 1209 4534 5903 8801 9761 7846 6055 2830 8275 6074 672 7235 9929 9920 1366 6377 1695 2639 5794 2516 8341 4312 6388 2361 4198 4546 2439 8698 7887 5590 7920 7813 9921 1073 7306 1587 9638 9453 3685 4791 5661 462 5573 9226 3620 7299
8680 6980 6653 2795 3697 2812 3318 882 7160 75 6158 3552 9594 3672 7243 6540 8448 6002 6946 5089 6166 168 5003 2735 470 9246 6696 405 705 3420 8481 7003 2178 3219 6622 354 1371 2258 4654 8893 8130 11 9787 8242 9604 9555 4124 2350 5914 1087 6629 5237 9575 7008 324 9804 9839 5566 4563 685 8725 8748 1945 1230 9847 7408 4197 2189 6202 9805 7197 5503 319 9035 8215 8544 6641 3263 7840 8143 437 7503 2546 1880 3241 8550 1337 5047 3189 3045 4415 4902 1334 1783 2058 5601 5948 1794 9094 9002
4358 7522 7201 8703 8871 3401 5998 7589 1815 2870 2204 755 1749 933 1852 6814 3960 9233 2223 6958 663 4526 7927 4974 3644 1675 8264 2618 7260 3683 447 3316 1727 2346 7826 2599 1255 4454 2038 5251 3999 6041 9723 6583 686 1935 6909 9 5561 1517 3337 5008 7720 2176 6229 1540 3744 1078 3990 9893 7914 6605 8651 5690 3569 4517 4564 4287 3192 518 4541 2426 5804 6911 5182 5768 5594 4922 1681 2782 9396 5926 6704 5099 3124 3159 7199 4166 6779 7034 4946 9894 9302 8369 3735 6165 2315 8180 2843 8066
9519 7759 1009 8157 7036 2991 7175 1623 6951 9076 1703 3753 2611 3685 3777 482 6491 6987 1299 3467 9780 1131 9221 3200 7528 6930 1377 9995 6210 1698 582 2856 6712 8397 7930 3068 7833 1262 7327 4224 5116 3674 6620 8889 9195 6140 706 5184 6251 7519 585 4295 3844 8420 3990 9984 6286 2453 7420 5989 2945 7690 304 7522 9936 7805 4781 9819 4139 497 1153 5183 3373 5236 1303 7359 312 1086 6569 6072 4642 2970 5121 6740 1053 8148 2295 1488 8796 2342 5067 1622 8164 6145 8361 4469 3423 3013 8867 6204
492 4691 5989 3784 4282 3234 8018 6479 4301 2154 1051 2730 4883 3792 8967 7243 1409 4131 3860 4951 868 2282 4403 1579 9166 5646 5190 8812 2125 6886 6347 5972 4716 2946 8719 741 1797 4437 5085 3973 8424 6821 8394 7417 5747 5381 2229 7685 4441 8440 6956 8112 1041 9744 6089 5312 7121 7122 8265 1611 4375 2688 5956 8709 8004 9283 9913 5948 8132 8188 1433 9256 6462 4050 4522 1694 2571 2858 9565 1966 1968 8754 7718 9763 4536 1565 7768 6250 9025 2244 4660 709 9526 2852 4274 1233 8784 7709 2683 7427
5093 5187 8288 1695 9215 6046 3402 4274 9171 4284 8384 6455 5717 3846 2670 2214 1273 4353 3417 9841 3257 6134 8550 9649 5940 1069 9646 1123 5886 8033 1297 5357 8839 9670 622 8873 1342 903 985 7808 8765 4693 3647 1199 9394 7503 1746 1864 4129 7189 5215 3821 8961 9847 9919 4153 8227 8659 3240 9164 5532 7550 2681 3755 6659 9254 8645 9490 6272 7466 2323 7798 3689 6527 9980 1903 6135 9164 1257 4800 7468 2393 1840 9640 3832 7826 2737 5851 1828 1003 9326 3445 1986 2136 9128 8876 5847 255 4120 8888
9920 7452 6091 1294 6174 7056 6141 7692 4292 3961 1100 2187 1244 2053 5013 2020 1138 3680 2817 2872 2486 9738 5160 2804 6037 620 265 2031 3394 2007 136 4841 5327 6436 1970 9033 5632 6263 9249 1700 5121 9104 4609 4886 7122 6216 6297 780 5882 3276 6796 7566 6730 5593 9844 5120 2907 222 2387 8555 5430 2789 1358 135 3326 1721 2457 7130 8112 4325 9670 924 996 4386 5052 4249 971 9318 3538 1275 9365 7724 1416 6272 2516 7950 201 4467 9247 8828 3814 6025 2006 4094 5339 3595 7572 8912 2577 6509
8726 5804 7650 7098 173 9704 2982 8285 3401 3739 9862 4633 6102 698 7588 6024 908 8696 2121 3928 3125 5460 4929 6234 8798 3364 5024 5192 8400 997 2252 7747 73 6518 3 9300 8175 9728 8182 2937 6888 2019 5773 3026 6893 9457 8631 7580 1143 9502 5850 5163 6964 3776 9042 2632 3128 4482 4803 7564 7379 2809 3565 7623 2601 3498 9495 5316 9539 2435 1114 8156 2705 1080 5260 5095 9969 2452 420 7224 9280 1445 9476 6630 7936 8986 6549 5212 3904 4225 1716 5071 8633 8600 4911 122 4626 2696 3154 201
1630 3192 2202 7871 1077 8319 7762 8607 5569 1157 8350 7764 6682 2588 6710 6498 9252 6570 166 3352 8264 6880 6314 4297 6522 3998 8912 8809 111 9201 1838 7500 6187 4279 2200 1828 9268 7353 4387 1762 6583 9867 8839 2954 8277 4587 9591 349 9667 5877 6621 4785 5057 4111 7955 4213 2665 4035 9776 9181 8828 582 3289 7618 3688 6071 6264 525 9187 7275 6752 4374 9252 3859 1684 8705 2788 207 1433 8896 2970 9902 1305 1760 5614 2603 9426 9733 3692 4043 3036 9978 7380 7431 7781 1222 4579 5698 3676 8331
6253 8615 2483 4895 5873 2521 756 8691 2743 1975 6831 4383 7731 3624 4448 3127 6813 3329 7381 5132 5902 614 3217 6666 2625 9023 5550 5827 3977 5633 7708 6629 9416 7333 5994 7384 3599 4460 2415 9441 1028 6090 3775 8639 6688 9032 6138 4321 9182 5979 9109 7557 5474 3518 579 8012 6768 4877 9256 1582 3553 3451 9903 9369 8065 4912 5598 8399 4104 8173 4284 4982 1137 5776 6423 8277 6389 7098 2516 3024 6704 3178 3374 8097 2701 9240 338 734 3911 9755 6109 283 9014 7110 2108 5447 38 8396 5811 7123
4445 7419 5210 3725 8363 9829 980 7414 7876 8034 2237 5494 6456 6748 2188 7272 3904 4752 592 7799 5503 3783 3913 3240 728 5908 8462 668 2786 1415 9848 2623 6430 5991 9364 3868 1194 6048 7622 1415 1913 1533 8784 7608 150 6181 9084 4131 8301 1571 3984 3437 9969 1665 8548 3929 8935 4174 7684 2596 7877 1451 4221 6792 835 4165 197 3592 6417 9271 7265 4521 6343 445 1419 2110 18 536 7427 981 6241 1138 4427 346 4541 8838 6155 42 2092 9211 5336 4206 3228 6932 3264 3208 4409 7436 550 4774
8476 2126 8286 5249 4114 3753 5764 6395 8373 1698 7396 2609 4487 4554 6725 1314 1735 4394 5762 3691 7276 1156 2805 4733 6723 9722 216 2364 4979 6126 7384 2352 9019 8684 2571 6289 8638 3047 8903 4481 3933 2474 7735 280 6115 8252 8600 4495 5793 149 7568 9752 9512 4898 1486 6351 7328 5764 9062 1098 135 2178 8212 6934 3808 9309 6813 4480 8575 9353 7252 9298 9738 8153 5611 3332 9722 7334 5258 3326 1845 8990 9045 9378 7111 3069 2238 9303 7380 472 7164 1591 8256 4646 460 4441 8532 4713 7121 6241
1808 3242 130 5804 9842 515 2146 7022 2537 613 8294 8431 8168 9397 5756 5357 7762 2532 1603 5104 2587 8523 8980 8389 205 4934 2561 3305 683 3622 8893 1215 6179 8637 1909 6671 826 1694 9231 8023 6430 1744 6330 6880 9280 4971 7846 8607 8953 8367 7888 2108 8637 5270 4273 3283 5903 1107 5603 2352 7555 4742 890 2301 576 1479 9677 7911 4834 5579 3061 85 8754 8169 6036 6536 2436 6558 7448 4893 5564 7506 4849 1420 3638 3830 9406 5001 1409 2597 2009 5503 8360 2152 3388 343 1541 6204 7148 6153
4778 2937 6940 7659 4548 3257 2940 9058 951 5638 5090 5444 4790 1277 3117 8118 8687 256 437 7897 135 4660 315 1510 8787 6574 2963 2118 6968 3280 4405 758 819 3378 4553 4120 3090 786 6307 4015 0 9484 6659 7243 5101 7679 6947 5606 1397 1286 1871 47 8153 7005 9786 2117 6381 5576 8085 4405 7833 50 1228 949 7007 8155 5596 8088 1815 211 285 4816 4727 2970 8576 1260 4824 4270 5176 7630 6252 5769 7095 5859 2397 2472 3806 7470 2899 650 9366 3569 3502 1044 4838 786 1449 1778 617 4916
2738 7431 9704 8791 2586 3938 4498 9521 1739 9240 2257 6414 4147 1850 4957 7774 660 9594 3141 8965 2557 5181 6133 5389 5077 2045 5557 1269 9581 2210 4327 6944 6296 6763 8287 17 735 3508 3493 5945 3151 7225 2960 8000 8880 4455 113 273 6510 1286 843 4879 3493 3611 736 7874 4932 7633 8785 7039 1892 1526 4043 25 9292 6106 7783 4345 5205 6917 1588 4087 2873 215 2447 9490 309 7133 1461 7920 7079 2858 7588 7594 3703 5319 7371 5980 1371 1410 6618 8452 1517 7619 1385 1143 6209 5142 2846 8538
. 657 541 710 947 623 190 79 952 543 815 515 978 984 745 290 679 315 297 891 951 534 676 976 353 220 808 299 356 712 105 886 727 489 494 512 461 222 98 343 404 209 . 5580 6693 7373 3973 3251 7806 8871 9151 6532 6371 8959 2813 1000 2225 6305 8199 3700 7692 189 1449 6926 3893 8513 9446 112 2013 2579 7952 9077 7236 3168 3315 4806 4707 751 6584 405 9694 4234 6868 767 4686 8050 2160 5723 4109 7337 7440 8859 3134 853 5726 112 9985 7709 8541 3608
6862 8659 3365 6625 4436 2009 5535 6886 8046 9745 5608 2441 8103 6076 2646 6666 9030 2607 5097 3466 4480 7846 2938 9073 4584 6647 5175 4892 4248 7691 1648 6323 9466 6589 4241 3497 8000 205 2651 2324 384 7234 8189 1644 2762 1322 113 7285 8830 2928 2053 7144 8059 9762 6407 5376 2032 3316 9467 9787 5165 5391 6456 2444 3729 1463 4820 6984 5302 2403 2884 3757 2252 8868 3685 1581 3795 7207 2010 451 3803 544 3917 8670 2374 4131 8922 128 8450 8550 9500 2236 9132 5805 7226 5128 4365 9598 4970 3137
5363 7651 8611 4509 7013 1254 8881 4385 7537 8666 7056 8581 1828 7713 7288 2457 4096 3521 5663 8795 1461 5528 3667 7751 4737 2289 4064 550 4331 2087 684 185 3261 6771 9682 4513 4643 7026 3930 4546 4026 4069 8822 2478 6129 5585 8765 7101 2658 4587 1489 1104 8168 6744 9310 1266 1569 1890 4704 1783 1063 3689 487 6535 8301 704 4954 6206 3801 2794 6263 6298 5280 5307 8803 7573 208 4443 6433 9243 4268 7456 2822 3597 954 6441 5872 2562 5870 8445 7793 4141 5358 1088 9055 275 7362 248 6235 7041
2594 2835 1413 5255 2907 9767 411 5069 911 3921 1274 3183 8248 3820 694 2325 2055 4756 263 9258 1529 8319 3633 6854 173 587 6116 3287 1565 134 9926 3083 6291 7648 9469 120 7366 9401 1770 9055 8453 9318 5273 5575 6111 5916 8448 7583 1028 1574 1774 3295 2600 1771 4816 9832 6191 5948 35 5754 5068 4538 1898 2335 7372 3644 435 8497 6036 1499 3974 4158 3705 4024 5281 5320 8587 9053 5157 5441 5236 3069 1479 2100 9190 545 2701 9126 8166 3688 9871 7227 9499 8317 1746 9468 5724 5656 1294 2283
8498 458 3602 8898 2724 1687 2420 2283 8268 2893 1973 1546 318 80 6540 7776 7876 4403 7362 5914 927 3090 5719 2079 277 4168 164 8933 5443 7902 2977 2275 597 9915 3734 2985 6213 5985 772 8649 7600 5252 2562 6175 5232 6577 864 1673 7264 7136 7836 6551 1283 4382 8225 6133 4739 5343 8961 8601 2419 8598 8326 7560 2678 1197 2578 3059 3577 7084 3237 5311 9388 3715 8027 7887 2055 374 4026 4917 9545 2770 3053 4447 4484 5689 6928 1011 5134 9530 6688 4553 6661 6218 7198 8890 1464 5974 4967 7938
8449 4757 1218 2005 4499 8363 1924 9149 6985 8787 116 5013 4565 7548 5548 9128 3798 3605 619 3836 9567 3920 2922 3516 5502 9568 4424 1265 5762 7759 2038 2575 4464 8704 4360 9426 4729 3072 2925 6474 1818 4879 7345 4299 9079 9788 8292 1732 340 33 8012 1855 2877 284 7571 7206 4421 2312 769 5999 563 6791 4462 7812 5047 5976 5453 7202 8975 3633 6942 2866 9106 1155 4074 624 7502 1417 655 7323 8556 9154 6206 7605 7299 9932 7303 9660 108 3502 6476 3836 9046 241 6353 4075 6146 1126 4510 5909
8273 1733 5255 1066 1664 5160 3894 9131 9079 8238 2000 763 8368 5246 1384 5172 8224 5160 9858 9069 5052 185 8763 5673 2577 7874 9766 4304 3257 5219 5961 4813 5096 4727 2393 4809 2858 9994 1580 8173 4136 6451 4197 4700 4722 4080 9711 2309 5069 4859 2583 8047 5307 1925 210 2999 956 5493 8181 7104 2890 6237 4207 5099 8852 1576 5416 5166 8958 4663 5451 6201 4509 7262 8509 6983 5033 6286 4665 3062 5294 7570 6629 253 3446 9666 1866 6250 671 7206 9293 7359 2606 9618 9512 7249 1357 1435 8055 6733
4658 2917 5993 51 3479 4439 7675 3880 4352 9077 2185 5631 4339 9606 1668 1865 3002 1272 2167 5269 4620 2167 1827 9501 4898 3971 7947 5391 1166 1270 6565 4210 7712 2560 9648 1441 8581 8093 5362 8838 6694 8444 6714 4551 9242 8795 9267 1513 3822 4519 5309 7968 8997 7312 1375 3789 1478 4746 9163 3162 9107 9548 710 5866 1465 4687 9950 8678 3623 3647 4800 6430 5432 4554 6901 6870 4944 7252 7102 2973 5610 1046 5085 7272 1910 7027 5390 7963 3058 3930 6640 7242 4125 2069 3066 9268 171 3459 8189 3979
5184 4224 4923 5039 4061 9905 1280 1203 7335 1316 891 7321 5445 9623 8366 234 4310 3815 3571 9129 6792 8646 4278 6385 5384 5650 6542 4947 2535 6829 1860 3496 8096 2276 851 5057 6799 4609 1899 1199 5266 7807 6204 6731 3179 9336 1150 1667 6273 5220 573 5477 3324 281 566 4476 1689 6787 5223 4336 4579 8915 4340 9789 9243 4665 3257 3006 4663 6136 3759 7715 2177 3034 3824 8085 3898 3317 8447 9839 3244 5916 9971 5686 5482 8936 8855 5597 3620 3696 8096 4399 7955 2702 56 9025 4902 7456 1471 4295
7465 7522 351 2065 842 21 1912 7575 371 8804 2782 6380 8449 8740 6034 8194 9703 9639 5650 5494 7843 3864 3698 4507 4912 8571 2784 957 6709 679 5854 2713 5789 7314 1487 3983 9988 9046 8170 6399 8287 7105 4550 8305 120 8498 9138 9408 4545 2524 4965 552 9051 9417 2048 6797 8209 6232 4513 47 1024 2957 4457 3852 8977 5576 2140 7766 7029 2972 2807 3000 4974 355 8555 6143 4220 9577 6113 8425 672 7079 8179 1035 4917 7277 3186 5069 5061 4805 5794 5494 7841 1533 8760 7843 2536 6368 5213 2241
2965 4123 1087 5435 8933 702 13 2109 6335 233 2977 2343 9525 6172 5848 6830 9030 1345 5856 3929 7528 7915 578 4945 2747 5460 3654 397 5255 3995 8199 3328 648 4027 6119 4464 9937 1372 39 3141 2987 1967 7277 1130 2220 3213 2298 1987 7743 1866 9317 226 7239 3485 6251 1886 6831 1043 9990 1862 2430 3663 5569 9306 9088 7503 3806 8480 7495 4398 5541 8414 7034 7134 961 8655 8771 3355 9534 9194 2059 1832 3233 2792 6594 2184 1989 4154 4238 1462 5987 6818 4856 5138 2208 2641 2773 2527 3326 5446
1249 9159 2862 4226 2577 1067 4389 7892 8498 3664 5280 5881 719 3928 4644 4619 4533 2081 3831 5126 3783 2730 9416 771 1920 2952 1799 7732 9322 2284 8369 9759 8144 4813 8946 2331 5404 4830 2415 7346 8163 2967 8268 5683 3853 5271 924 9123 2061 2080 5459 4014 3014 2879 7126 4779 5009 2853 320 554 972 8544 473 5990 7844 9019 8713 7916 924 4063 369 2008 1315 7501 3493 3446 3157 7246 3569 5919 9970 4313 7741 6410 6890 3589 3246 2265 2832 4865 7778 4474 1546 9062 8934 2132 1473 2569 931 5704
6002 5987 1396 5835 2703 7222 962 4984 3013 2544 1769 3790 7858 6851 6461 5847 1929 8827 801 249 6261 83 5330 9967 7894 2772 4619 6347 6736 4402 6882 5722 719 1373 1914 4938 5613 2037 2364 2903 2649 3002 9987 6537 9824 8100 19 9701 4203 2497 8716 8395 3725 8759 3175 1123 4060 6968 1106 5914 9688 4879 3854 3844 1648 6785 7181 3221 2152 4583 7904 751 2310 259 94 8207 7478 7943 9903 180 7795 1260 7671 4291 6594 5075 3336 9107 6536 3299 1098 9939 2262 2592 5504 4268 518 8563 5959 1662
9546 3468 6661 739 7527 8426 5221 5471 5806 3556 8127 9832 8673 6274 226 6325 8434 1917 2735 7728 6374 6113 4951 1150 9882 8838 5534 5096 5671 7887 4026 3334 1106 7968 1578 2080 5499 7729 1009 6023 6627 7066 1274 9044 5596 5099 7950 2829 5165 6710 5440 3153 4875 2936 8703 9727 5460 5623 2986 3188 3549 3169 5790 2027 8416 9096 352 5537 4001 6478 4867 6040 8325 2206 8322 4974 1072 3264 6749 4667 967 1567 215 2567 9258 4343 1860 4585 9588 3031 8889 8918 1703 6317 3617 893 1206 4277 5805 1288
9790 6946 5125 5281 3167 5307 5415 1902 6121 587 2972 7926 2488 7532 2814 1424 5355 2974 7349 7213 7691 2850 2551 3173 5468 4096 1137 8023 8542 7814 9818 228 5923 2784 9854 8604 5339 263 7712 3909 7139 5115 7815 7239 2955 2374 6506 5261 2502 6753 5673 487 1891 9217 9314 2628 1187 4202 4718 7541 3093 6408 6716 6947 4668 5809 7891 9862 5145 9297 2645 2727 8929 923 8441 9429 9558 9055 640 9965 3390 8254 3416 3628 9671 9900 9912 5195 1920 9126 9350 9469 6429 6960 9684 9007 8264 7256 9695 1615
7909 7923 762 7496 2199 681 7592 769 9281 8636 1451 6761 3373 1245 4289 8952 531 3543 13 865 8384 6594 3391 8724 4695 517 8940 5824 6952 4700 5843 8757 1932 8166 6621 7087 6463 1303 9117 3799 6943 3116 7930 8057 9636 7171 3774 487 4876 91 1817 6151 2894 5374 5687 1060 8996 8443 8194 9476 4415 6842 9567 4871 8232 4571 6837 154 105 9331 6598 9929 1333 4300 5126 4849 3142 677 6283 7196 2208 8899 2974 4196 1723 5864 8930 9957 1960 5327 1288 7025 1410 2396 3052 6790 4777 6573 2156 2666
69 1065 1475 6246 9596 1216 7581 6674 8164 6950 7587 7484 4267 4115 6947 3404 5197 3605 4197 810 2520 9554 1458 5672 4251 7810 5054 2383 8594 9390 4642 455 3080 5558 4420 8144 239 2062 3336 8428 6754 5612 2018 7478 2237 6346 558 4593 7439 528 5200 8426 7516 1327 5862 8559 8792 2030 9771 1082 6699 5609 8683 8187 8543 6607 2456 9920 1752 3588 5132 1240 8678 7376 9479 2010 8514 29 5761 4209 6460 1521 5006 8455 1206 544 4308 9366 4081 8289 7622 8095 6343 9250 523 3893 7803 4460 3351 123
4 2574 957 9012 7619 9250 9840 2489 8315 3545 2932 344 5488 6336 1439 200 422 3144 7295 4532 5036 7567 2064 7979 360 2805 163 2770 5196 5905 8563 6688 5194 6549 7037 8054 860 5442 6084 4995 6047 8130 3758 1848 9511 9775 319 3329 1633 572 7808 8607 6461 4677 6460 8328 3986 4403 365 5875 8899 5739 3169 7941 2724 8882 6362 9455 9947 2341 3398 717 4689 6311 3226 9668 1828 2972 4928 195 1189 8641 6642 5080 7492 6353 9342 4492 7448 9628 8366 1483 3312 6763 8350 8641 898 6620 6752 6695
9687 5526 1171 2226 6657 3196 2091 8288 7421 1174 2615 8051 4500 6604 6587 420 4190 1865 9282 3163 6510 8250 8037 386 3910 8608 5074 8350 4086 7742 2678 1510 1559 3412 9229 6601 1697 1678 2184 8647 6941 9573 3391 5692 4283 4853 3273 6762 6926 1988 6775 16 6701 4172 4780 5666 8702 2072 1533 3567 2185 6287 7516 2687 2127 8611 801 7485 8814 7498 481 2661 6118 5376 9773 7911 208 5072 8369 9371 3553 4447 1289 5165 9494 4051 5799 4642 355 6888 9945 7115 5185 4059 5584 3661 2067 7751 8942 5013
7241 6537 3118 2547 1670 109 9264 2662 5239 5719 1279 5286 3157 6575 687 2798 7766 1430 7736 545 1764 9920 4101 8062 5834 8101 9069 2554 3022 7249 7530 9112 2601 8436 7805 7196 6709 127 2924 6515 6771 8050 4335 6536 4270 8147 3038 4112 2674 5695 6709 749 4492 1571 2168 7968 9952 9406 8774 5263 3865 6357 9274 5055 1840 4368 6395 6048 4812 9937 1448 4158 7951 69 2051 356 5050 6239 1757 7383 2693 6859 7626 1993 5563 4652 5750 6482 107 3387 65 9365 156 9558 2501 4377 507 2156 907 6693
4925 2808 6544 3467 948 9617 7546 1673 2938 629 4898 5438 7620 8968 1888 3466 6879 9801 4331 70 4285 4231 9192 5512 5033 1391 5440 3705 6015 7553 1137 5239 9580 1984 491 7535 8083 4227 8022 7999 197 3253 645 6236 6593 1362 5453 9458 6474 5051 2963 7170 8304 7309 1840 6021 735 32 2450 5044 4478 6352 8216 7889 5518 8710 9668 2391 7964 8254 3907 4936 1519 8455 1905 5209 4377 9690 9168 174 9119 5369 34 4054 4838 9706 6814 5220 4019 2056 5127 8154 3407 2890 6845 3642 9084 7294 3093 2533
1551 4281 3940 7617 9573 7184 5686 6191 8596 2498 5871 2808 9643 6884 2693 2330 6758 911 3329 8421 153 3183 3331 7403 7792 4316 9343 2089 3418 9411 1679 3963 7339 5992 8032 6542 8566 8811 5293 1014 992 5847 780 6917 3433 1030 7953 8812 5125 4990 37 5963 1997 5314 9970 647 7168 9190 210 1362 2363 3955 8052 2273 4533 8240 7130 2318 4436 3436 6460 820 8235 6476 2301 4250 2046 2975 7412 2280 1527 9069 8533 9528 9491 4303 353 9425 2859 3445 4606 8569 1602 6369 3532 1621 7531 800 3627 4400
2385 4605 9719 6654 3522 1202 7645 2305 2350 5749 8132 4952 7783 9586 3376 6174 3599 9943 6422 5835 829 2765 3345 19 4158 2377 666 9157 9609 1146 2772 5410 7440 2720 8255 3377 6428 5176 6440 4899 7280 3511 2128 5095 2180 9916 8710 3791 6497 6893 8057 7539 5414 681 8142 3429 438 4311 8833 5288 6525 2494 3120 7996 2633 1148 9610 3453 8695 253 5372 1577 229 28 8041 5303 2973 8861 9300 5576 5749 8851 9971 5449 3693 4556 5428 6079 6569 6253 4651 8473 6373 6731 2867 4246 3045 3879 132 5240
6617 6929 3027 1312 6759 378 7692 7033 5232 7425 3491 3004 4141 804 6148 2060 6360 5089 9910 338 1950 1095 3211 2465 8536 3258 4411 4609 2795 8585 511 1415 1377 8047 7091 2540 6783 3740 4383 2466 4950 2897 2007 3652 7708 6986 9898 6409 7803 5780 7614 1654 8015 9053 1429 3410 9709 4957 9039 5860 8508 360 9245 5464 4134 7593 885 5817 4453 1583 96 8504 9460 7628 7557 5882 2680 2420 4371 8447 1019 6209 9282 1583 7086 4433 2826 1323 4769 5618 7513 1731 1984 413 4645 8569 2729 5446 4317 2129
7202 2777 1677 7714 6501 616 5662 353 2367 7636 6341 7259 5185 8000 5681 2618 9849 1447 930 280 2795 9389 7321 1295 1214 4066 1926 1141 6930 5273 3777 7502 9932 2434 1884 4082 4665 1841 9389 1036 4610 3352 4901 7548 69 2117 7749 8704 9825 3810 1084 1283 4961 1068 1587 8441 2974 1612 4573 9818 5392 7731 2993 3022 3552 5379 9543 1664 191 1262 2224 6598 7722 9468 5209 9145 6641 9144 5517 3471 1865 712 1671 2356 1825 1540 3420 4879 3042 8685 3732 2622 97 1529 5178 2972 155 8142 3683 7526
4178 702 4431 2366 5886 7512 4141 6765 9247 3800 7354 4881 1337 8151 9772 6540 5950 6724 4112 8654 8008 9836 7639 8856 8508 932 2132 7928 721 3696 5415 1741 9327 973 4758 9595 8840 11 4386 9649 4309 592 6208 7430 8830 1986 6496 1755 8930 8572 1832 8497 6352 175 3460 6560 4325 3532 6304 1072 4693 8165 8085 3379 6373 1653 7714 1705 6795 3477 104 1744 4251 9612 2528 8531 6911 5522 2720 4464 2059 8437 6641 7174 1595 6386 3299 9616 2246 7758 7947 8468 9785 7744 9379 3510 2241 88 9211 89
5871 8929 2188 1235 7405 6793 1643 2786 2917 6374 9009 268 345 7245 2627 5168 2219 3218 4960 8436 8179 9117 887 1013 8056 1969 9984 3158 897 4929 8077 8896 5616 8145 5241 5186 9691 9375 1363 7319 7505 2437 8580 295 3479 3496 6583 1460 3036 5916 3982 9637 5297 7558 4524 3905 542 5137 4590 6112 4718 957 89 5843 2150 8313 5963 9313 7891 2572 3714 5810 5182 9313 6322 7592 3704 9773 5469 2075 2281 6005 8591 3085 363 8410 8068 5162 3084 4793 25 9526 188 8327 5886 8553 4357 8581 6210 4038
4099 6925 8613 6416 7547 4243 4752 394 7398 4359 7770 8174 7673 387 4388 8028 6152 2181 1984 4452 9136 6076 9952 5200 887 4851 1315 783 6261 4612 500 9708 2519 6946 4652 8306 8249 2618 1149 5465 9921 4841 3087 9184 6899 2650 7051 4273 9568 5885 2280 549 1237 7673 143 899 8570 9067 5783 9791 6168 3186 4983 1764 5676 1944 2298 5309 1624 7179 3275 3268 9124 8788 5013 9128 159 1036 9851 6526 3470 7196 9791 8730 2641 5711 318 6842 8797 3214 6591 4800 3530 9176 2146 828 1113 5622 8630 9693
5052 8013 1268 2724 7696 9366 6191 5394 2673 2204 4442 703 3135 5387 1483 7265 8783 8556 7220 4961 2033 995 6193 8572 4056 707 7525 6416 8857 2746 1141 6371 9407 583 5186 1647 6737 2421 931 3862 5810 637 4404 8114 6451 6515 8085 5063 2881 1628 8885 3189 6428 1158 4571 7459 1212 6164 3965 2996 3337 7869 1448 9754 8602 8402 6236 3272 5512 9772 3935 6240 3480 7950 7246 4123 2122 1646 4881 3140 4900 8058 1080 6360 5892 175 508 5645 8072 2034 3959 2873 303 8007 9842 2318 2526 9341 8466 2865
5638 75 2084 6530 1633 8823 2888 4168 7 9658 6189 5404 621 4928 1659 1726 320 9507 2602 2648 5673 5928 1984 2620 3114 3581 4907 578 4723 5088 2903 1944 3130 8993 3774 1478 9297 1887 6033 6440 8750 1427 9166 4289 1960 9170 2176 4520 494 2290 8123 1256 6845 8225 2438 1438 1467 6927 9392 7059 3358 9973 8794 84 3623 7332 7240 1434 4489 9898 5142 2570 2589 1654 8044 3069 8678 7919 9489 9499 666 4039 5355 2759 591 470 2744 6438 2702 7433 3003 9848 1437 929 556 9166 4297 6084 5043 7870
9120 2477 7228 2710 6008 9261 6784 4439 8281 938 4198 7960 4008 474 9571 4801 428 9554 439 7926 3931 9071 7318 3679 9412 2772 4872 3656 5414 1295 574 5498 8649 3397 5135 8971 2465 9951 6603 6592 639 21 4849 8463 6711 1446 6702 9689 8063 1964 1708 5588 5874 8804 9263 1673 7291 1889 9267 3970 9795 2500 7829 5277 81 9234 9762 8373 2658 5948 4136 6189 2192 163 9868 3962 2554 8579 2053 4583 8305 9447 7075 455 8871 8677 768 681 161 5634 926 9261 3519 2481 5990 4010 1984 4056 7343 3815
5089 5054 8671 9462 6474 7104 5499 360 3469 6562 386 7701 3857 5910 9507 6858 5705 1335 7739 3203 8466 6663 886 7671 2265 4738 9287 7389 8116 7468 9819 4129 9043 482 5644 3104 3122 7498 3036 8277 9598 3466 9053 1756 7604 1785 9716 5080 1040 7313 1556 2642 2395 359 3317 9080 9622 8575 6121 252 5836 6011 3643 7981 9414 9534 7146 6027 6151 1392 9241 8484 8803 500 9582 1801 2420 1367 498 1656 1229 5436 6014 3069 7821 7594 8332 2669 5186 9882 7373 6911 8243 4237 6027 2813 9908 6542 708 2522
5977 3917 3335 2753 4983 5543 7718 3952 2546 8221 944 9262 1492 9947 4734 9071 657 7651 726 9362 2784 3429 3935 589 112 4423 4600 1389 4161 3786 9567 362 6748 1430 845 8001 7509 1754 3126 4966 3363 7865 3345 2521 406 211 7742 3087 9116 1688 3114 6011 4613 4497 3054 2125 30 5550 8921 4996 8479 5312 1951 6770 4019 1961 5995 8924 8427 2639 4500 5969 5060 8285 7764 3417 8134 3708 9748 4231 6865 7631 8990 8400 7293 6163 905 2388 3064 5227 2008 302 7619 7562 220 9865 302 5205 6419 4088
6901 6033 850 5539 3241 953 252 8935 9194 4339 3489 5998 4357 4092 7669 7838 9470 9075 5293 1448 7999 5121 588 3992 265 7093 9243 1508 992 7476 7048 5920 6579 5212 5820 2913 4091 5717 5318 2739 4870 8508 110 4301 6595 11 2392 3616 636 8988 4463 895 6731 1481 5460 91 8567 5802 1468 9159 5817 4373 2272 9911 1686 4978 6845 428 1545 8988 527 1401 174 3301 5909 1616 8899 1584 2870 4708 6887 2964 8199 9687 3692 836 2336 5359 3708 2612 4303 6234 5569 7755 7611 2458 4463 3308 5825 161
3638 8116 1984 3396 1603 8575 409 2829 7786 4790 7280 3021 1815 5490 4814 5745 2117 1611 8585 8284 4182 4580 1349 4786 3229 835 1118 9428 3474 3590 2800 3829 7419 8655 5287 3607 6919 8374 2922 9750 6181 8455 7552 3690 9664 8471 7062 3216 8118 1200 9684 1257 9642 7848 5385 1549 3086 5686 2240 6864 5007 7196 5997 5861 3695 5916 6400 2698 4332 521 7658 7259 5419 3882 8090 5333 2952 1330 2511 4932 4959 6694 4530 6931 9720 5472 4274 8403 7821 3819 8584 875 5361 6640 4996 9677 3687 5657 3069 4976
9664 2856 7673 6525 9729 5170 1816 9838 128 7808 3288 2929 8177 4768 4550 264 7498 9737 9944 2915 64 6864 1453 4983 9808 872 9116 42 9596 2009 4356 7432 7375 6965 1762 4844 5002 7858 7246 5280 8984 2976 1025 9944 2232 2171 9129 7080 2971 7162 8075 6874 272 1526 3788 8534 5250 194 1027 7759 8259 8106 8194 4940 4620 7191 1876 5585 6501 9009 6187 4161 3673 3335 9637 9101 9969 4350 5763 7800 6839 7856 4773 2068 4112 8842 6715 5557 1580 591 387 8491 3750 3708 1601 7308 6925 525 7295 7942
8310 9275 2720 2320 6702 1322 7047 5805 1822 5909 3098 3499 4341 6445 3251 7314 2512 3573 8476 3123 6691 3201 6363 9326 8753 5972 2126 5307 3824 9054 2571 9684 7502 4477 7541 9755 27 2218 2985 2284 6340 9250 4201 9511 1778 3315 7043 5429 7048 5773 5854 9762 3740 180 726 4573 9309 7060 336 440 9760 3405 8863 7051 2014 8195 2092 1731 2297 7788 9583 2647 4966 4743 3944 8117 5737 9884 8865 3825 657 8325 9843 685 9449 4900 5941 4274 7060 2564 6616 5593 2821 7660 3866 2114 256 4035 442 2195
6973 6871 4629 6729 2292 4076 6610 9035 9905 9972 2774 6374 5835 1987 9083 7235 8438 7171 8975 2691 3650 3201 5610 1376 7332 7713 6004 1444 9787 5106 1347 3911 5414 9707 6622 2831 6371 7401 9854 1640 533 9065 2079 353 5934 6398 1774 3894 5053 2603 8749 9594 3016 4469 3918 9893 3085 648 593 3170 1613 8277 5592 1519 235 1685 968 456 5345 6225 3493 3990 1695 3140 3493 5460 1872 921 3023 8129 3469 9943 1184 5849 5881 941 6926 8798 4795 42 4292 4363 247 2765 1599 6116 5449 9320 1394 3040
2791 1889 8176 5944 2490 5895 7785 4066 850 5987 381 2729 4557 9520 758 6719 3486 7887 4879 266 5136 533 3676 9379 1888 5003 6990 7122 1486 3000 7336 6614 806 5985 2439 2940 7324 3412 9572 8268 2468 2040 5484 2706 7347 2602 3515 4526 8152 9920 8876 5258 2424 7424 971 5027 945 124 7852 3003 8994 9195 4596 8564 9776 6783 2893 3505 7700 4765 2506 8642 6571 2911 5060 7762 5526 4045 7947 337 7989 2820 3940 4762 2832 3520 296 1792 2394 4464 1796 4681 1840 264 566 7369 3789 6533 7471 9725
5063 722 1382 8421 1929 7481 5639 7896 2471 1654 295 5871 4344 332 6306 5072 5884 6069 9581 8477 955 4361 3072 3197 4864 6974 6022 796 7246 2943 4283 5539 6143 2554 9795 3291 1365 2248 7488 9038 8253 5319 598 8646 4114 4237 734 3490 6770 542 1668 8979 888 2108 5928 1331 1784 17 5875 9492 6264 9327 6427 9937 6408 6827 9261 5148 5372 76 6962 2724 7485 7406 278 3677 8543 4922 9217 4887 256 3705 9627 3990 5284 406 9031 8658 1823 7403 5992 7341 2495 411 7112 7422 561 2096 6534 7453
9456 2922 5089 1295 9493 9107 2963 2342 9536 5928 8583 7236 810 4437 4470 9061 1048 8695 4093 1913 8887 7838 3288 697 9062 3829 8966 3491 6041 4052 1149 952 728 8699 1025 6173 7742 1294 4219 4742 5681 7990 83 3120 7446 8169 6540 3733 8132 2524 3580 9712 7455 4029 8261 7924 4102 511 9344 3039 1701 679 5886 8597 1178 3592 3909 2856 7343 540 3877 3864 2062 4685 9687 690 9176 8906 2097 9525 3624 3403 616 1842 1568 613 8021 4142 1234 8287 5505 2069 4234 9348 5805 3322 2180 8357 5076 5811
93 8440 783 4044 2735 6928 5738 5003 1324 5075 8574 6653 2877 2803 6937 3376 3458 3856 8301 366 4237 4460 786 4477 1506 4089 2530 7289 7341 6193 1565 6161 5529 5756 197 9172 3035 8715 29 9706 8756 7479 4204 9885 9216 8163 6403 7770 7908 9396 7830 9125 7796 6215 1586 634 5258 176 233 9707 8012 7522 2551 4182 3078 5355 8017 6550 5829 6851 1721 262 5266 8949 345 8564 5222 916 6168 3299 5536 3734 7239 4686 8771 1983 4448 654 9348 801 2748 4997 7884 2854 9202 4192 2575 1718 5687 811
6346 2541 4545 6507 3910 3827 5560 5972 6000 2233 2956 7744 1489 4026 6333 666 5068 6352 9502 2936 3782 9684 9002 9469 8831 5293 4091 8623 9790 6242 7305 8262 9435 3651 6703 4469 5391 3778 161 4145 9211 8419 2598 7828 2191 9428 8432 6309 3405 5229 1877 6124 96 4681 8719 698 2902 7785 1851 3514 6392 9399 8218 7022 4587 7571 1465 7165 7826 535 4327 7906 9748 4006 7869 9864 8587 7215 46 3979 8954 397 9102 8952 9571 5169 1099 6451 8148 3785 4553 4320 7202 8599 2776 6445 7338 5845 711 3091
2444 8669 4741 3082 6975 4542 4927 4365 1328 4240 624 4969 3907 517 9190 3529 915 4620 2549 6404 7695 2659 1365 7164 9159 4851 193 3483 8445 622 7379 8661 7936 3129 3434 7928 6625 3385 6817 3291 1019 8698 2102 2120 3899 74 4450 9842 9210 8123 9026 389 5704 3640 3048 3770 1660 9228 214 6553 4076 366 8959 4793 423 4082 7451 9281 1260 9942 9022 1406 8293 7497 7118 1414 5131 811 2382 7360 8168 3336 7490 716 1171 427 3522 7233 7985 740 7166 6071 2366 4117 1835 3609 1918 8411 7765 7850
9314 3762 8531 9851 3843 4160 9512 1857 5002 7692 6767 3043 3437 9365 1286 4043 8896 792 5685 257 4836 9752 7690 5541 8500 2782 4747 1113 6145 6051 6395 5894 8549 6559 5204 4131 7060 2903 4008 6547 7129 6417 8681 5894 8776 7499 3284 6536 874 457 1230 1294 510 9464 5585 4741 5185 3357 2044 6531 1694 8891 8105 657 1230 4730 2867 573 4115 1480 4045 4369 8252 7960 6987 7595 4583 3850 4634 5496 2059 9906 2643 2640 749 3416 25 5598 3334 1342 1893 4567 2276 9576 1389 8178 8887 9766 9794 9531
9313 3719 6935 1372 1154 6442 4220 7480 1524 2727 469 3583 4089 5581 3459 9212 5481 9996 8703 5115 3710 2278 9283 1130 8715 3525 169 645 1888 755 2758 4542 275 3810 2115 9684 4178 8024 8614 8473 7579 2718 4797 3135 1748 9137 1731 3213 5034 5518 8868 1150 1735 1247 6905 7531 9259 7127 8255 8143 6546 7933 4061 9189 3553 4265 6635 2938 806 1371 7015 7117 5555 7992 8874 4369 5326 3804 1648 1925 5694 3677 8093 2922 7310 2626 6953 4702 2402 3273 1619 8981 8572 780 5642 5436 5846 1538 7369 1281
7441 7608 5843 3621 2362 8386 8511 1496 1936 2517 1638 9914 3038 4639 4289 9340 6794 7291 5359 9108 1083 6147 148 3547 292 8493 7883 5605 7658 8372 30 1790 2292 6518 528 3011 1651 1476 3206 6017 4104 1848 7185 9867 5692 4431 8313 3286 1349 7638 3264 4194 3901 6791 587 8765 4427 5911 9435 7579 538 2489 5263 7612 4373 6555 2051 8781 9654 4604 8460 8457 7911 3802 6526 609 5517 3382 1529 647 1352 6261 1958 8188 4268 6807 9548 5838 4987 7013 4463 9809 6830 1461 4404 8806 6627 4428 4229 2096
5820 9113 6675 3334 476 3779 4555 3581 3615 6759 8141 472 6504 1741 1249 3063 2617 6818 7541 8116 6503 2101 9678 2316 3815 9126 6567 3777 3948 3504 3651 1098 1074 3370 9505 4106 2106 2128 3659 1816 3034 2900 2860 2288 9304 1678 4194 4084 8883 3760 9410 993 1799 2614 7811 4087 3848 2102 7663 216 3323 7737 1013 8327 3626 1045 3518 264 5331 8117 8289 3618 5712 6802 9778 80 2978 303 7867 6388 1619 2381 5525 6979 6488 8113 6472 6377 3250 4584 6976 5281 1917 1348 2628 6063 3380 9068 2845 6275
3685 8874 7557 770 5236 1096 7550 6120 7061 6253 463 4579 3856 452 8047 6268 7395 1398 3417 6393 508 5782 5964 339 6758 9307 7632 2036 1352 2762 8580 9342 6300 3254 4001 6133 597 1894 7267 4762 5529 9696 1239 1141 1463 8608 9758 4167 337 7237 9784 9087 3193 3313 5449 6247 5900 3765 9782 1095 514 576 6043 2178 4423 4899 5125 8121 1658 621 5563 3682 1429 1616 3105 3125 9748 9582 91 5983 7756 3339 7082 9331 4103 3395 3800 6850 913 2580 2609 2208 9373 530 4225 6308 2130 8666 8157 994
6586 7206 802 375 7109 1493 5355 3900 4050 827 8077 3795 5657 6177 5018 446 5610 2329 4242 1422 283 6990 1687 1565 9137 7292 24 842 9903 1571 7854 2539 6515 638 5156 8871 3131 3239 7666 1728 6606 8521 5861 5796 7604 5802 5862 8284 5192 6197 9360 6364 5642 3768 7463 8907 5841 5163 3342 7474 4824 2849 6540 8078 5036 926 7235 3522 4394 9634 3305 8278 3614 3515 2091 8181 7032 3883 3980 6648 6616 6019 920 2435 8615 5312 2241 8162 9682 7428 7470 9791 5848 4396 7621 5347 2974 1634 7173 282
8560 5160 1538 1109 9146 8691 7311 7993 1257 4924 3777 2714 4748 8308 2322 6029 7525 5285 3123 6908 3911 7432 3648 454 8097 8382 116 7410 8882 4317 8465 4442 6906 6119 5108 5691 8538 9005 6894 2852 6183 4886 1618 177 6816 8651 5587 4257 2713 7102 9997 9863 1666 1024 2011 8235 8676 5079 4086 7560 8766 453 108 982 4202 4220 2820 5563 2255 532 7136 6567 2515 3494 4870 725 8822 8133 8902 2937 8545 3025 6800 7983 4722 921 9282 5935 7373 3854 794 3463 3262 5912 8683 6282 4143 2137 470 2794
261 2866 4179 6952 319 830 944 2668 6014 2238 6749 972 6331 9880 9045 2220 7807 6025 7820 7183 8881 1159 8892 1039 7098 825 5334 6434 3818 7264 8197 1457 5300 615 9838 3309 7642 9083 9542 1050 2739 101 4564 3113 2424 5132 4110 8761 2231 528 4878 1770 9541 697 2163 6687 6315 2314 2603 85 6004 4459 7863 3449 341 3910 7846 8794 6263 6444 4802 172 2573 7266 6222 4851 5176 5820 9355 6900 6936 3556 4167 196 8568 2015 2075 618 2435 6169 5330 7863 6301 2993 7310 5264 9233 3946 7917 8700
5886 4948 1535 5694 3856 8478 8890 1873 4099 409 5477 9143 9082 9901 3717 6813 4782 1317 7390 1873 9313 3975 9603 4962 1095 9868 8948 2943 7486 1905 149 3871 962 4021 1144 816 3367 2607 1104 3478 9694 9412 578 1231 7684 8029 5405 4069 7173 7672 9710 1460 3642 8600 9487 9193 5508 9273 3475 8275 2173 713 9483 4344 2496 1084 7129 2790 1721 9539 86 6464 1561 2977 6437 2037 8159 632 8896 6277 7639 9555 2840 628 1572 7834 5639 9490 1895 2345 8495 6570 8538 5830 9942 507 5467 1870 7217 8400
5276 6695 5492 8079 1955 1265 2963 1898 224 5906 6547 2443 676 4784 9115 827 1233 1847 6387 9597 3930 2305 8270 4774 8098 9978 8345 3007 5613 1500 9605 3169 5879 1952 4583 1600 952 9226 1459 1210 1102 5078 6183 8922 4527 6795 6073 9568 1299 9217 4589 4461 683 6994 4617 7418 9358 1744 399 6408 1141 326 5158 4753 3406 9217 6999 571 2538 916 3338 9726 517 1562 9064 9872 5400 1672 8927 2787 7380 6375 3013 5710 8165 5428 5934 4946 4640 2300 5915 1465 6108 923 1726 842 3241 282 9086 3072
790 9443 4264 8134 753 7214 9014 7436 3059 9951 9545 725 4456 1054 2515 231 476 2747 5911 1827 1087 2941 2757 3678 275 4556 3323 1903 2970 9564 1794 3396 109 6574 8814 781 4574 196 4577 5437 1252 8950 7025 1827 8351 6701 5227 7039 3175 8174 5216 5072 6014 4648 2997 9906 3616 1089 2371 4023 5948 5638 989 7137 6561 6305 9734 7195 7013 260 4870 6773 8197 8676 5194 4829 7987 4161 5297 4792 9314 778 1615 975 772 3696 6420 8974 9212 4109 1437 1600 7891 1280 7005 2789 5461 78 3292 6726
9377 4596 7774 483 6970 2496 5173 2653 1561 6269 3008 6863 3185 2599 6138 7511 6934 1823 7090 9282 3859 7803 95 9918 749 1630 2347 2693 9255 3788 2639 3672 4062 7690 7892 4505 2288 9748 4824 2802 477 3148 9150 7512 683 9933 7755 7253 1701 8896 815 1493 5888 7932 2989 9036 8701 5995 5370 3745 9788 6226 4548 6859 6056 462 4738 7968 3264 291 5448 5371 7159 150 6525 4598 713 5660 852 2854 2236 5307 9572 9594 7167 3329 922 1123 8336 8382 2987 6960 7520 1673 8973 4889 6081 5455 1064 6190
1896 5517 1038 7821 6919 5833 4612 2869 2235 3471 204 600 9090 6718 7681 3010 9466 1395 9274 9492 25 6882 3208 9836 7228 116 6616 9771 6871 3715 744 344 5572 2649 7693 6074 4524 1068 8274 3352 4357 4938 8409 4983 9842 1826 9176 3502 9494 9086 849 7064 6281 8345 1619 802 3910 7573 3897 5924 7116 3150 3936 3985 3759 6641 9514 5137 729 3821 4760 187 4092 8142 5187 1677 6145 414 3210 803 6406 2364 5395 5592 7197 893 792 1779 9086 6921 7128 6081 2273 7575 5321 7258 7931 8083 8871 8133
6504 1107 4925 9151 8127 2650 8983 4385 782 8687 974 7451 7680 162 3725 4073 1692 3717 5617 2606 9118 3767 6497 1369 5067 5612 5387 1220 6792 4664 4671 6145 1350 3676 2177 2154 281 2331 1746 2729 1619 5724 345 9223 7033 3335 4148 9701 2841 6519 7079 6925 4793 2560 4127 4641 8569 5176 9117 7159 5797 4116 370 2742 2191 2393 6403 3722 9988 9742 1017 3078 2324 893 3059 9533 3930 2463 6096 2200 8747 1819 3689 7838 5217 5983 8776 9774 8733 1933 4708 6926 688 5260 2122 436 7741 1197 2049 662
553 3117 7598 8675 1719 6687 9989 2784 487 5219 8017 3856 9047 3181 1820 5536 7383 8368 4226 5736 2266 5859 5394 9582 7941 3236 2425 9864 2552 5722 1048 109 6365 2741 567 3420 4775 8717 9172 9648 9325 6821 1234 6628 9196 9506 4445 7702 3996 6288 9681 9632 1194 4036 6875 892 9209 4766 4481 8464 5055 1426 1899 2821 8626 3603 2070 7806 3197 1483 7062 7713 7068 1491 7249 3239 1016 1488 7773 2747 1404 5117 7370 2509 2997 9834 4922 2178 1571 7225 3564 8093 6153 9660 6095 1654 411 3839 3049 7941
4585 7889 7824 27 4186 4373 827 6404 8420 5673 7257 6763 9964 5554 5447 85 5308 6438 323 2783 8386 5714 127 7790 3098 6947 7105 4206 2009 6836 7545 728 9350 4062 5776 4279 6786 4887 2905 2702 1854 7602 8707 2984 1371 6452 4375 1727 8084 933 1432 2632 3577 9439 8803 3316 6480 5766 729 5032 388 7898 3353 8353 608 308 2970 6616 9483 3081 1450 7006 7116 9641 5517 9848 4828 8224 2883 4002 1933 613 8617 3595 8739 6752 8835 3883 3623 2707 9475 4947 682 2679 6614 4179 7334 3383 6039 2510
8809 3245 5108 9828 1215 9401 231 7970 3204 3861 8381 185 9031 3078 6277 3062 2386 6988 4571 2825 4702 9992 6949 1626 619 4927 4978 5970 2796 9369 3083 1714 3264 1514 2180 858 1801 8765 2036 2551 4241 7146 2815 633 1660 652 8656 6773 3470 5946 4911 4804 3700 6417 2093 519 2529 1151 5483 5472 5978 6785 6017 6044 939 2163 1939 8452 4638 6563 8469 3626 5665 2527 2912 749 8928 3599 3610 9904 4185 3325 487 5018 1174 3853 9751 6698 278 3044 6991 7979 7217 7843 1711 9400 9179 6118 2237 8856
8492 9082 4556 1532 1493 8646 8047 2751 4776 583 3734 3654 567 3219 7800 9399 8022 927 9386 9147 8399 7885 6632 485 6216 3331 5651 8154 5638 6688 1187 4583 7292 5404 7003 5399 8151 8899 5165 74 5960 3018 4694 3096 4856 6271 2214 1328 9000 1575 4808 6539 833 3714 2870 8565 6594 2664 5224 47 9716 6737 3425 572 2829 4401 3809 4286 2193 7124 7964 7260 8914 7044 3931 3005 7374 4010 2493 6529 5365 4210 2323 8868 3159 556 5837 7268 8584 2069 556 557 8601 7669 4685 5633 5740 762 8102 8999
628 1723 2237 8411 8036 492 1490 3044 8916 5760 6571 861 2294 8361 3953 9833 1759 2573 5433 293 148 4996 1426 9735 6119 2843 1475 5669 136 6810 8921 2878 2889 6069 4228 8764 4856 6507 4901 7915 4384 6818 3662 4324 4185 9626 9303 7804 9606 8369 9490 1496 7325 5959 9046 603 237 9036 5086 2159 763 2655 8304 8864 2994 4873 4990 51 5683 760 1144 875 1406 3738 9331 5206 44 8863 3694 9073 9457 7770 4343 7557 9574 5665 7257 3423 7452 3748 5694 241 5519 7710 8569 7706 8041 4920 9559 2280
8554 7986 1709 524 8089 3073 4888 651 4730 9964 4921 590 7332 4943 989 1978 7147 5842 9074 7293 8008 6345 406 3717 7173 7822 898 530 1875 589 451 9174 652 9488 8644 3052 8597 9630 7510 1900 5485 5283 7809 6939 954 3620 9342 4970 9349 7165 9675 1816 9921 4650 4079 3214 6707 1144 5441 4910 5317 6964 8922 5497 5662 7702 7028 2263 2181 5501 139 8087 3387 4914 186 6723 5199 315 2442 4472 7965 3502 7874 1729 8310 4250 9034 9514 8777 311 9345 9824 8238 3295 6174 9671 2614 2864 5219 7985
6588 6652 4141 1313 1435 810 9238 2001 3257 7430 9301 3945 233 6003 9043 7431 9791 8413 9591 4328 6518 5071 2440 8238 3324 5438 3300 3318 8927 507 1135 437 4892 8628 8093 9636 8210 8054 6918 7423 437 4400 4520 4765 7008 751 8238 2820 4430 7787 8802 2309 4944 88 2976 221 3788 518 533 5173 9812 6229 7491 6252 3680 5952 9405 9508 2459 1098 3069 7993 9942 4703 6793 1542 5227 8835 948 907 111 4850 6484 4475 2589 8393 3724 3752 9143 2250 8646 4918 2185 8777 242 8147 6591 9740 6686 5522
5685 4458 3686 2731 8230 8215 8904 3493 1485 4911 43 952 5986 7598 9814 467 6881 7093 7056 3038 1228 6976 3384 6320 5088 5937 9819 4050 6212 5234 7532 9251 3981 4971 1139 5859 2456 5933 5729 1665 4184 663 4373 3378 4672 8666 6589 3294 7571 1403 3839 1657 3874 5797 9815 2501 5006 775 786 6614 3364 1660 2346 1799 52 6766 7465 9014 970 5510 6258 7221 3704 1414 6353 8812 4401 7554 5380 9486 5675 3515 4841 5070 8750 7526 407 8191 8525 4928 6272 6117 4194 5262 8917 4736 6695 7758 3242 8100
3994 1990 3257 2604 4930 149 9107 136 6622 5882 6633 7368 9207 6007 372 6970 8350 7595 8679 5752 1589 3048 9363 2156 7314 277 3994 2758 5515 9468 1523 2659 8980 8043 1450 6303 9675 9628 5133 9965 6463 2640 2017 6750 1606 809 7735 1055 6411 2216 5915 5867 6419 836 1993 146 7102 6678 9491 210 7166 4840 9260 9818 9314 3657 5473 5827 1216 940 6300 5690 2659 7086 1958 5856 9976 6301 9038 4103 3328 8976 9638 7644 9664 1494 8646 6106 9534 1988 769 138 6104 6987 2841 3790 2040 3165 57 6766
2162 61 3051 2787 2493 4421 9844 9861 69 3041 7294 9122 8108 6869 9488 7059 9384 9854 971 8230 3395 24 1637 3133 5832 8747 6298 7504 8069 684 9930 1738 9152 2868 1090 3082 4967 1555 5639 1134 7022 4153 3323 6829 5598 3530 4151 1463 9173 7615 8756 4626 6261 5199 3774 9957 4611 823 9779 8609 7542 4183 287 3670 2701 3967 1149 1895 3373 7411 8350 9959 8876 4772 106 3610 1800 5658 1779 70 8721 6029 5042 8003 7837 3538 20 8614 8453 203 2504 4094 9330 4280 9783 9534 4952 3792 1472 6051
2743 4848 5763 6455 2662 5145 9840 5886 3398 8626 6366 4242 121 6465 6627 4660 5783 8205 8604 9969 8557 9550 3610 2003 5419 7614 7879 5611 6991 3137 9462 5081 5325 6983 9588 6803 6086 3082 6732 3412 6510 2643 2996 1542 8087 2538 8787 8904 8400 7576 4283 5974 4936 8832 6934 893 5793 8997 3868 5178 9754 8751 544 2589 7750 2099 4938 486 5903 496 5553 6955 2802 5065 9068 4466 7709 5328 2145 204 1628 4046 4593 1166 5225 8116 8573 503 9204 3554 142 1647 8357 6284 1072 2625 8720 5951 1291 515
9552 6865 5759 5487 728 3352 8189 3311 680 1025 1986 3688 9883 4151 7077 4233 406 4704 292 3936 7198 1730 1073 667 2976 3443 4230 7566 4234 4103 433 2130 5374 8611 3378 8836 3192 3086 8581 4500 5944 2755 3902 4670 1450 9218 6360 8386 6447 2696 9628 1244 2070 5706 9980 380 1059 9724 2735 3864 4728 171 34 4959 4499 4797 2940 374 4474 6163 1169 8349 2033 4059 1002 618 9186 2157 2098 435 4529 3109 2263 8321 1081 6246 293 8551 4722 314 2269 8905 9290 5419 8247 4326 3705 7536 7942 8252
2796 4064 7831 5182 2303 4042 5269 5091 5958 4068 6323 5446 9539 3047 1464 3827 476 9457 1878 2174 1996 2621 9051 5219 4962 8996 6863 6659 1559 9460 4664 4609 8055 8893 2595 3581 9086 4912 1604 4834 6310 344 3667 3415 1620 3883 4884 3061 2205 5521 1033 145 8452 3794 2136 7584 1722 7105 7701 9530 6783 8493 2864 7644 8626 9027 5424 1459 9692 1302 5216 1241 9321 9415 2695 1080 4612 8715 1733 1891 553 183 723 8203 4571 4501 689 1854 1895 9957 9362 3306 47 9080 6613 4129 5710 8201 3513 2217
6983 2703 8861 1728 8946 9906 1742 5626 7882 8424 6853 4059 7565 3621 4576 2723 9136 9314 3997 1461 4710 5574 1031 7995 3433 4643 1905 4545 1235 4831 4605 3684 8188 3353 6670 4229 3221 3362 575 2404 7096 8535 5822 9057 5759 5183 3595 2455 6155 3561 4659 3718 4147 9828 7699 4545 9410 8439 8610 559 475 9062 540 7991 9390 5007 2499 5438 660 5570 4202 9740 6509 3772 5925 634 2446 5721 8669 4870 7371 3188 7368 2063 8515 9571 2423 6827 4316 602 8549 7116 1466 8395 3793 393 3522 5766 1764 5845
1999 2742 9005 5267 3994 970 885 8172 8995 6575 7711 8268 3952 6468 9367 7657 525 5476 6706 5675 8990 8220 2121 4831 3644 8542 438 8968 9022 5827 7553 8355 7500 4732 5010 5468 3683 4708 990 3786 3168 3043 2633 5544 2317 7430 8921 6670 1410 4090 8685 5498 255 7254 1874 3 9962 9392 7144 8632 4961 2733 1268 2112 6805 6677 2197 2375 5446 7922 5266 2789 1962 5550 4303 1033 9567 6183 2564 8409 5024 2818 6336 8693 6327 5640 7384 537 4953 1740 4551 4656 5641 35 839 7140 9594 9591 1430 5834
9346 344 6992 6916 4148 7895 4570 6773 7749 5195 6319 3072 1937 2532 9815 4634 6482 4623 6330 6757 8728 4303 3291 7842 7914 1008 6741 4155 9101 2638 9886 460 9052 5433 9213 4889 9868 1519 6051 3127 1079 7397 7523 2538 2890 7739 2521 8782 9865 3262 4764 58 1556 3210 2008 5422 8282 4896 7678 3729 1914 8211 46 3388 1636 8292 8989 8124 1292 9235 374 736 3398 786 7454 8719 7189 7397 2644 4155 6283 2804 9407 2128 7922 6828 6643 3746 4451 7857 7101 7508 3932 7966 8759 2467 2641 6090 1106 2298
4704 9345 7816 4316 9559 478 8288 1994 910 8706 8529 2090 3162 6706 6026 9914 3188 5707 6096 901 808 6623 8654 9992 571 1724 627 8166 9412 5792 5504 8115 5833 9408 841 4301 8657 3513 4138 2786 8945 3892 8353 8484 4451 546 6036 2870 9503 6407 651 8735 4082 3820 7009 4887 7488 4355 1868 3722 6833 1239 6141 1604 4650 696 5190 3620 4525 815 834 3729 6463 2472 3983 4278 7283 2166 2651 8883 4352 3255 2428 8416 4688 9878 1324 9955 229 4393 8899 7250 3719 801 5850 4240 1299 541 8379 7549
1924 9443 3191 7617 1917 9550 6638 112 5252 5323 2662 4699 3111 7837 9110 6966 6891 8122 3210 6775 7886 4400 5400 9282 8539 7344 5963 1602 1731 9225 1015 5700 1034 7996 2192 8561 7154 2140 5914 3414 3834 5368 7360 641 2246 1664 9664 6051 2949 6716 6590 4541 7695 1682 3634 9463 5447 6643 9276 4804 8244 4741 9411 6537 7595 4581 3693 9071 5717 829 3966 1184 6710 758 5305 6610 2414 6163 9754 404 4888 3716 281 3186 7292 5002 5512 5095 9686 838 3413 9712 3074 5242 8889 9221 8832 1010 1619 3932
9858 3957 2917 4336 2893 6358 6212 3617 5034 1658 8595 8776 1794 8917 3945 2766 1869 4383 2444 5108 8970 8814 12 2933 7291 8413 8439 9613 4451 9959 2063 7813 8693 2653 8489 2460 8518 6041 7836 6016 5794 7330 7994 6164 212 6678 5913 1260 4292 1752 1159 2428 4442 5608 8196 66 164 9242 3991 7758 5699 3335 1740 6920 8553 4609 9809 7083 3587 1018 8971 2659 8064 6460 8944 4605 2512 5205 1168 1093 766 1899 2158 4413 4486 9070 7432 7849 7124 5185 6241 8260 6272 3101 9509 4118 9020 9038 7080 4840
3067 4011 2221 4985 203 6680 954 7467 1442 7678 3185 9550 4348 8286 5597 845 959 2628 8924 5609 3884 6575 7234 3415 53 161 7161 7415 9991 6441 2426 7657 8548 982 2249 907 5643 3476 7595 7241 4809 7979 4284 7567 7636 3039 9213 7308 639 3752 6462 161 6368 1845 8848 8266 4177 4348 5214 4888 82 7346 9916 5589 7835 128 6336 9363 7472 2836 4793 9742 9908 4536 4524 6530 6380 5598 1204 8476 9780 7274 1466 6480 1002 5743 1872 7673 5949 8488 3384 5671 1136 6756 6399 1648 6116 8610 6779 3184
5794 410 9371 5835 6484 1355 6810 3149 3715 9394 4543 8924 9491 4264 353 3342 7605 4647 9140 7005 5125 5810 6948 635 3598 5905 2732 2558 9902 8371 9880 8450 1760 2966 6491 8444 2791 2136 9868 8011 2618 4715 8972 879 2406 261 2552 8459 7378 6425 8342 4026 2314 2050 8549 2782 7954 8408 1184 5084 9894 4713 2774 1769 37 5770 2238 5128 1336 7407 157 3899 7336 3258 6002 7412 9814 7648 8412 685 4840 9922 4158 9184 36 512 3604 4873 4353 7320 5319 4507 3003 6067 9574 2556 4609 1202 9244 6331
7276 3789 2756 102 78 5883 6286 3588 1325 5789 3973 9072 6181 8778 9168 1485 4494 6326 6053 1292 5522 8611 8438 815 941 566 3189 7796 9782 6580 9056 3057 3517 9101 1816 4883 693 2654 8496 823 9489 3985 5842 6677 939 5925 3662 5708 2602 8193 5352 7891 6834 2631 5588 792 3430 7329 9008 3808 9102 6932 8305 5572 3461 1692 3863 9005 6077 9370 4159 4739 6011 5526 4207 1011 7735 4252 2885 3399 9889 8520 6564 8373 713 4838 3206 6264 5922 8410 302 9221 435 6489 5691 2174 4937 3657 3747 5580
9814 6443 1252 4748 8674 6 2547 5013 8520 7051 5680 994 5803 500 5734 4793 9653 7917 3223 6368 9956 3217 3774 1272 4883 3394 159 1930 1634 9186 8584 8583 1382 2303 5224 2478 6871 7669 6350 4669 7644 8240 7457 8335 2571 4351 6567 2153 6736 3944 7414 2420 6889 4735 2264 3709 5720 2500 5255 4186 1102 7032 7931 7969 1728 8472 7842 1216 4454 6942 6041 1709 3470 6400 9707 2768 1408 5751 9494 8089 3996 2732 7987 109 9758 2414 5362 6257 3944 5160 2051 5393 8006 805 5727 3198 5759 4203 4940 3935
9771 8227 5237 9685 1323 7050 5735 1330 9058 1747 5198 5722 9865 7699 8674 2711 8852 6618 3072 920 2592 6584 1107 8593 5878 8524 1224 2362 9723 1871 6510 8132 8006 180 4131 9868 9345 3627 7170 4718 9457 1833 1594 4430 7528 8742 7980 7629 4842 7213 3123 8168 1821 9518 202 9349 8262 555 9188 4555 987 8084 2585 8414 9330 5215 4776 9003 5611 4247 8824 6034 8502 4254 4101 7861 3061 4251 7959 3198 8823 6692 756 3020 6024 176 5663 1355 8223 2234 556 5729 6945 1792 2344 3794 4751 4619 8747 6204
5735 4722 3751 7789 1745 8206 6865 7812 7659 6644 2808 1307 6844 1752 6751 2043 1069 4236 8389 9542 1222 1586 4364 1150 6703 3429 2105 6062 5504 7479 2506 6098 2661 2554 9993 296 8709 169 6067 1188 808 5909 9578 3041 6288 2086 7000 8055 7689 2279 8962 8033 5017 1490 9014 2378 6240 7331 7845 3728 1344 8933 4026 5628 5226 9263 218 7888 4869 5576 1398 8133 3505 6318 5473 3733 9822 4367 76 3902 5581 8844 885 7044 4334 5535 4107 1127 3183 2161 6083 8398 1677 326 9312 4455 293 3004 5237 5434
4647 3424 5147 7829 5194 4156 9848 6036 7994 9778 2241 7439 3189 7160 9073 6410 2483 6502 8505 4608 3731 6414 7731 7605 3879 852 6970 8735 9089 6800 825 9437 2416 8798 5189 4992 5328 1124 5953 4610 5357 5431 5542 8623 8868 2861 2043 2187 6383 9764 1616 7233 3106 2152 5462 8284 8053 9619 4445 1281 9523 3787 2878 3112 8221 8023 5121 1302 3826 1898 9156 8406 2176 6107 6371 8288 2603 542 9458 9178 8512 2405 5267 2494 4410 6552 1784 9678 9958 722 4821 8495 6914 247 2991 1704 9417 4034 4217 4979
7512 3868 3721 1907 4268 9258 4178 1605 3150 9186 2595 1925 844 8135 7104 8107 4054 9467 3963 7202 3967 4274 7992 8994 1851 5593 3830 7913 7721 7822 8553 2988 7554 693 2330 9582 4336 7089 4445 3596 4908 7604 9174 6607 1483 2023 4484 3603 5891 3990 5745 8544 7704 6580 969 8861 8667 966 2861 5975 6480 3164 6922 7079 3039 3229 2845 1745 9532 6802 3691 8067 5695 2220 3253 8583 4713 9476 1545 3420 5791 7478 7745 3136 908 6807 1430 7753 2228 4154 3580 7531 4095 5936 6269 1718 5493 1177 7530 1436
4068 9639 5778 3593 351 1478 3861 1896 5639 6739 2167 9667 5941 5842 7016 9050 2592 2022 7696 5862 5096 1990 9006 163 7143 9584 4509 5163 7849 2290 8681 5198 6137 6532 3152 8137 8699 4721 5730 6612 4117 3033 4880 6004 6297 4168 8372 2527 9675 8500 1707 8450 2362 3404 9882 7970 9884 8560 3594 4402 8464 9801 1605 1190 8911 8909 5079 2002 1246 8281 5140 5886 4696 8431 3152 7363 5848 449 7697 5276 5225 258 4995 1166 7278 4979 6248 678 8698 2822 4664 504 8411 7877 5886 4289 9224 427 6676 7199
5513 5644 116 3734 6700 6710 6791 8716 1265 4500 2057 5550 3313 7187 4056 5854 1307 5767 924 5164 3843 1548 4940 9285 5464 9592 1472 9798 7034 3017 9777 5754 1400 2389 4856 1022 4869 5543 3970 5168 3862 9872 4333 2249 1095 6302 2598 7215 8911 6909 8766 1251 8685 1103 6297 6736 5980 9785 6908 3742 1093 2373 9126 7872 125 2417 3331 6294 386 3373 943 7845 8895 5707 8857 3752 3023 1318 8926 376 5768 3546 5491 265 731 2264 587 4856 6623 9609 8795 9090 7299 5399 7735 1961 7669 9386 6975 1391
6085 6683 8410 2580 4422 9467 7610 4851 7844 1922 7607 5318 8340 1839 7201 4134 4641 6759 4808 2250 6218 5150 5147 1961 8252 8971 6993 799 8243 5329 208 8197 9449 3163 7987 3019 3005 945 1140 5841 4662 1621 4004 6742 4122 8330 5996 4231 55 9355 1243 1934 1831 5819 67 3040 7322 4795 8340 3254 9546 1793 2112 2383 2543 1965 7157 4152 4327 565 3610 6457 518 7374 4182 7606 2910 4798 565 3194 9398 3884 6866 6349 3516 7012 2171 9710 6607 4263 8315 8493 9682 8679 2595 682 1962 3978 7035 965
1136 7241 4052 1076 6535 7236 6190 336 7443 7072 2344 2331 1652 4771 3744 4174 5717 825 7167 4242 4649 6638 7926 7924 7835 8827 8267 4543 3721 8318 7404 1847 2296 3960 9167 4329 2290 5878 7868 453 9991 9907 3524 1937 7831 893 7680 6816 3785 3297 1039 1402 8607 2950 7933 8327 7609 6974 7877 3471 7020 8172 4145 6109 8716 6745 4046 4881 9203 6681 1843 7475 9648 1087 7991 5188 3266 3915 1322 303 517 8880 1032 1493 468 4762 6672 3914 3486 8913 9787 7945 303 7392 4192 5409 907 1600 7130 3284
5226 8874 90 2106 893 1426 154 2797 3739 3956 8688 801 8836 3310 7460 1898 7245 3308 1835 9517 7102 5995 6697 9049 6052 3599 7963 9898 2639 756 1432 3896 7902 5747 1432 8007 8112 6553 6785 1748 6573 9339 7570 8832 8197 7780 2878 3090 8143 9812 2080 31 7386 7231 1435 2579 47 8576 2178 2215 1624 3270 8995 6734 7483 753 7907 3302 4875 6533 8420 728 8779 4551 4059 7896 5327 4687 9565 7799 7949 4565 7836 4064 4939 868 2564 8827 9968 4004 8559 9260 3908 4566 890 1196 9198 7713 2923 2597
5769 5435 689 7789 6637 5205 3756 3090 8434 2350 2167 6983 7004 9951 7767 5552 7540 3094 8525 7068 7593 2252 5354 3497 3830 6277 9960 3703 928 9746 3975 427 1645 762 490 9084 8638 4357 9787 3837 5982 3683 366 9530 8251 54 8856 482 5359 5188 1934 4877 5294 9882 5154 3576 4494 5212 7303 402 5946 4568 9178 406 6185 3311 7746 9194 901 9749 8540 2780 8863 5486 6422 6670 2065 1210 4278 5871 2514 4789 5848 7576 6206 1134 3630 857 7006 5598 5476 4869 6850 5780 274 9141 5637 992 883 4416
3965 4469 5394 6819 1505 497 6634 4819 9013 8375 301 3667 4872 4253 8631 579 4155 1378 6954 9189 4931 2010 818 4314 6183 2240 7909 99 8522 9595 4291 1232 2045 9463 3337 8622 4730 5990 8552 9239 2867 5524 2385 6611 8159 9017 5009 4893 7092 2052 5154 8469 8269 154 3292 4680 2625 3535 7008 3230 6623 2400 354 4499 8179 8227 8617 1479 6627 8037 7522 7433 4599 2423 3276 9051 3425 154 8567 295 2575 9922 131 2937 6946 124 4836 5778 7388 9296 3206 2727 6992 9848 4954 1116 4090 87 8084 9540
551 9821 94 2325 435 5668 9491 3404 5518 2313 5686 7324 1453 677 6395 6489 7779 500 7687 9499 4622 6982 4000 7370 628 3408 1961 2270 6559 5530 8265 8272 4958 8004 1429 7126 606 198 9742 8537 7434 6726 2696 9091 1702 4986 4419 8253 4677 2000 5774 9457 2367 6522 5883 8723 183 3318 1443 4795 3334 2511 4168 4299 4370 3753 20 2042 4320 8773 921 9819 3442 1166 9442 7638 4714 947 9399 2380 3033 362 6893 5251 2007 8287 927 8253 9658 5819 3703 8511 3421 4272 1585 6593 4424 3494 2330 1508
635 4493 2137 5521 7547 7966 893 251 8656 8554 4212 373 9204 6055 7685 5304 8069 4747 4022 6021 4234 6893 8981 36 3744 9592 9515 7257 4254 9631 3845 4282 5970 8758 1177 107 7918 9872 6060 4564 1223 7454 24 385 2048 4472 1384 2566 3175 5403 8347 6190 7392 4172 8516 9946 7328 1563 8338 6308 2320 7222 5063 3894 9953 5309 4732 1473 851 6672 334 9088 1978 6431 5293 4951 2876 961 5647 352 6099 8970 1737 3270 8100 5066 9061 9302 6448 3899 5715 2083 3715 6944 6238 5582 5496 3939 5426 3290
8731 2992 8097 6597 2672 8267 6596 7670 5840 3632 3132 928 1950 3733 3060 6576 2084 1373 4359 7697 9297 4316 2838 5557 8576 7198 8550 5561 2099 4618 7975 3262 2144 9461 4152 8425 1610 3233 4878 3552 4594 9961 8692 3107 9902 4184 8987 3895 9183 2399 515 2956 5294 7514 1686 9848 1862 5291 2652 3176 6019 1901 9143 4224 2168 2325 274 9573 7398 5444 5749 2994 3596 8042 3204 908 472 6407 5921 2286 9596 8405 66 9670 8516 9708 664 4111 3885 4646 3563 8281 4580 1213 9294 6327 3370 5213 3078 9007
2418 3287 7815 6627 4927 8309 6652 8137 2253 2637 9063 7015 6211 9546 7403 8372 7725 4632 5092 6737 7889 4565 948 5230 2994 5155 3400 7273 6123 2444 6480 5439 5953 8383 3963 9738 5278 9342 86 1853 88 7708 3388 7711 5047 6689 4742 4347 1705 2247 6134 7479 4136 8241 2016 5311 9366 2804 6614 6431 9651 9533 7900 5413 5572 5898 2028 2242 4049 4548 6623 5927 5302 8318 1936 3919 5206 3799 5944 8909 3997 3428 5031 3574 4950 6907 3982 2510 709 4441 4470 9500 5479 7078 7911 9791 3549 2693 3430 3774
8705 4299 2886 6753 6829 3400 8904 2176 1094 6642 6232 1680 723 8701 4097 9260 378 2186 4077 2618 6165 4757 6251 1749 8539 5055 6122 772 401 8263 4413 4485 5775 651 2043 9283 9608 9525 3447 5256 3048 7833 893 7195 4378 1559 4980 2288 6257 8178 3819 4551 8558 5015 4557 5035 1888 6789 6536 4467 9315 4576 5125 8837 2123 262 7728 1920 7041 303 7246 1255 6751 1198 6471 6280 7719 1703 9635 9557 2541 5360 4211 9121 3721 1432 8887 7368 6130 6341 7468 8653 4491 370 161 3594 4013 3705 7640 5347
2048 5764 5450 8437 7685 2126 1252 7522 4138 1316 1645 5613 1495 2852 185 1220 7220 181 2129 2097 2629 1962 3891 982 4140 3102 6443 8764 620 6239 4424 7662 653 379 4329 6648 1591 9236 1980 6795 9460 3148 9880 5253 7279 6730 6851 4857 4932 6119 1111 8639 4928 8466 6373 1018 5424 7335 530 2798 6958 4176 2927 5318 1112 5419 7649 2846 6174 6817 8666 5412 9667 3148 7746 6492 5134 4959 9165 6842 4113 6808 3176 7099 9026 3252 3339 8810 1156 1034 2342 815 7736 9583 9300 4141 2360 3165 3982 7349
5148 6482 1667 7331 7948 516 4760 488 411 5642 6126 9901 9424 361 1167 876 7454 8419 4148 5082 3920 8859 8930 7008 3313 6650 100 7231 590 4963 8750 3137 3125 3228 4103 9888 8927 4530 8169 3021 9424 8923 7359 8669 523 1676 1581 5708 7298 1386 7171 623 2280 9119 7516 1305 7350 1301 2054 7339 1598 9282 5288 987 543 5083 5017 6626 7482 2665 3022 9901 4637 4967 130 7440 4433 3005 4966 6210 3945 9518 2093 4173 8994 8794 8453 955 7531 7506 9800 9111 3582 4551 4502 7315 6273 8332 4729 8142
5153 7198 4043 3152 3742 3870 5887 7309 7102 1991 9447 6400 1474 687 1590 8761 2734 3836 2610 5047 548 1909 4374 7521 2940 9099 2363 4116 662 3000 9234 3452 5292 2273 8587 8216 7820 7552 1996 7573 1843 9689 3099 5874 3921 7596 4003 6556 1322 8298 3832 9246 7996 2574 7084 178 8823 3717 7178 8144 6297 9426 9543 3903 4670 2488 4148 3756 8805 8639 6597 6450 6519 7295 6437 8571 6797 6614 1944 269 5340 9775 2746 1539 5525 5517 8496 9106 4711 6880 7297 9561 4336 4737 617 4411 435 569 1889 7882
7267 4177 1226 7561 7501 6420 7453 9681 9909 3577 5614 3045 5433 1290 1522 8182 5450 8117 8906 8714 5205 4581 3767 2406 7612 1413 9169 204 4795 798 4114 5515 7403 6428 7713 2826 8637 1159 115 5903 6773 4483 749
