5906 1922 9556 1903 6747 6221 1436 1609 322 5765 4681 5339 2304 9242 3387 3011 1443 9806 2535 3571 1094 8375 3310 8448 7311 7049 2102 4962 8298 1395 4294 4815 9503 7588 197 2397 1310 1379 9022 9237 215 4434 5476 6765 7890 4433 5098 8462 5943 5358 9935 726 7770 5739 5233 268 6114 7747 8762 4844 7989 2312 8802 715 406 8631 2545 6551 7263 9823 4536 2460 3467 8373 4990 6275 7034 5991 8625 9585 4254 9548 5398 6536 6766 7083 4911 2453 6461 728 7108 3399 6056 2132 6695 8094 7207 8260 3086 6705
5814 6577 5666 6484 4280 5025 444 2391 9384 1877 4045 9403 994 4347 8179 3653 1517 7165 4285 9386 3467 2988 9564 4064 3023 3043 3345 9239 8401 419 1697 7625 1451 2285 7685 7742 5668 7932 7479 4204 7118 9795 126 514 7065 2483 1790 3021 6234 4703 6892 6047 7751 7543 8233 8741 3036 7130 6924 768 7175 4142 8114 9043 5490 6821 7124 4031 2863 7567 9185 7578 5545 4121 4966 6629 3486 4489 776 4965 6348 8512 3940 705 8397 3091 5506 4176 4454 4955 1349 2947 9141 1938 6101 4641 3904 8014 5478 5884
6610 6184 9276 4714 2563 8264 4808 4439 4946 2386 4031 8244 1306 1540 901 3165 6843 8246 2903 907 3236 3254 5319 6744 945 6965 5960 2088 7212 7942 4560 5526 359 4231 2118 743 592 2247 4171 5816 7793 2089 4007 7758 2574 9793 9829 490 8458 4493 6171 7612 8449 1151 8560 1817 4451 3528 2594 1857 9397 9719 5109 8016 8878 6835 1610 2272 6247 8325 5313 3587 1063 4602 4905 3359 4180 5142 6006 4433 3400 77 514 3621 9376 5537 713 9208 8391 7468 5263 8060 7482 191 3544 2457 8949 142 6419 7383
7474 7190 1896 4701 5387 2533 8452 1918 2811 1018 6003 4638 1952 8087 3284 7254 7567 8482 1284 7532 3423 2715 9983 6255 8438 6748 3066 6458 7988 2416 3361 2891 7640 9421 1970 7680 6983 4275 3113 1057 2557 8204 9592 4424 1962 3915 3857 5058 6361 336 3184 3160 7720 1916 9314 9153 992 9951 3643 1686 3483 985 5167 6940 7560 5632 9922 5455 2539 3580 2105 1387 963 7641 2505 565 7844 2947 9745 2493 5490 1669 2784 7743 6146 7987 5531 1803 6404 4915 5934 2429 9988 2745 6484 8159 3578 1190 908 6010
1072 3724 7959 4450 2156 8876 1467 3585 4493 9400 905 7127 726 6011 7420 6569 3024 2943 3935 8747 1262 7448 1175 9602 737 2689 2430 1984 9991 8533 9764 4867 9398 9514 8594 8826 638 1533 1541 3039 3369 4913 8387 2298 4120 3595 9482 806 2420 2549 2020 7489 3485 5029 8079 827 175 4641 4007 413 3551 5346 4232 8330 2951 3937 3578 8741 7117 1782 3711 8207 6624 4859 3178 4388 798 5953 1202 5986 4136 3787 659 1441 7229 3700 6945 6477 4136 5972 6737 8414 4949 5858 9107 5242 1690 4198 6624 4948
2460 1271 4399 1306 3624 438 9480 6683 5530 7971 7148 1545 9080 9453 8976 6102 2653 4067 8940 4799 4301 675 4227 2222 4812 5805 660 1523 1881 4555 8319 5329 8561 4125 3826 7835 8242 3623 8537 6817 3198 1917 1863 7967 7920 3018 3847 2511 4777 5495 3809 6402 5587 4534 2150 7861 6721 9061 6728 9323 2557 9448 5090 9873 6170 4508 7252 8076 1103 3977 5136 9482 3994 1386 1489 9406 3155 9956 7233 4710 2082 5667 2618 2629 606 5550 1822 6990 5139 1189 9833 9678 4022 1376 8287 4788 9054 220 8180 3913
4175 267 649 9221 8602 7622 5268 8281 7131 5901 7829 9261 7242 1184 1546 8243 5790 1150 2501 197 6469 5200 4911 3520 373 1799 1891 1200 2947 6943 6759 1932 7836 7208 518 4338 6572 1408 1568 5441 983 8833 1767 4912 6967 1989 6047 8525 5811 8888 5320 2189 7163 2085 836 8157 5701 334 337 8836 4347 8825 4049 6660 2689 1370 1604 1013 6995 9590 2825 5349 5808 6301 6568 2778 9154 8819 1592 9438 1012 9988 4282 7178 988 9678 572 1148 4336 6195 8992 3945 1816 5340 7529 2218 6880 8604 7773 5676
179 3480 1914 4716 2787 9445 9327 1955 2795 8313 7291 6678 7778 2078 3934 7195 6988 1599 8843 4841 3775 1824 5655 9413 4150 4790 7615 4828 9816 9264 642 8793 7875 5658 9887 2060 170 4562 9215 1594 1624 5179 5000 8582 7258 4791 4171 4301 2577 2741 5524 9075 8263 9392 7883 1059 6461 4687 9815 5029 8621 3913 4750 4490 9287 24 6909 7181 5142 8696 9718 378 5462 1034 6090 6514 1911 3423 5880 9370 6893 5197 2500 1033 5427 5480 3398 1996 1498 9215 8518 8355 3418 3979 477 9911 1409 5189 8741 6668
9867 6589 7418 6206 9866 8242 5932 593 563 5777 8900 8859 2720 4400 3013 400 8770 768 6194 5549 4616 6821 2357 4868 9183 882 3875 3083 7205 5730 8379 5367 2945 9513 4943 2664 9789 2944 9887 3395 5948 8123 1950 4 9558 8302 6177 6804 2187 2106 1043 7305 785 5218 5955 1326 9816 71 9840 6563 3173 3402 2951 877 4897 6986 6237 5769 6622 6499 9348 2497 2540 7115 842 2085 5705 1149 5433 3100 1686 6 214 6862 699 6427 2001 9009 2737 7951 9315 4472 1288 6820 852 9051 3388 9036 4810 2634
6474 1858 4830 6056 73 7640 3579 5444 6059 6257 4809 5547 2179 4775 4055 9656 8519 19 2923 1332 9719 6402 6979 1339 7561 2607 2324 1131 2970 2030 6949 5576 2586 9379 7752 1368 2698 5370 9100 6966 1462 4575 2056 9496 7934 6323 4374 6718 5375 9282 637 1969 7472 6246 2942 6542 1971 3524 6266 1574 3599 6360 7494 3793 5725 9505 3622 188 4718 9916 9100 3768 6120 2348 996 5527 5403 3725 4467 4054 6374 9862 414 5349 6028 851 1330 4213 8239 8809 3468 2350 2410 1694 6241 5248 3104 9654 4540 5652
1609 6200 9642 6928 5067 1369 6546 939 4303 3718 1956 9002 6519 3036 8791 8043 7391 725 1482 3000 7233 5310 307 4436 9490 1609 9841 5240 1186 3487 6090 2981 3779 288 960 8989 7150 3105 4747 918 1361 5484 3962 5943 6569 1177 2474 9689 2956 3292 8346 1403 5588 9443 5057 3184 4821 3937 9264 2597 6332 2887 8654 588 2448 5803 8745 7046 223 1676 7969 5727 6121 3442 928 3392 4272 1082 1974 8394 4736 5566 2491 8886 6157 5650 4918 5123 858 3660 9462 493 3753 7650 2328 1399 5642 4812 6659 3624
9418 3367 2238 2598 665 5416 6179 9043 7531 640 1256 3982 2450 6784 1672 249 9611 3139 8847 8818 741 9673 6204 5042 3115 7852 9306 3559 933 3118 5323 8850 8122 5923 7172 6861 7795 9394 8504 9935 2640 3964 9902 2506 7442 5686 4555 646 6177 8534 4942 9751 833 5274 613 6825 7823 7472 325 9750 9672 717 216 6114 8825 1080 1491 1784 4629 6837 9647 3028 7424 8552 9328 5238 4227 6426 7029 2785 2596 5658 136 6984 3233 7844 347 6028 3548 7270 7940 5465 4264 4903 6099 7723 5180 9324 5 1393
3938 608 6926 2087 2927 1971 5412 2164 5777 5328 4095 3231 1368 257 6114 6987 4514 4366 5226 8079 2434 61 2692 4252 982 793 6100 8079 3426 7669 8584 9190 7814 3352 2808 1486 1160 8356 170 2238 5970 5505 469 3671 2620 5576 4663 8881 7819 662 7686 3999 7166 4761 2187 8435 7949 6176 3714 2113 5220 247 7884 4035 2123 7329 7109 7996 1076 8484 9038 6246 9704 1547 2608 1659 725 8226 6216 9877 655 9577 1200 7612 3155 3306 5146 8418 6638 6916 2255 5401 2560 6823 4940 3286 8 6251 2882 5871
9578 8555 8580 4972 9132 6202 67 7122 6207 1569 8636 5423 9205 3450 2550 1688 9890 4357 1820 85 7177 7512 5520 2399 9311 1068 6700 8686 7298 97 8735 925 6429 6059 3737 2450 6606 3468 2893 3948 1425 3390 1090 4115 2831 4648 7749 3148 3661 9534 6408 5188 7640 4004 7572 8475 5335 4188 4965 3715 1730 3412 8938 713 5782 2971 5153 8485 773 6259 1357 494 3207 5378 1438 170 5415 6122 6906 2805 7064 2910 4247 39 7260 5761 8513 9088 9849 6708 8566 9865 877 6279 3395 3136 4833 8034 7654 4945
5107 4621 2288 6328 2176 7418 5682 8437 2607 9133 9215 7092 7787 3171 2405 9581 3053 7116 3002 481 3177 4902 1347 7979 7197 5077 7683 1682 1650 2547 4762 7935 5076 1730 3988 2793 8244 3038 3458 6535 175 5735 9125 1245 117 7698 5216 491 5233 6174 689 7734 9992 706 1361 5885 8819 3190 2652 5084 5553 8869 411 1568 6692 5921 8973 3648 9076 2433 4627 9716 3464 1671 7217 4549 9959 6162 9083 9287 6488 9817 3991 6312 3972 4651 5837 2045 9061 1467 1604 88 2587 3028 3614 8016 8313 9374 4703 6697
9962 6342 9330 774 9991 9257 1179 7220 1990 5126 5162 8227 5940 8990 8590 4697 138 7900 1633 3218 9909 360 3453 9989 9307 4114 8248 6493 3695 7586 585 8739 7124 9222 236 2666 7183 4442 2372 1836 2958 7724 3962 9571 769 2853 7672 4867 1611 5506 9149 7971 6495 1422 5138 6091 8705 9261 6665 583 298 7016 344 2522 8506 9761 8595 9744 8601 9263 4469 5001 2347 683 263 728 2896 8046 1276 8034 1495 1745 6385 5404 5353 2798 3506 6454 6872 4991 9981 5412 6997 5729 8169 9903 3840 1675 7653 5336
7132 2800 7606 9640 8115 8576 2647 6049 8549 6028 7764 1261 9256 6207 771 678 734 164 4792 6963 6593 7130 6406 367 6811 569 3412 5753 574 2653 9629 8002 9783 5930 7776 5405 8589 5137 9843 7364 3960 7890 1372 6728 2830 433 4156 3123 7457 3177 5802 4430 5672 814 3944 952 8205 6446 3517 8558 922 314 598 6591 6793 3947 3062 822 4383 4157 9962 4126 8835 7062 9208 3714 8996 7518 9892 3072 3794 2085 6152 8907 7608 9261 7196 2831 1522 8625 7161 6422 3006 7754 234 5350 2382 8455 9893 8748
1313 1183 9479 9023 2523 4904 4310 6762 5573 3626 3593 7023 7216 2023 4174 5004 4765 8259 5221 557 714 3137 162 1696 3832 5059 6192 436 1261 5699 3955 1721 1233 6023 9072 1859 8903 353 6409 8601 3065 5910 2321 76 4366 5013 7839 2044 5207 3508 603 6814 8162 2032 6019 23 3624 9841 4248 1183 1611 7958 1931 230 3360 9209 8822 1419 1432 9742 7438 3585 7006 5124 6183 7384 1708 6513 1019 2922 3585 1437 5240 8449 4936 9317 533 8960 8393 8280 5116 5158 5779 4313 8871 5467 2143 8715 6670 7577
7441 7363 3544 7512 850 859 4195 2245 7192 3658 417 1385 6037 4266 2475 5185 954 4804 6625 5147 2304 1010 6161 5633 2172 6302 8322 8005 9904 3187 9982 2505 8786 6336 1287 442 6497 9846 6113 9094 885 9492 5863 8006 6426 7713 2309 3343 9187 9735 1223 7608 5518 1632 9743 9807 2497 142 612 8532 7293 754 4053 7915 6333 224 3874 2046 6738 2708 6811 3721 8054 898 9767 7752 5459 1769 6930 5806 4138 7945 3433 4798 1197 7843 3548 4374 3234 6433 5528 6769 3638 1672 7193 5339 5930 4734 429 7475
3731 7341 7568 2169 3741 2458 9427 2370 44 895 396 5510 5212 4754 830 4836 5828 2567 1086 8005 8625 3072 9479 7198 9915 4088 941 7913 2674 7181 9244 2176 8982 2029 8040 7064 5626 735 7042 7536 2149 3318 1467 9787 6925 7675 2739 9699 3699 7 3156 9645 1907 9776 6655 3336 5872 5763 3601 9751 8142 1564 5310 8715 8151 2230 889 7282 7485 9202 4290 5057 4915 3991 2154 9194 2963 458 8829 2626 4334 4824 9841 6070 871 2414 7668 1820 502 1616 4113 4295 617 9410 1868 6114 3666 1199 394 1053
183 8397 1947 4345 3363 9748 5168 627 7802 7636 3177 9782 2577 5607 4514 8843 130 319 9181 7538 6954 8802 2630 4334 996 2383 4550 593 3658 9551 5798 9307 9285 2814 2079 1972 5182 1445 3542 68 1473 7571 6943 8078 2468 9036 493 9188 8941 837 4959 1494 9279 1776 5249 4795 3939 7960 8034 9392 2001 3553 4167 9554 6612 3175 7687 3317 3013 4089 5028 1001 9890 9077 4499 5440 1718 6310 150 418 5323 2559 228 5656 6770 9789 6035 829 4283 1512 1453 2465 8814 8007 4574 4514 8180 453 7715 5647
1152 1646 2797 5649 8847 3800 1047 2012 4285 381 4738 8774 2436 5602 9285 1579 3571 960 4460 7933 3801 635 8736 1778 9774 1003 7554 6887 1054 6539 502 9140 1961 8144 4888 7432 9205 8549 8090 5720 9868 9494 9022 6605 3848 8164 8397 4410 8906 7909 1895 4240 9289 5280 2254 320 4158 5311 1380 2550 6218 3845 9974 1629 3186 6684 8346 7064 7205 6063 5946 591 1758 4836 5970 2787 1314 8207 1136 2040 371 8372 8740 9251 1258 7390 4393 7511 2282 2578 5190 151 7747 4040 250 5112 4414 8548 5953 3324
3092 1413 9797 5369 6388 9223 1591 8245 773 8461 980 459 8954 725 3128 5707 6589 1976 9416 8745 8853 9612 6542 3127 7055 2201 9279 49 4976 7172 5388 4055 9788 8260 915 3194 6036 9095 46 6842 9984 2795 9097 6426 3215 7894 4941 4889 8006 1614 1836 5156 7576 5958 7110 396 3922 3784 9840 1250 6170 6339 6108 2387 5153 2973 9254 7790 2903 892 6396 97 4906 4437 9238 3551 815 9362 8712 7845 7282 6280 4613 1020 745 2161 7945 2352 469 2524 3005 7609 2613 1256 2860 6967 196 6761 9490 4102
4886 285 8984 166 3518 376 5568 1662 5713 4020 6419 4092 9723 9104 7350 683 8099 4963 1449 5227 9128 3599 1044 5453 4936 2401 3961 5928 4343 5141 104 6295 9959 5593 6672 4527 9301 2107 2871 751 5462 1414 1343 2803 9928 5369 6934 3431 4766 4927 4090 8002 8680 469 4231 1919 6965 3771 547 8428 2641 2001 9513 7461 6501 8473 3068 1040 3708 7163 9376 3369 1869 3237 1586 6566 6625 5221 5144 9418 8513 5527 3507 1587 3464 9783 4106 7000 7090 1922 135 7831 4622 3133 8404 6503 7553 523 3801 7076
5652 6431 7695 3231 6157 8909 9033 116 4457 1207 873 3190 4564 6672 8943 8943 1253 8341 1687 7229 3832 1426 5065 7651 5009 6987 8728 240 2615 2356 376 8811 615 9271 8982 863 7129 17 3609 6725 5659 7396 2689 7256 7768 5375 4933 1044 3353 6414 8488 4255 8922 5788 8687 7221 1146 1270 350 5893 234 48 4071 6587 4698 5708 1592 873 7375 2714 7889 2029 7562 612 8632 8787 4222 7292 9894 6421 3601 2423 3063 2300 4417 2825 972 7344 1381 3003 5929 4817 4932 5875 7897 4031 1951 8321 4941 6126
8343 7187 6551 6919 7302 1159 4985 452 1430 8197 9062 7535 1203 8893 207 3584 6438 3605 4286 9627 4951 9122 9494 4367 362 8222 6070 4117 7834 8832 1921 7670 4174 1078 1540 9882 4917 8910 3328 5166 6268 2424 4940 6320 2837 1295 922 3286 978 429 5767 4704 1419 8328 9350 5211 6007 9773 6295 8925 5513 5514 2943 8868 994 2511 7886 5222 3134 7880 3291 1153 3998 7524 899 5329 6955 6849 7733 851 7671 5293 3094 1559 3768 1425 2614 9637 5922 7737 5629 9190 1109 6395 1949 2899 9060 1004 2313 2306
4960 5430 3865 8829 2223 4309 1715 292 4308 6291 8248 2165 5527 1117 6081 3861 4675 4509 9387 3436 8270 5751 3039 6409 6113 6638 149 5485 2097 2261 3345 5310 119 2534 4720 8702 5256 663 6339 9403 3528 1380 6310 7184 5422 1899 6368 4886 398 761 2512 6219 3345 8856 4472 4613 4847 1085 9301 7472 8456 5690 253 7126 8889 1422 8891 322 9560 8279 9999 9335 30 9193 4351 1718 3295 1089 5543 5877 5607 7417 3542 1509 4883 1623 6010 5752 4715 684 5165 9443 7570 9786 1810 8192 5751 422 5879 5011
4563 7677 1298 9783 4170 8929 5870 7138 2711 2889 4790 1528 7346 5769 8569 2962 9870 3084 9847 818 7037 4363 9059 8187 437 7039 3147 3050 2699 9657 9899 2853 497 3471 3797 3889 7846 8456 9843 2536 9478 3317 680 1978 1406 351 4683 5933 3327 1164 7041 1829 1712 1224 7641 6338 6227 8322 9882 1216 6140 9107 5575 2068 5731 9754 3460 1406 4210 8109 1038 3551 8474 3683 7186 3613 1956 8174 7884 984 6394 8035 1976 6831 5923 7436 2533 8779 8300 40 505 1906 4179 1229 757 9503 8718 9886 8215 8358
7234 6098 4077 3308 1182 4312 4166 5847 6116 5364 3987 3756 8913 5244 7174 4344 2946 9265 1539 7074 3646 4992 8724 4518 589 6785 4332 1 1839 345 724 7213 6096 1735 8759 6305 7878 4914 747 320 2228 8616 3488 3047 3915 5127 4916 7115 7025 5083 8968 8819 7533 2874 9449 8661 3227 5634 4298 382 1328 4872 5019 8383 3329 7580 1739 7593 2083 3720 7762 4770 7085 1942 8779 8131 8043 9928 8366 1177 6751 6421 348 5388 4048 1995 482 8523 7831 5101 6618 1880 8844 7661 6254 2169 9360 100 4018 6999
4959 5738 834 4143 2761 4871 5131 598 2513 5634 6913 8826 2365 4535 5391 3 2090 4175 8210 9642 4002 4390 5350 221 2968 1081 3225 932 8520 1558 7696 3609 104 735 2010 2524 4470 9546 2734 6555 3705 4164 7238 9121 9182 8632 436 3824 9364 2323 814 5241 9114 1892 5593 6303 8074 1626 2473 950 2707 8037 6716 4564 149 3369 439 3008 571 7232 7780 682 2440 5326 874 6024 3916 9827 4609 7553 9941 9995 2259 8679 1269 58 9923 6627 4188 2402 7112 1877 3205 5367 9339 558 2886 3337 2060 3376
6265 5600 3942 8019 1845 6148 7846 1173 243 7450 9391 9687 5150 5185 6883 3711 8910 2093 1448 2324 5471 146 2566 3198 6315 1863 8717 3587 8703 8189 1333 4718 9559 974 1981 4271 6533 1906 4907 1297 9279 4371 9958 5462 6285 5893 849 2430 5281 7511 5292 1850 8167 4721 9078 4326 912 4930 1252 4797 9616 9593 668 2427 1727 3364 451 7462 8342 6387 2759 6481 5652 1070 4845 5493 7954 2830 2210 2174 3788 6007 2933 4937 6407 2427 5168 2128 3053 9505 8021 7000 2253 1565 3608 596 133 2449 8964 5347
5042 1734 9515 8903 5330 3099 885 9115 6361 1030 2603 3662 7477 8926 2097 832 4516 1055 7871 509 3122 7289 5359 8371 5582 9307 4932 6042 4644 3512 7576 8815 9287 6425 1573 1198 8038 1553 4102 7041 5481 3965 2871 6767 1177 8957 1171 3880 3892 743 7059 2891 4377 1089 7656 6416 2927 5613 7095 5716 1551 4180 9532 4338 7766 7609 7053 2303 7465 7042 5945 7735 645 2728 8401 8961 7368 4042 1140 5702 8971 4049 3695 3545 2105 7386 4032 9342 9535 6732 6855 996 1121 8802 2155 3471 8973 6048 7669 5476
9327 2737 7591 8712 6369 8624 6516 3290 4864 7163 8795 3354 6420 5960 1574 5548 2005 5759 5890 9452 8080 1749 5973 4497 2582 8420 8393 626 4777 1425 6836 6016 4747 7641 4033 8528 224 5272 6360 4269 7635 9752 5483 4714 8027 9422 8972 9896 8310 2496 7186 9529 7202 8705 7624 1853 2977 1664 293 3421 5437 9374 2121 6915 7380 8206 7842 8671 9950 4388 1820 1570 2658 7335 7368 5657 814 9750 8070 1534 7523 9739 7218 7462 5821 6933 7947 5464 6942 6613 7002 3721 4060 3212 748 193 694 7192 7151 9346
3727 8039 166 6207 729 6417 2701 7794 6859 4667 8231 8381 5715 759 3744 2928 3463 5081 6677 1058 5137 1305 3010 5241 5082 4963 9875 7072 1229 3141 3591 9647 1620 1333 361 860 519 2902 3843 3941 5167 2249 3960 2973 9383 9875 7484 2452 6532 4115 796 2459 9604 7729 5662 9233 5696 6270 7711 2808 1934 2191 3129 9621 1897 8727 9125 1350 8605 8664 2216 7264 2419 7664 4552 1306 5927 8102 34 2250 1909 8963 1122 5670 2793 4174 8098 5619 8208 603 7747 8336 7342 9893 4646 3805 9389 8255 2708 1376
1142 1725 3813 5993 8522 2991 2644 591 2835 4169 4346 1483 6973 7190 7392 5717 5117 8539 2146 6234 8306 8353 2669 7288 1386 2038 9782 2351 8780 4055 5981 3774 9898 3007 9821 9931 813 9169 8980 3390 5681 1580 5264 5926 4984 2399 6513 7716 1899 7189 6485 8298 1152 4405 501 2129 5337 3314 4846 2949 9239 2423 666 5528 291 3451 5510 4383 7075 1373 7995 5208 901 9493 7684 8779 497 2305 5330 1383 518 2255 5382 9566 552 2677 9621 3405 3452 6718 4924 1610 5719 5444 680 8797 5880 6785 7386 9483
7681 1340 2458 5426 978 3151 8699 6181 6246 5387 9891 3500 3879 9397 9512 4604 7248 5296 1004 998 7914 5 5829 7318 2995 8824 9148 9005 4370 9221 6855 7291 4381 7391 222 8491 1487 471 8173 6282 532 6814 9113 1999 5094 274 8483 3890 5471 9325 6613 6332 3409 4768 5215 6152 9926 8860 4725 6945 474 7035 4652 576 1672 9500 6019 2949 175 293 2666 9695 5392 9412 752 156 107 4207 5298 2573 1897 9003 9263 9703 7323 9710 794 3345 6127 9859 6697 993 7484 1070 1506 5027 727 4778 3899 2681
9641 2879 8636 3164 7739 3297 5114 918 6635 722 71 6237 6256 6202 7098 1039 5387 2433 9030 5407 4103 9883 2265 4598 7337 503 9756 6660 262 1681 1034 2265 686 1261 4330 1280 7891 3747 9535 1976 168 9402 7803 4554 757 1529 574 5204 2388 601 6850 5869 6582 5416 410 7607 2008 2886 968 7270 747 3001 141 5601 5038 4592 4970 4627 9964 7074 5048 125 788 3547 1548 8092 9918 7632 6149 9527 7886 5219 4947 5738 7524 1580 3308 6628 9116 9193 8543 7533 6970 3217 2029 2757 7213 4072 2832 7910
6035 2323 7557 8246 3581 3172 4739 9442 4471 8992 2632 781 5874 5202 2236 65 2550 3527 2290 6113 529 8917 6164 6326 9263 6496 3844 4922 6334 1038 2824 9267 8915 2186 1720 6206 3850 3666 616 7516 628 5055 647 6556 4625 9284 8765 1707 1329 1937 4450 3779 9611 5126 875 6720 837 7657 7908 2987 6223 4848 5147 37 4595 1455 7828 464 1314 4134 9512 3204 5888 7693 9494 4388 6511 8408 5157 1488 9203 3803 4628 8636 8304 2969 4355 4989 2430 5897 8202 798 5584 2202 6583 3687 9971 3 4799 3980
6028 2049 8351 9128 2067 5879 3095 9804 4313 6399 5684 7861 2387 5454 1671 4057 7330 2002 840 5986 3546 1848 6110 6373 3674 3330 5130 2425 6566 2031 2903 7370 2182 7545 375 7232 5634 5361 6075 7406 1195 8117 888 6593 86 2796 3830 7148 9760 8440 5945 8330 3496 5108 9512 5114 3228 5292 4721 8502 838 1944 7820 7866 9634 9196 9247 1633 4575 7128 5762 6046 1993 5987 3454 1522 9665 881 5014 8088 1654 3844 4550 9514 5858 6518 2395 9819 9052 8249 1547 4089 2297 1227 8956 9585 8950 1725 2692 5940
9151 9371 6936 168 2675 1750 4155 4451 3190 7585 2445 4548 8577 7963 2415 261 3318 8580 4298 6293 441 1323 1659 1884 7029 1843 8784 6459 7317 4932 1848 5683 267 6528 3519 9382 8070 7346 9893 4449 7064 7926 8466 7683 8201 4585 8021 5258 296 1382 1639 284 8101 4681 4286 3331 7661 1439 4486 3539 3775 1840 3261 4117 8827 2706 3364 7414 2122 632 5195 8175 3851 5628 6626 937 6631 6038 6549 5375 108 8269 8862 8355 5397 3192 6891 4740 5740 3276 1581 455 7052 1939 5024 5517 8085 5717 6876 4412
3224 6005 3519 1612 8009 4583 4107 6262 3442 8015 6872 6844 4926 7835 2214 7970 75 200 1511 7872 6805 2937 3679 8202 6949 618 3863 5677 5386 2175 1928 5303 2555 6277 6776 4338 7014 1522 3644 381 7479 502 5748 9720 4735 1213 343 6749 5314 2722 5358 2323 6971 4219 4185 9068 3238 6660 145 757 5526 3662 7831 1160 7019 1958 8184 5081 2972 9726 3515 5390 5503 9033 2199 7199 5150 8448 571 5209 8312 2297 1622 5741 8163 2323 8200 5870 6348 1525 8970 4913 9114 930 5730 1880 5111 3725 1301 8328
5069 6115 133 3110 7424 2672 4845 2994 7054 9337 2309 974 9402 1524 8202 8980 3277 1543 1293 4696 3133 3491 1825 9657 6965 1774 8085 4773 2775 1902 5635 4718 1135 7910 3437 9124 5212 4889 3688 1944 1484 4461 2863 7595 693 4298 5889 6876 6694 7814 3572 9281 9899 5252 167 8613 8147 8201 811 3030 6659 6928 619 7677 5454 9956 1202 2089 2918 8207 7658 5304 5916 4288 3559 1395 7731 5826 7430 1578 6293 6273 3976 2388 8613 2871 448 5258 9695 9028 1846 1507 3302 5680 4526 3380 9395 9494 1856 7441
8537 6365 5568 9608 6935 1729 4635 5711 8017 5408 5274 228 7543 2458 1253 2049 890 4976 2779 4395 2791 5736 5822 7790 6469 8214 7795 9227 971 1938 6207 6292 8209 8473 9057 9137 9502 4804 3025 3147 9989 3250 5118 3242 5726 5889 25 2679 9140 2685 5919 1587 1894 1727 5390 6926 6697 5844 2438 8906 8585 8281 6675 8540 114 9111 5824 7775 9426 2686 4513 8134 5759 5136 9024 8065 8518 55 475 6396 1281 6512 8952 9525 7232 4453 3430 6272 8684 9521 2653 1044 6530 2547 8986 5735 7551 9777 6100 3780
697 5597 5461 8059 1942 2157 1319 1100 257 975 6427 7389 5305 7020 7725 8922 5234 9432 4637 8974 5811 8778 1423 2571 4386 1344 3011 4309 2494 7720 9528 6554 4297 1242 1765 7134 1731 1858 1670 7295 8742 3882 5597 6466 9585 2692 4026 1117 767 8990 8599 2514 5375 9977 7484 9558 1683 5006 8862 8276 6604 3089 6096 2975 5214 7469 8537 4722 3018 3908 277 5006 3915 9418 8030 5606 6542 9147 9520 6178 8268 9828 1401 8949 1234 9005 5579 3290 2807 9640 6376 6911 8039 3160 8873 5112 571 6215 9114 7336
280 3714 5950 5670 3163 8035 3042 797 8311 9154 185 5513 2178 8703 4326 3809 6036 2768 7245 3121 9094 8131 2733 4041 4757 7785 7437 4042 6032 5682 3956 8621 7568 4068 3959 4670 269 6493 619 520 6588 4513 52 7980 9466 4115 7494 3363 823 3624 6209 6195 4470 8346 2146 180 3937 8169 8744 9175 1898 1320 6136 1450 7559 9419 6463 8504 1319 2857 5385 8500 5246 2806 8653 9211 978 9876 4047 5893 9146 5149 2398 7298 5949 181 5070 6277 6020 6379 738 4691 4794 4919 5799 3362 5061 4607 755 5655
6078 8189 461 9215 4603 8919 9249 8305 9979 2572 8697 292 3155 948 2552 7874 869 3233 7139 7668 9944 3821 8949 2130 7361 8538 595 4429 1263 6164 6051 2794 2875 385 5681 4567 2564 5004 5411 4210 2788 8725 2876 4389 4910 8422 6066 938 1468 6961 7912 9086 3498 1201 8291 275 2900 8814 3315 9225 696 2750 6421 9459 4730 294 2611 9375 179 7212 5312 4327 4152 6086 3448 956 7474 3938 5883 6056 9404 1761 8357 2986 1767 5397 465 4412 8933 2000 6024 2359 9044 555 3158 2253 4735 9872 5345 4003
5350 4871 4482 6183 2688 4392 3578 4189 2767 5281 2451 4050 6069 7334 1316 6145 8793 5873 2868 9986 4372 2916 3781 1981 5412 9565 7202 1399 8545 487 9919 476 3375 183 577 7459 278 1018 8973 6551 246 2184 4859 3260 4837 2566 3105 2678 7672 3108 5780 7580 5617 8528 6485 4913 5228 1564 6278 5405 946 8436 6676 443 2621 3341 6234 3844 2929 1823 4456 4643 7729 7604 1805 5863 6250 5879 3404 8274 7841 5690 6790 3618 7278 836 3825 9048 5291 7974 7331 8634 4247 5575 9144 8138 2355 173 6797 3432
6275 4369 6901 6324 2300 6328 4133 4223 3283 6549 901 8690 3658 8818 4640 8207 6296 4158 2659 7279 9093 659 2459 9061 4665 1379 2099 6579 5117 8173 5886 5149 5279 6305 1251 5160 5320 4559 914 4212 6060 7997 8074 6069 5838 7444 1054 9245 3259 9509 7826 7370 2142 2241 3373 6115 9863 3962 4282 1112 1920 9274 6098 2504 249 3564 9478 174 8497 5475 1604 510 7976 2500 337 2636 4694 3674 7399 5180 3075 5433 705 6500 9419 6355 1374 3757 3005 9166 2764 6477 9080 446 6957 5303 4528 8217 4468 9386
1508 9063 1654 3699 865 389 11 6836 2539 9634 5465 35 4020 8738 2364 9360 7638 7613 9757 8913 4075 6022 802 2136 4262 9869 5118 5112 8280 6192 117 9554 8741 7943 5770 314 5700 6032 9528 6829 9062 9019 2293 1946 7445 5670 2212 749 652 8464 1150 4167 4629 7111 7856 8393 9094 6831 1126 8256 2773 2419 8140 2037 5065 8222 9390 4404 988 4812 6793 8791 6351 9431 9902 4675 5847 2648 6349 3415 2255 8858 6525 7373 2755 9573 9632 567 6970 9167 5253 1447 3854 9635 844 7118 5392 8537 1794 7511
9095 750 2025 1265 4883 6921 3342 3030 8805 9946 6968 7151 1193 6912 8410 1439 1894 5545 5062 2729 3470 84 4732 2314 2000 8971 7006 6011 6725 3470 9289 374 5980 4186 6606 6240 3407 3218 1531 6479 2541 4899 329 3228 3180 1352 960 4596 848 8220 9490 2480 3111 4949 5801 883 3975 799 3371 8451 6651 1874 1704 9646 5656 9313 7564 2796 3026 2544 2348 6752 7054 4379 4466 2698 9144 788 4235 873 550 6119 7152 6538 3176 2680 9382 7596 2915 7206 3316 5253 2770 9250 845 3893 9950 2933 9109 2515
8864 6180 197 3394 1881 9020 7796 4578 8115 8327 6326 3446 5765 2309 2178 6048 1281 5298 4609 9091 5815 5655 7505 8658 3364 3475 5819 4277 3922 8830 7854 6505 3763 6938 4011 754 1268 4247 1549 3427 9255 8685 6829 5632 7003 8912 9335 6341 9837 7557 3443 7240 9584 1126 5644 7570 7678 8973 8963 1648 2808 2182 4269 5713 8859 3817 7385 7871 9301 4860 9436 7782 9019 6699 8010 7989 4873 6945 1649 7118 1370 1200 6409 9640 8334 3223 8778 2886 1634 4426 1073 1015 7926 2351 3150 1582 732 7912 7425 6523
6658 796 8278 700 1068 7954 3812 6192 1756 4036 952 5120 4328 3713 5641 7156 5760 1497 1147 5166 9688 2220 3498 3533 2988 4717 208 7410 2487 7192 3740 7223 4909 4279 3693 8141 4333 3264 7584 31 3876 9855 3167 458 9033 8164 908 3013 8576 8980 3377 8285 2289 9440 5609 4076 9007 6406 7081 2865 2486 1705 307 9080 637 9502 5673 8386 9542 6980 2234 2055 3850 7295 4857 1773 9576 5815 6603 3281 4514 5443 2485 2763 9174 8395 8742 7812 1948 1844 7806 2853 8251 676 3464 3543 8753 3019 1003 6167
3910 2926 2415 7800 3479 1896 2713 2861 6478 1322 2205 5243 4268 4036 1227 8230 8710 6090 5337 9922 2739 9432 4694 6641 5856 6241 3380 1187 396 2654 1867 2420 5082 7037 7630 7991 8203 1031 4243 1164 8090 6395 6891 3340 7299 7614 3963 4672 1320 3540 2100 1771 671 7825 9934 2876 8088 8313 6750 1292 8738 6898 3463 8473 6713 3014 4716 6265 9337 6808 3635 484 2214 9377 4841 969 3626 6764 8194 6682 2826 8003 3081 4731 2114 5006 5733 8160 1519 307 5178 8454 8150 8232 7838 7754 1751 6390 3435 2636
3530 9368 2143 6439 4398 89 4473 5596 1021 4181 1788 7091 9657 590 893 5296 7175 2430 5411 1267 3525 8278 570 8119 220 2760 3384 7684 8626 4741 4159 5642 1054 6090 1967 3967 8308 9041 5938 3318 1325 5539 8446 3201 9263 7342 3460 5037 9161 7618 4512 4388 1712 2109 1797 62 3593 9436 9070 891 5190 8432 7423 1939 6764 2297 4672 58 6893 5807 9136 1913 8633 3004 5620 215 2434 8910 770 2437 5778 9565 883 2489 4357 4541 6933 2141 4269 2995 3043 1653 4893 4882 5149 8443 8947 6336 8991 6756
6802 4118 6728 3862 4063 2361 5473 1042 7689 5412 4950 7894 8211 7429 4768 8628 5308 7630 1505 671 4161 5642 4959 3901 7292 7749 5378 5203 8186 443 2783 2746 1206 5377 9438 5363 6843 9591 8070 6736 1658 1108 1112 7367 2769 1185 7732 3475 8206 9540 9145 262 6646 7872 4248 7789 3500 4146 1527 1688 2650 8557 1225 9041 2453 5317 8625 6064 2875 2407 5803 3496 929 3452 4567 240 841 4409 7808 8107 1891 3030 2203 7195 2687 5946 5324 8488 7909 3216 3191 9255 5358 2122 9936 6590 3459 2240 8819 208
5074 6411 1918 5302 5086 5071 1031 8700 6478 9607 2783 3423 3215 8704 1580 7783 7127 8128 6571 4803 7274 1761 1822 7731 9715 8059 7097 5142 332 5285 4599 8051 6725 5899 3032 1377 9337 4570 1507 4109 8140 444 2418 4107 3026 5113 1394 9724 6980 9051 1970 4851 2441 5710 5158 4048 8431 1435 7654 9383 5160 8361 9336 7819 9754 9969 4938 6428 7623 402 8117 8368 518 8791 6678 3003 6329 4815 3258 9168 4782 9955 2785 8769 9135 2533 3769 3531 6338 784 955 5675 4245 9294 9266 591 3479 6336 9534 7250
9138 3011 5760 2247 5973 1297 9056 360 5239 1802 7249 647 6523 2222 4843 5794 6959 2008 9615 5820 3521 6684 5718 9310 4406 6753 7476 9058 6716 4274 6382 6746 8920 9969 562 7446 9926 2302 6984 1745 8763 207 9586 5908 6791 7017 9368 4280 5134 2955 5253 7397 1736 463 8690 3131 7203 7863 2848 8209 7039 5449 7490 1247 8585 2236 8800 5423 831 7473 9529 1081 3927 636 6182 8676 500 9117 3649 4201 7852 1428 9555 9517 3129 9593 9869 2767 9084 4575 8945 8334 5650 1597 2733 6543 4999 4121 4336 8866
95 9305 1541 6933 4614 2331 3597 5324 3671 9460 5188 1909 771 833 1244 4533 3795 7758 1605 175 5417 3223 9501 2794 2388 3610 5982 4419 8505 1792 3328 2924 7979 9520 5892 9006 6385 7141 2209 6210 396 4378 3764 2617 6401 4468 1186 3831 5740 6924 1696 2999 87 473 4220 341 8378 4751 8618 5811 7135 7718 8878 7312 3069 9897 6834 7766 2272 4757 2079 1130 3358 3447 8164 2627 8566 8532 9608 1050 2341 7400 7044 8425 9272 7175 3074 5407 247 2669 3773 329 3338 6002 5783 9558 5426 2717 4614 6813
2055 7540 640 9143 6669 4361 639 9116 2384 9487 5436 2896 3526 9742 9357 3258 370 7608 6169 9441 7535 2500 9614 7730 8268 5447 6067 4046 3295 827 8371 9483 8904 8618 950 1730 8728 9197 4152 4362 3890 3239 653 9210 2777 2651 5905 3761 2370 6695 4461 7420 3052 3834 288 886 3410 3460 9103 9118 5984 4976 4637 2244 1825 3465 8079 827 6096 276 3287 7716 9046 5618 168 9556 4929 9729 6226 7654 4529 3295 1210 5460 9581 1052 6422 1326 2889 2655 7744 735 5347 4012 6616 1438 4305 9935 7707 2888
8130 8344 2137 5667 5593 1112 2331 7288 3336 4210 368 5690 8487 8469 1656 1291 3368 1135 7598 251 7602 3127 6207 8252 5291 7364 5120 9443 739 7515 5150 3443 4607 6031 7040 6470 8401 6288 9200 1047 2991 6930 6800 6107 5088 5027 2086 9662 9678 8733 300 2102 7517 2285 4330 5360 1021 4743 6843 983 4309 4375 6552 1764 423 7410 5912 1989 3750 5680 481 3686 4017 8573 5366 7284 4597 1040 1499 4700 8677 3909 9730 348 935 2302 9960 7280 5722 2513 9076 7789 9689 6210 7839 8606 7192 4775 3313 9180
2143 8101 7446 6581 2513 6769 484 4174 7109 2439 1728 2620 2735 1683 5613 1080 2601 1330 8237 1027 5488 2694 4870 5292 7918 3124 4381 6776 8817 4714 8917 8595 8883 8471 9225 2200 3733 3196 5655 5823 8132 1503 3964 2996 6400 5158 8874 7264 7193 6813 2 3654 6147 3647 2347 2571 4101 4849 2567 2987 6265 3012 157 3118 1823 9307 9669 2188 2217 4817 9002 3618 6478 9862 7461 5414 8927 4078 9587 8966 889 9833 3375 1185 5602 7278 1836 8406 8857 8611 6674 2368 2264 6785 9632 4055 4589 6492 9062 6592
9802 1089 6259 300 7296 428 4475 9957 2550 6922 181 1025 2019 9250 2255 8771 1678 9823 7856 338 1438 1442 6353 6810 6405 6477 5429 6350 1531 1447 1245 7897 2865 4815 4242 4395 1677 6503 4336 8998 8951 4553 1378 9400 1922 4563 4468 1860 3006 2372 6071 6418 4132 2082 3152 3167 4843 5542 7070 5892 1536 6093 3564 7211 9027 2519 4787 7919 9432 7053 7627 8746 3579 1901 6760 4291 5427 817 221 7403 5766 6102 8796 7577 4085 7693 9961 5518 4326 2771 6098 6601 1634 9320 2555 5670 2928 6998 8777 9104
795 2331 1417 4584 7432 2596 4977 3115 1050 4372 1942 5214 4555 9605 4620 2151 7000 352 4110 1786 5611 4084 6954 307 6617 2849 8969 645 5906 9997 1385 461 3570 5930 7929 1795 2354 1588 9826 7505 21 8286 5346 3064 4568 5517 7260 2259 2256 6330 8706 3311 6305 9575 4424 5565 2457 9080 6045 9253 4450 4357 5930 9729 8470 105 8344 8633 2790 4008 9768 5560 7865 2528 1223 5213 4224 5864 9937 8592 7444 1594 4887 7980 6146 6349 9538 4597 7481 7612 2730 5921 8250 2429 6591 8517 9922 9157 8675 4337
3322 1098 6422 6102 2250 8311 8764 3367 4284 6342 3778 5335 8261 5967 1754 4303 779 6243 6810 2271 1514 38 218 9117 4303 3554 3467 6049 3770 9951 4832 2184 5892 483 998 1327 123 9348 7862 4361 5607 993 4392 2436 754 7498 4969 7524 1880 3725 9155 6750 7743 671 6046 50 4449 4230 5233 7780 2853 1129 5707 8237 2679 4785 2089 100 8164 7581 4719 1778 3475 6466 2962 6909 4831 2637 9215 4339 250 8916 1218 2686 9610 5948 9815 7823 5394 3761 549 4697 2634 9918 5631 3108 3821 8419 1545 629
9427 3558 7030 2863 9095 6856 3741 9655 6490 3693 2943 4685 1603 6565 4359 6441 9900 7858 7807 1833 6946 3005 1271 9299 4981 7934 5316 6846 5359 5781 4529 3517 9341 8853 7451 3513 4681 2091 3546 1812 2915 4059 2003 817 9439 1867 7888 9912 1859 1588 8682 7536 8786 9035 5320 1758 700 9966 2251 6466 6533 5201 6918 2224 2842 476 4076 2347 1481 8545 9280 115 6286 5709 6499 5403 8825 7810 6741 2397 3840 4344 3866 5223 6243 7478 1555 6000 431 130 9228 7634 8486 2552 8951 4484 7520 4998 7604 6277
1181 119 7737 6288 2694 4563 9118 1720 3771 3506 7763 3259 5490 4698 7183 6275 3556 2920 3961 6799 3115 5600 2078 724 7606 7321 9921 2426 3364 1689 8493 2183 5903 6143 8504 958 3952 9032 4059 5047 3850 3631 6590 9787 3824 860 3811 1200 1189 6286 1053 5560 6870 1859 2277 7469 3113 4796 7955 8628 9094 7097 719 4068 8184 4806 687 1844 1996 2131 4743 9237 2840 1828 2522 7155 4006 7027 2447 3791 8053 4432 3183 7764 8426 4356 3161 2597 2083 9290 6079 879 187 6574 7387 1318 7541 5948 889 8735
4403 8724 4790 1541 3989 159 7349 48 5984 5587 3235 9448 9372 5380 8288 5946 9677 5456 9411 1565 7586 6237 250 197 67 7560 4632 830 838 3989 3677 7779 5029 8567 7984 2720 2197 1387 1919 3668 2856 5087 7505 694 1857 4311 6907 8972 5244 3670 8033 198 984 6778 2949 2084 8999 5232 7978 1382 327 4678 5591 1838 6014 1535 5793 4414 7826 1970 9760 6852 2786 7604 2587 2240 6696 8066 8363 2482 3542 4260 6340 66 6043 5713 9938 1504 7337 1461 7953 2511 1390 4961 1431 1116 263 6227 971 1243
3858 8330 8575 6912 3162 2772 2366 6657 1064 6121 3022 4910 758 1139 1224 5993 5555 5136 8718 5119 6044 3509 1318 1593 1211 7355 5212 4481 5634 9486 978 2733 2329 7967 3903 8915 8101 2918 1158 3383 89 4278 3702 8339 3710 100 4504 607 7226 5311 3504 6176 3474 3711 9660 7164 581 7303 6617 3868 7166 5823 9385 168 626 8005 5578 4405 5890 263 766 2140 7962 3047 6916 2100 551 6724 3384 2095 7674 7320 9108 3359 8124 7738 4585 8216 8539 4809 2028 3570 1224 5166 4396 7001 6938 9076 3547 2728
9700 590 9542 7531 1936 7083 4504 674 5334 7508 174 672 5438 2753 1992 1438 4279 8886 9216 3145 9102 3114 3551 262 6210 2498 5739 2129 5880 1689 5771 3888 1073 6674 1514 9186 2629 7678 8323 1307 4199 3191 2364 8353 1922 9956 1685 7191 5455 2898 7389 7870 3023 9995 9438 9502 8399 8910 3287 7838 4616 564 6285 6850 1581 9902 1176 3115 8338 6478 6925 5643 1559 9676 8473 5149 6326 9750 9617 587 8195 440 9188 6771 20 1293 9667 794 7409 1348 6295 5980 2066 640 8766 4060 1447 4596 1708 1489
9225 7575 38 3699 9100 7688 2795 8264 9043 1205 1463 8897 9215 4816 9034 3767 6593 9107 3923 3408 6589 2206 9272 7679 599 3290 1115 2905 6107 1506 3444 5647 9821 1265 6357 211 5680 2382 7022 2896 2727 3012 4589 6915 4961 2891 7545 5604 2770 7301 3898 2733 1999 2455 3398 878 5993 3673 1693 5667 4918 8695 4563 3717 2054 1898 5238 1102 2667 3642 6365 2028 9421 2817 4157 305 2743 4669 5488 2464 2599 2346 4131 81 3788 3411 7251 1007 7180 6238 8626 9177 6073 7996 5683 6979 1967 6421 4504 8891
9163 4116 3097 5171 8356 1181 3485 4325 9409 3353 1364 322 3523 4519 5606 6924 7316 2722 6917 5474 6991 3488 1362 815 3121 7441 1941 3020 7715 9045 1940 1251 4110 7342 4325 3653 4668 2118 4715 5380 364 5772 8257 2448 4811 2366 9229 4591 4546 5916 501 1819 1854 8757 2117 8650 5391 9677 3964 6216 5992 2622 4612 122 1548 8499 3255 983 3303 762 9140 5744 402 6055 8491 222 3295 4810 3903 533 404 6552 4433 4477 1297 317 5303 3289 5268 422 6175 3708 9149 9680 9744 7148 5329 1281 8131 7281
414 2818 3824 3930 8713 4415 1577 1434 3340 4443 2641 9836 8877 6801 1457 371 2466 5384 5506 716 2901 1895 9874 2862 3979 885 7511 4303 3165 7751 3474 7330 8799 8863 8785 6584 1588 9984 6555 1585 7743 9325 616 1112 6901 6393 6615 8313 9885 214 4861 698 4176 5167 3681 743 6421 3717 8124 296 6142 3058 1642 4172 8911 2221 1757 5562 8694 5309 4008 3370 792 7775 5867 3268 1434 2656 4848 9517 4227 1183 8869 7402 386 7062 6575 8981 4565 8289 4767 7315 482 8286 2167 8918 2406 3974 4612 4185
2427 8080 5338 582 7980 6643 3898 7657 8020 3026 657 7743 1103 551 417 4173 9047 5311 2424 7871 6442 7065 7210 5481 3965 8649 4676 8603 2555 3992 4631 2538 8380 8980 3790 9942 5330 7849 1878 450 401 5012 8536 9449 702 4136 7614 6618 2697 3140 969 6908 7213 9717 1329 312 4797 4033 8990 2832 3822 8836 5559 111 515 4520 31 6392 9098 3491 5352 986 2852 821 7973 9547 5685 6921 6736 9720 8783 9268 7623 5512 3269 2538 6262 5330 245 172 2577 5088 8771 7003 44 2255 7651 2925 9993 6277
275 1758 1265 8733 7962 9993 892 5532 155 4963 8340 7454 5562 929 4326 1986 2744 5509 741 9001 1240 8951 9055 6374 6269 4567 3647 4671 6788 8067 2462 6264 1586 398 4480 9484 1983 9534 3775 6561 1071 924 6460 5730 272 1347 9325 2192 8993 5627 9168 4135 564 1300 6256 2566 2438 6826 1876 5302 6376 6249 8068 5397 5396 368 709 9819 5658 3559 8131 6385 7668 8163 7842 420 2514 9136 9592 1126 3946 7907 7358 2484 2285 3178 930 1078 8518 6277 8476 5272 3427 2736 4090 8246 8421 6046 9145 7624
5273 159 691 3192 368 3983 9922 7141 4972 3825 3777 3103 843 5088 4553 5479 87 2496 7591 2722 3801 3628 6766 7993 1197 4154 5019 1435 9989 888 3985 7328 8819 4287 9425 9381 2397 1092 9798 8241 148 7576 2591 4992 6628 2481 4304 4937 8673 7081 1193 1310 2107 4483 1216 738 2551 3243 3305 3135 6246 5522 5553 3527 8955 7507 1139 8570 2838 4225 2497 216 9585 9754 9102 9314 2949 9250 3743 5152 8395 4127 2464 945 1815 3292 5215 1182 5251 6566 1776 9558 3037 8487 8838 7305 3831 1881 406 3812
6025 5067 4976 1234 9821 5946 5517 3318 1064 7141 4856 7928 590 5905 9951 2100 762 9197 1843 5587 3797 6536 829 5918 6258 8471 3120 9897 3414 3258 9627 3678 465 6809 2854 558 7945 8974 4562 9158 206 3381 607 2649 3410 4401 8500 1567 6856 9159 34 298 3182 2799 1076 2122 1709 6669 899 312 468 3813 8774 9177 2223 8064 6628 3753 2139 2559 6912 6748 9698 6251 4392 1857 3237 9804 6902 3240 5310 5875 5313 6069 4818 7099 5626 3657 2299 8354 222 653 243 4424 9100 9294 2688 8189 9964 3032
7233 4884 2843 1281 8704 8728 7149 283 8318 4931 8178 7870 4743 3866 4999 4179 3122 6182 9876 9866 9219 6965 1707 1895 8429 3271 2670 6142 2955 3989 21 9038 1064 776 4639 3721 9878 3549 1189 3031 5725 5542 9187 117 2630 6078 3679 1424 274 6663 7579 4004 5658 8057 5926 4736 9004 5511 802 8735 819 862 3353 517 7990 3920 7079 4082 3397 6744 9521 9780 4333 9057 8161 430 5523 6155 3194 7595 249 7622 9960 6560 4951 2637 495 4319 7890 1678 4546 2814 9526 8923 2671 1077 1705 860 8687 3291
3960 490 3464 4789 2667 2165 1738 9345 2067 4085 6643 334 8813 784 2548 4154 4240 2065 6072 1256 5868 1264 6637 5677 2292 7488 5336 3374 6306 1939 372 7894 8584 7755 6463 5209 8080 4826 8552 8698 4491 9860 1899 4717 2760 8743 3020 9986 1808 3216 591 8932 3388 5192 9643 1979 280 9791 3548 5714 7763 4855 8115 8951 2629 1713 7313 7946 5290 9776 7276 506 3044 6720 9576 8596 7713 5048 7951 4027 643 2184 8841 1664 869 1551 5831 7280 9360 246 36 3802 7332 7719 3808 7001 6789 2934 6063 7199
994 2811 1213 3461 3682 863 6498 9177 2747 526 9712 2735 2331 715 7229 5008 8768 5654 2050 8465 7243 4273 4298 7451 1496 5834 2558 542 918 1699 3670 1700 7274 721 4510 6568 5254 2037 4783 684 8202 8846 5574 334 8831 4551 900 7393 2025 9145 6529 1961 4641 8175 8478 7543 2515 1823 2342 2140 8581 9890 3074 9022 7121 4154 8208 4087 2531 3831 2281 1853 5537 2010 2123 5399 6438 9233 7571 2842 8409 8493 1863 3577 1002 6707 7823 2308 690 5859 1044 9826 4963 2899 9071 680 5347 8857 9638 9021
3990 5062 1101 8228 2728 8943 3544 4457 7631 9107 7645 5930 993 1917 3625 2574 8398 7600 8350 4087 1475 4777 2338 4477 2861 2895 4588 8626 8741 7592 3136 6195 9654 2272 9555 107 7013 7664 3151 3186 4490 153 5594 3672 6531 6078 5238 7007 2256 6519 3380 5651 8960 1639 8934 8385 2961 8736 989 1576 3057 4082 4935 8928 6272 5073 4910 8135 6593 4047 3498 1164 6369 8402 2710 8406 4463 983 3008 2739 4265 9286 5255 151 9998 402 1677 475 8128 1973 9569 5852 3905 3005 7023 7038 2534 3718 3001 1771
7668 7501 3231 8866 9227 8800 7218 2645 5809 8106 323 5462 6664 3482 2791 1557 5578 2545 9942 6634 4666 8709 3491 931 6052 1884 4585 7364 9766 6656 7864 4832 1151 9258 5323 2099 5141 8330 4862 568 7511 8727 8162 586 2940 8934 3626 6934 7072 693 1416 1964 6538 5083 4765 5053 3342 9347 6222 1847 4133 640 3143 8273 6927 6077 9746 3277 6858 8342 5853 3292 2658 8720 7362 8130 5693 1807 5350 5135 6004 7934 9742 116 9126 7664 3194 4080 2803 4491 2177 7984 3318 4929 7086 9116 1349 2219 8338 3645
2823 7816 2168 5423 8121 8707 9860 2782 9728 2673 7506 4608 3842 5347 9840 5082 3453 1728 1243 8702 3294 2713 726 5506 903 5104 1729 4545 9059 302 5457 5227 542 6555 7546 6685 5982 3766 3414 6625 4328 4572 6193 1076 6387 5653 2454 8507 3251 1485 2938 4832 8 883 2118 3644 8557 2048 7474 9389 2948 8377 3147 3123 5645 4116 7673 432 7274 5125 713 1404 5627 2214 3407 8976 9622 1307 1650 2749 7220 2605 1903 4118 7748 9247 4292 3415 2372 2861 3114 3737 8932 2238 8846 4962 3324 4834 1366 7303
4549 8152 1641 9486 7500 1074 5088 6593 3860 9765 4542 5481 1887 6573 1101 8715 5467 4025 9504 6937 7834 7968 9292 8640 3961 8686 6013 7715 9379 993 5145 9438 1145 7239 4433 6818 2249 386 9761 1215 1589 5285 6628 9046 1174 3114 9498 1451 8871 2201 9435 815 9278 4723 8998 1470 322 8963 8946 5625 1622 3446 3731 8340 8773 663 7852 446 1688 6022 6286 8564 6241 6399 7155 5293 1159 3838 5 1375 5522 8863 8230 7936 5068 8779 5450 6416 9383 8695 8035 2947 8564 7015 6656 6322 8286 1899 4993 5547
7973 6756 6557 572 9532 2025 3072 5429 7932 6847 6869 2598 9075 917 7061 2816 1342 7104 8371 7568 2981 906 8224 4473 9463 601 7424 3921 8851 2234 8523 3270 8641 131 7711 3086 2552 1864 5491 9177 261 8466 2770 6499 7409 1334 6802 2110 1190 5292 7184 876 2170 1385 3997 6540 2295 580 3235 8210 5604 9732 3926 491 2261 4658 2596 3755 5348 556 3419 6920 9068 8170 372 5407 6267 7940 9950 8724 1497 1499 4922 880 8767 2716 7971 1797 5113 2999 2523 968 9386 8430 674 1915 1495 7646 440 6016
9107 9827 2807 1241 4752 785 823 7134 8689 8357 3693 4641 7076 7989 4118 4642 3988 8608 6531 7217 7182 6676 1494 5419 7041 3393 4650 4216 2600 9319 7441 4000 9569 878 6312 9163 7268 6217 5594 8785 7462 4388 1268 4497 5432 7745 9496 7589 8760 2568 8714 9047 6921 8031 1280 1202 7232 5487 2003 6562 7278 5660 1798 1304 4392 8567 6159 9859 7752 8553 9539 9181 311 8620 5151 4914 3476 8920 8041 8001 5772 6352 6004 1916 1144 1097 7961 1173 4761 1981 5927 8170 8555 3362 1109 3253 400 8044 4393 6496
1581 1902 8419 8628 248 5915 1182 1006 1356 2584 866 1732 5371 4564 1464 6661 8768 1008 4404 8322 8071 1038 2922 700 9167 4565 6580 2129 2385 8994 1935 3396 5449 3414 521 4546 8316 7085 2811 2943 414 9678 7450 2529 8583 3151 8364 9475 5541 9916 930 7706 8413 1678 6822 7972 9117 3337 7168 7709 6882 4388 8054 904 4779 8204 6806 5371 5759 2248 2543 2511 8179 5029 1602 4258 3070 3677 4639 779 2609 5916 5710 7983 6042 4754 9135 9997 4981 5829 3344 3952 2893 3983 2120 8114 3365 7497 8471 3077
56 805 8522 9270 5552 563 5512 2229 2679 6854 953 3494 769 5605 606 973 3427 6372 9270 5235 6727 1658 9142 753 1790 6248 5379 4879 1435 6659 6876 7054 9762 9499 716 3487 7738 7111 2599 6829 222 869 517 4598 8164 7593 5016 1850 7674 4041 899 8353 3200 7003 4710 2049 1289 5242 6589 7916 8999 6028 4782 7351 8361 6258 478 8849 1492 3796 289 7989 7313 9927 5695 3204 6812 5857 8116 1530 724 7238 2972 2078 1153 4233 862 5219 9103 8996 3427 9387 7590 8763 9446 3841 9743 3166 8307 6267
394 9785 6730 6796 7633 5185 6747 2725 1079 4211 5535 3704 5471 2420 2014 7702 5898 8746 7377 1976 4295 8410 3016 3744 6052 7474 2739 3670 614 5511 2686 7727 5098 8907 85 9267 5117 7434 521 3183 5387 9523 3386 6304 8967 1681 7477 2503 2405 9982 6216 6199 1018 5028 5124 4957 3025 1844 3186 1233 8863 5060 4968 4699 9722 2601 2209 2661 1338 4506 1115 6972 614 3814 4157 1760 9055 1155 434 2573 6724 9216 101 3170 543 9183 65 2794 7220 2057 5361 5783 8718 2035 6903 3617 5411 6643 7727 8821
8334 3341 1755 7175 2191 2229 8907 9164 3948 1784 4893 2827 1732 7751 5069 7809 7197 5477 9463 2353 1470 3999 6165 5133 700 7861 9319 2208 8091 7714 5777 2907 1344 3148 2650 4106 8784 6372 1020 7642 5053 8546 8431 1253 7768 9709 7792 6159 523 2262 1114 9242 7922 5099 6265 3373 3108 8747 5330 8072 7700 4562 8471 3171 2356 2066 9553 1517 9671 4589 2043 4554 5649 677 8286 7521 3645 6041 2502 6266 3710 3277 4594 9011 9029 1295 1177 9123 6954 3328 2553 6156 6954 5415 2201 3711 392 1442 3537 1993
2488 7577 9463 2805 5565 1912 1164 3738 9794 7199 8770 8105 9102 1775 5545 8501 4979 7931 660 2558 5190 4462 2318 5471 7057 3541 3594 1526 8355 3482 8704 7873 1352 7881 2509 5237 3079 2604 2634 877 3964 8101 8229 3578 740 4158 5283 6157 746 6987 9332 5247 4734 6624 2565 7800 855 3779 6783 5148 6714 1781 3001 4353 5488 4922 9440 7398 3941 5098 9 333 5535 7359 5751 2389 6976 8925 3279 3053 6750 3367 3543 8720 8034 1344 917 3875 5277 5236 1903 9784 8077 2844 7782 2251 8165 9582 8691 4630
6971 8915 4154 2408 4634 3047 1295 4663 9637 2487 5536 6654 5531 309 5095 8660 1820 5173 8817 6533 5589 8682 5918 5479 5130 3433 992 1375 9690 1528 9121 2264 7431 5424 2252 4490 8818 1869 2101 9065 2802 1121 214 5183 5410 8502 3024 2064 8907 4613 3029 3214 2447 3963 5058 4139 8399 6342 472 2071 9787 2423 2788 8152 7996 2754 7514 4292 8618 8426 1126 9309 2535 6606 9444 3005 103 4113 198 207 4962 7128 5394 1177 5629 3509 424 1994 9138 8720 7854 8721 5771 9990 3722 2081 5660 2772 1384 3772
7602 2286 4660 298 6527 2555 9820 7176 7478 8342 6730 8826 1143 1259 3638 2881 8368 3223 3967 8902 441 2551 6102 1630 8967 4342 7242 2839 3494 6167 6435 2434 3662 5773 5789 6084 5469 2675 7547 8057 8520 2470 1010 8877 5104 7911 3037 8677 1607 5303 8587 3380 3072 1915 6259 6869 3970 3211 307 1496 2738 9585 5552 9521 8986 2403 4214 1973 7035 7814 3297 3331 2199 5633 8364 4711 3123 9751 4381 1607 8707 355 8925 6015 5956 8340 3153 3692 4297 6617 687 5281 7290 483 8898 9671 2306 2762 2960 3187
6474 4015 8154 3032 9193 8403 1723 625 8066 4696 5734 6393 2688 6941 6328 3621 5036 2147 1412 1752 5832 5894 6921 6916 9416 9992 3985 3010 9327 3760 7406 4001 8365 1279 6150 7718 475 1430 5362 8296 9424 3913 930 2627 6961 756 4674 3992 5392 8264 1674 3705 1935 9776 6549 2585 6855 5484 2974 8934 3518 5915 554 9580 1395 9197 2051 1710 8352 6196 1791 6622 5583 4055 370 9699 3606 8185 785 7260 374 4134 9013 3919 2220 3710 3330 95 3582 4398 3047 3710 5893 7217 1422 2763 4159 380 9810 9924
4677 4073 3712 9305 1176 982 495 3409 9584 781 8725 5740 1177 4999 9831 7988 5964 2918 9934 3357 4472 5267 6894 2615 7895 7704 477 3053 2049 2574 3360 118 701 3959 9554 9665 481 7827 3531 573 3319 835 3210 5697 8420 8256 7095 9796 5660 7391 5280 4299 9557 8000 7058 9190 8593 2437 9880 8091 8222 9998 5873 2252 9698 3250 3059 8080 4844 6101 9894 2047 1373 6715 607 1383 5241 7212 5208 9033 7527 7745 4505 9988 9029 7806 774 4038 7260 9902 4256 1644 5806 730 6695 1191 2207 2378 639 5741
7759 9081 9758 9765 7188 3903 8797 8293 3833 561 3533 2442 1165 261 9046 5393 5513 9781 2315 608 6290 9125 3211 3297 3433 5176 6417 741 2087 4658 5110 2237 2997 3224 6326 3271 8049 69 8639 1905 7325 3316 8087 5674 8231 3848 4590 7580 5222 3470 3106 8257 5922 3861 2964 1405 8347 7139 9240 4111 535 2485 533 8397 9080 2322 4302 6515 5952 157 489 1223 6927 8629 2537 6580 9992 1784 6748 7725 1416 5962 215 632 544 4908 5493 3060 6239 1365 7980 1886 1317 5325 7243 544 6032 9608 5427 5821
7294 3704 6856 2676 5168 1612 677 28 4785 4049 6250 5549 865 8959 6140 172 7213 2581 7091 95 146 7546 152 5469 2194 9849 2972 8633 3761 3837 9013 3394 4766 4005 155 5135 5920 4515 3984 7175 7182 2090 3173 9485 219 3446 9151 681 8146 1649 4030 5460 2612 6440 8131 6657 5552 9996 9120 4784 7525 5104 5601 1410 1956 7643 5516 2262 7442 6422 6199 5868 8084 9129 885 2154 1683 3650 5101 7489 9791 1975 4654 9991 4348 9201 667 3373 6605 6019 8116 261 6168 5570 6288 4147 1062 5789 7361 4403
5895 10 6121 2847 6875 2445 6835 3348 9756 2529 6000 5991 209 9737 6322 1005 7238 5633 5294 7131 2452 2825 9983 8388 9250 1913 8216 6262 2025 7262 8780 4341 7159 9860 9510 3832 1617 7338 4242 3781 8002 8129 6778 1814 1499 297 8083 3482 8878 4804 5557 4947 9777 9996 8592 7313 5298 5764 8332 9866 9894 3519 7438 4565 374 4594 4192 4150 8684 3823 8532 5195 6296 3289 6828 7126 7236 7972 4945 5168 6940 7514 1884 6815 2452 9198 8452 5282 2483 4329 8894 9246 6329 5971 2242 1545 2822 3983 7984 2528
3584 7267 2282 952 5173 7232 8594 8962 9304 1142 4143 5487 2574 3508 6238 9410 7006 8762 5655 6528 5300 4840 2460 6760 455 4597 3746 7160 3720 469 4885 9476 6866 1677 2662 9258 7205 1567 8397 9273 8444 7199 7799 9207 9120 7201 684 6296 9961 6643 9359 5191 6633 189 7329 4963 7930 768 3640 9548 3780 4044 2772 9041 832 2757 6536 6652 3776 8645 8541 9344 7652 2840 312 4439 229 7444 1936 433 601 1774 2002 8555 6183 5401 2335 1129 8331 8359 1863 5986 7687 9900 7428 1912 7113 4998 8812 2580
1722 1171 4101 7227 100 1623 7003 2520 3711 8642 29 3625 4131 8806 5208 1220 4879 5158 298 327 8433 9488 3794 6458 1304 6628 9977 362 8843 6613 2169 4461 5370 3082 9628 9415 6804 7 3410 5550 6090 5255 4009 2780 2203 1263 7375 2325 2390 9954 6648 8047 2589 4515 5252 292 8171 1682 7878 7413 1360 5118 5662 3484 482 9627 2482 3863 3519 4965 3904 373 7677 697 8793 7575 691 1066 8562 4649 5809 9189 4706 253 8588 8292 7585 7510 7345 7968 4644 8513 2786 6136 624 9673 8241 3679 1785 4260
2953 6577 2503 6072 9068 3286 2467 8959 8530 3426 1232 3950 8202 8706 4212 347 1208 3 3820 3210 5087 1498 9944 182 3612 4061 7138 4560 8456 8101 2537 39 3471 6254 3342 2506 528 865 4598 829 3121 7423 2155 9755 7521 230 55 6631 958 6139 2813 3733 255 2821 5151 3576 2022 6963 5583 9471 9843 1122 3236 585 3895 1463 9178 6423 1409 2483 7941 3613 652 8392 7677 1330 2316 3243 8856 9154 269 7246 5405 4329 4388 4359 8652 7086 138 9098 5243 3612 2838 5773 6178 3066 8979 7870 5412 8877
. 97 413 531 957 763 105 27 656 790 541 628 766 196 229 580 853 160 652 927 997 80 576 231 543 169 676 864 199 27 502 720 387 784 828 217 991 191 960 350 632 497 980 131 142 970 417 . 4491 3742 3868 435 8768 8264 7633 6140 6010 4562 3273 5522 9870 2870 9620 652 8734 7628 4683 1188 4264 5815 4209 1124 4943 7272 2829 540 7335 138 725 2492 2123 3168 3313 6966 1344 5959 3629 2557 6286 6873 8848 920 3469 2602 3941 8569 9013 9801 3581 9305
9923 115 2166 1972 5565 7004 4693 1306 6732 5833 1188 8196 9143 2249 2393 3274 691 2438 7124 3195 5382 4372 2539 9710 9622 4398 9494 225 3953 2340 7762 7376 9617 4768 8029 7575 7351 7551 5380 976 2830 3857 2985 1343 2250 2013 2441 2759 4664 7499 148 6573 4164 8754 533 8407 2218 3952 6112 8946 2203 6026 3377 8238 1598 9282 9895 2037 7410 9202 6164 2378 8917 2304 1665 1374 1229 5246 1847 8291 9604 6902 6831 4648 6944 9621 9521 3044 9989 1078 4953 3061 5546 6682 2314 8886 7453 1042 3705 1426
7331 4814 4520 2161 306 7371 5408 2321 4150 323 8261 5316 7879 6057 7691 4051 8607 3301 6500 119 9937 1796 4971 5809 9949 3711 5753 6873 7606 3801 5383 9805 9531 5889 6055 6951 1523 1548 520 8844 4188 1186 9363 4868 1070 3451 9717 9034 1628 3714 3726 2095 2965 8567 8799 3197 3666 7438 6692 6033 1274 382 1300 357 1818 6346 2109 1285 1936 9717 8818 526 7724 8120 9914 2484 2359 1658 1987 9049 9728 9627 2488 5133 294 795 6614 3026 2591 8440 6000 6498 2836 557 9540 3468 9998 9107 111 586
8788 2699 3688 1140 3827 3356 667 9646 7777 9392 5059 2318 3633 661 2898 9827 5632 2755 2804 2702 9592 7419 6440 1308 2630 9889 7499 2154 3894 799 6145 3100 3214 5280 5194 6028 6770 3156 9756 342 1972 7648 9281 6266 5250 8122 5423 3604 1215 4868 5493 461 521 6269 5391 4835 9230 2089 3569 9430 4943 4155 6441 6350 9359 3344 6347 3681 6608 6444 819 2857 2131 472 5645 6462 9772 668 6454 2787 4584 4489 5313 2381 9750 4425 5709 7752 5447 961 5163 4932 9460 9884 24 4932 1455 459 2238 7390
3012 4246 9970 1404 6241 3025 1538 6727 6577 8759 2301 7616 3963 7216 565 6846 3009 1855 8995 3414 2500 3846 6941 1246 1642 6161 7303 4649 4260 6597 3989 2877 2015 4620 7971 7786 8061 977 597 1576 1212 7049 4324 6045 875 1946 8395 2995 383 1092 8569 7954 7998 750 8584 5115 6968 9616 2389 8369 8123 6680 1003 7159 3789 1887 9848 8046 9148 4882 5993 4983 8643 1521 5681 8224 2586 4929 9039 6863 6591 1429 8243 201 2916 4693 5992 3414 4212 4241 2336 8543 4128 2263 727 5264 9089 2236 1904 4366
7745 8339 9534 9031 358 4661 6498 1411 2714 5121 7020 6682 47 7058 1663 1274 2796 2848 5759 6324 469 3684 2803 8309 3126 4982 8397 4517 6090 5596 5181 3169 5937 5157 4039 1072 7334 3420 489 7511 9807 4041 1775 7932 4556 4531 3881 4860 686 2606 179 3950 4426 7085 433 1034 3973 7245 4431 8502 9017 156 54 7299 4717 3417 9995 4219 8057 1285 1874 9736 7870 4138 619 4274 3029 8407 159 6678 1579 9266 9718 1333 1160 9083 5568 6408 2113 7249 8422 9460 2036 6482 5941 1705 7924 3697 2635 2384
4331 1861 1208 4315 4803 9161 5146 8746 9732 9019 4208 2210 1078 4271 6053 2919 1695 1796 4481 8854 887 2077 1535 6169 34 4887 4173 4146 102 681 3626 5873 3668 1170 3693 6601 8035 3043 9249 4891 1000 341 965 576 5465 1243 2370 7390 1875 510 5793 764 1647 4238 8564 2063 971 8808 8324 2111 8355 9740 578 1653 7324 1244 8852 2130 6326 8317 5612 2131 2955 2023 9264 9546 7042 1888 9666 7890 9505 8613 2623 4301 186 6079 1279 8781 3606 8165 5581 863 7554 2197 6149 5912 886 9095 4068 8997
2985 7933 3484 1403 585 4688 8551 9083 6227 1972 532 399 8315 7202 6853 6451 7405 9129 6103 8964 794 8960 6316 280 645 7358 174 5425 5475 8030 7376 9131 423 8953 1402 2224 3188 4039 848 5711 8588 3518 2662 3324 9302 1036 5160 4583 2306 1248 9696 4392 3472 9291 5353 337 5776 4305 1761 5394 5936 1836 2426 6760 9375 4651 8350 7144 943 6787 6734 3762 4868 9142 4938 7248 1841 3347 8813 9757 3115 327 3142 3777 2837 6400 8073 1065 4058 3087 586 5303 8093 886 8545 4804 6287 3452 1696 5660
9400 9784 3522 7607 6718 494 2962 4075 7802 6925 9502 7767 5226 3893 4639 9013 7421 1762 3321 2763 3918 9216 2689 3771 317 1478 8612 9255 6283 6850 456 5636 2918 7624 3987 8091 1707 5811 8275 2344 5545 3719 8557 8039 9198 8961 4870 9724 4137 5594 2225 2510 5765 9400 12 6112 8429 9180 5635 5221 2081 5614 1680 2561 8689 5181 2240 610 524 9591 2142 6489 2059 5452 5709 6776 5082 6157 3623 9225 6924 7920 4121 9818 263 6697 4646 6261 4440 3756 3212 7846 641 1189 726 9165 2540 6605 473 7902
6756 4579 6836 783 1669 1238 2887 8350 506 9707 146 5419 7000 8140 8027 4943 1637 8523 5686 3592 4796 7007 4057 2182 8668 2907 4312 3553 3123 5088 4039 2031 9171 7001 3072 3171 1244 4742 4865 8554 4947 7493 1809 9099 5939 6827 9688 3092 8572 7458 1018 7114 7346 8290 2070 8829 5709 1213 5129 6600 6680 4327 4788 6909 1079 4262 5364 7820 1527 4935 8394 7531 529 824 5571 514 8030 5508 7039 2186 7455 6794 9214 7853 5416 3793 5495 4488 6282 4338 7805 1941 7968 4781 3424 612 942 2167 6726 8947
8189 4719 133 64 8837 3174 6689 9318 2004 1789 250 6147 4129 8324 7117 9570 3237 3628 8981 4984 8489 2833 7220 7624 2952 2267 6187 1477 3503 3847 8464 4803 6425 9025 1851 2616 8315 5398 3445 590 3565 2084 5578 8894 2466 7385 8504 6961 5416 8086 5485 916 9514 8542 2721 6278 1942 3140 6996 3345 5082 4558 3806 4277 8175 7661 9870 3115 9092 4074 3584 3581 6219 7365 8599 5162 9206 7108 8568 2823 7942 8572 216 3641 1856 6259 5993 7051 1876 8722 813 8558 3731 3908 6247 3889 225 8727 6099 2069
6492 1065 8750 2731 6797 646 4451 9849 1428 1198 1448 7715 2118 4992 804 8898 5051 6870 4919 5719 3894 5578 7077 5105 3559 5299 3518 22 3187 453 4768 7228 9656 8193 4594 5003 4578 2418 7159 2627 8718 9506 5166 1829 1300 4505 368 1055 6416 7204 8500 1079 4273 9235 5492 1941 1078 7321 6768 5325 7870 4849 1219 8291 4357 2783 4306 957 6842 7048 4264 4566 4905 9244 2168 9889 2219 5380 6399 217 7152 3602 7831 2289 6736 6576 7825 8839 9863 6660 6021 5517 5519 7395 5556 8986 4142 2773 3778 1636
5960 6260 7467 8522 1743 4480 3301 549 7120 5255 8392 3005 2756 3493 3656 3937 3546 13 1233 9492 2576 5895 2974 3847 9867 9591 7073 3804 6688 3879 9622 8532 194 2090 4301 5882 9985 8899 6451 218 1908 628 9999 9640 2452 1196 2302 7845 3560 3146 4349 6181 9379 9745 5278 3478 8172 4351 9274 9857 3675 6838 8539 6649 4299 3416 7193 5304 1983 5868 1073 9369 9134 5416 1241 2258 4553 8109 2962 4764 7829 2032 3683 2891 7556 1710 1183 5343 2013 5605 8554 483 9433 3018 5439 6505 179 8125 8904 8346
909 2675 3566 7242 365 6117 577 2983 6601 8916 9055 1461 6426 203 2077 4397 7212 5250 146 1426 1700 1008 6127 7035 9924 3787 7880 6549 5843 3084 3130 2096 1266 9283 5184 7296 9805 8479 2568 2080 957 7399 3314 214 8410 1837 8255 7615 6394 553 839 4064 7545 5053 7809 1671 2741 3935 709 7840 5747 1487 9137 461 4119 649 7270 130 1230 1741 8450 6860 2439 2860 1444 7515 2532 1961 7966 7945 1527 7790 7162 2730 9269 5890 2725 7163 8514 7940 4616 8699 5428 6237 9244 1049 6697 5681 1158 2408
879 5739 8015 445 1963 4542 2169 9691 9801 8150 3450 8553 2566 9789 4269 4226 903 6108 8009 766 2793 2562 76 1478 790 9497 5453 5975 6712 8771 7689 6948 2409 3775 9692 8613 1381 1386 4078 4433 8174 4833 7535 5334 7699 1980 5911 319 5742 293 8347 1884 4868 851 8809 8449 9709 8745 7047 7238 2848 4977 8577 5857 2876 9516 2829 8754 2478 939 9688 2955 9339 7370 6976 4917 891 3572 2745 8034 5567 9464 2327 3706 1570 9900 785 3706 8438 1722 3495 9435 7305 7693 6514 2379 9003 6913 5134 3462
5892 1460 3107 432 7276 2203 3680 3306 9762 6565 8173 9284 945 2534 8319 5637 7229 890 7629 4950 104 1704 8487 1870 421 2806 8282 6662 1313 4705 3728 6279 3095 7357 5311 9515 7303 6744 864 9271 7079 2849 3323 3964 3771 3605 5965 9729 9607 9558 4360 1367 5739 4230 9506 7378 7656 7762 5536 3617 1178 2808 861 8677 143 2317 5130 7562 5702 9624 7827 1148 725 6349 3422 3559 3005 3963 8815 4514 1767 6798 6272 980 9951 9050 810 2221 5553 5312 6518 5766 3635 5339 563 3005 2932 3784 1133 2429
9262 503 2569 9639 6658 3234 3361 5391 5340 5421 5926 6549 3030 1308 9790 6394 4636 70 1810 2254 80 7120 2717 1671 439 2820 2043 1553 1444 3831 7723 8455 2099 2703 7421 6863 9025 7838 9799 5745 8834 6958 6267 3168 7027 4875 5712 4410 4031 1401 7188 5591 3672 1967 8186 7173 8270 7646 2865 4471 4199 9394 9578 9452 6903 768 5899 3027 4580 4220 7809 6911 7765 2789 4456 366 9551 5917 9888 5755 8972 4193 9426 1851 8175 2875 2045 3288 6611 939 4881 4594 7611 4885 9281 1233 4708 555 8200 3422
4922 5889 5078 1196 7805 8556 2373 3141 902 4510 7156 7560 4929 165 3399 9037 5955 2083 4544 5961 8618 1231 4404 9941 701 1690 7396 9390 1742 9700 383 7270 9820 4456 7240 9721 2406 5125 7148 8359 9959 6546 6571 9287 9199 8249 5889 2209 9010 622 3365 4168 6723 4087 5549 5028 8171 943 8938 5287 4161 3077 2705 122 483 596 8840 8368 3632 8345 2515 9707 8430 6352 9996 9608 5664 6596 8871 451 3810 8281 4274 1416 6173 5808 25 7747 7937 1751 1156 6273 4747 7715 466 4253 1921 3883 1795 2829
4202 6261 3406 1412 6469 752 5338 6366 6469 6732 1030 7046 5314 2141 4462 5936 5675 5954 7137 7611 5655 3583 2985 275 3512 720 5063 5480 7005 3293 4326 1469 3530 1376 982 6049 3334 1222 3189 7439 7612 4434 2775 8442 2551 6436 1402 3675 4230 276 199 9226 7973 2224 4352 2723 4142 1668 399 3057 4193 9474 5669 1318 4875 1668 9620 9902 9715 5542 5661 2538 169 2520 1044 4514 6740 5093 9612 1815 1883 7976 1820 6685 8579 2967 9018 8440 910 8119 9355 8650 7571 2198 1512 8736 6744 8027 2318 8992
531 6364 8581 342 9835 1125 1011 8857 4256 6753 4794 5378 3198 7727 8971 2415 111 1729 6515 5682 6821 4105 9134 7485 3904 6873 8782 9495 2694 1273 7880 9583 7792 5694 1141 2716 2516 3682 4702 8219 8669 9783 7002 2202 5591 6423 2527 3047 7070 5954 8018 2915 979 3448 6153 5037 1930 7115 8544 7148 9137 7439 9001 9055 8768 560 7763 1557 7169 6347 3013 3542 857 8892 1195 1203 9119 4688 9519 4869 9810 1631 5275 9084 7370 5155 3660 2221 7034 5133 7519 4518 3522 8261 606 6016 9217 7215 3765 1554
4265 2550 8738 7628 2272 8871 118 7137 3696 4156 4931 7224 368 3100 3943 2199 6357 7066 3013 3332 5697 7257 1213 9294 8355 2122 5935 6802 9466 8557 2225 9364 3884 5991 4804 183 7107 9387 2832 6051 4160 7667 9966 1549 5830 6248 8955 1876 7118 3595 9352 9198 2005 5216 1416 2446 7588 3787 456 5382 2306 579 6024 8724 5269 7576 3378 7376 9116 1680 5977 9314 9782 1388 1596 2790 5884 2294 2634 5616 5900 9776 4576 8171 4191 8542 5095 2937 3828 9962 2136 6857 8844 9232 2586 7573 840 9811 6052 4037
9220 9280 3000 6333 514 4355 4461 5516 3267 4731 904 5370 728 5178 9808 6780 10 5012 4116 4262 5566 5231 5508 4702 7074 4515 5502 1184 2594 1963 4422 6856 7600 4331 2272 8904 2654 589 7345 6175 8621 6722 2277 5756 2160 4615 5147 6986 7857 9746 3746 9564 661 8696 2600 5812 4833 3434 1104 9086 3948 2782 3641 5775 53 624 693 38 793 929 6052 9278 5846 1279 7623 468 790 1189 1751 138 7074 7624 3284 6014 558 3035 4700 2134 6838 5936 7339 4804 3197 7401 4496 6451 8559 4251 3634 4905
1596 58 3619 4295 3497 6702 2779 1526 4292 4646 3386 6804 3590 8249 9660 6483 9175 3591 4251 112 5280 5529 7483 8872 7260 3044 6305 6491 8532 5970 6573 2067 2349 8971 3081 3716 7495 1268 4460 7849 6980 3750 2187 964 8682 7795 9514 2108 4906 4545 2059 1311 9394 5320 290 8711 2927 2101 6113 7449 7319 2065 5394 9067 1222 7717 9414 8595 640 9291 3655 3332 3729 5100 7800 7790 7659 7784 3892 6610 4181 9696 5203 8821 9970 7407 1387 4374 8381 6921 9024 5351 2475 9914 7 3132 1166 954 4162 9287
8845 3957 6521 4257 5575 9166 5490 6288 8909 6217 742 3388 9533 2643 9670 7237 5552 5097 3797 4936 1692 4038 9013 8459 6989 3754 2063 1485 5319 5247 2868 4703 9437 5557 4181 9720 6685 7621 7910 7833 7719 8859 5978 1013 9565 1812 4473 574 3310 5372 7181 3084 4792 8234 8129 4653 6449 5640 7773 2320 2178 6191 6483 9727 854 6159 7497 5220 4942 5013 5356 490 3222 3403 8964 2193 9368 6450 4892 1653 7863 8500 6472 7984 9626 478 7109 5336 5293 6995 6764 7804 2801 7670 2252 4136 5182 8259 3517 5321
4092 664 2948 7934 1123 7283 2 1300 838 2848 6581 3958 3349 9043 769 3326 4516 3441 6446 5728 7839 7160 317 5103 6951 9058 8322 2685 3900 6772 9899 6860 7791 4920 8991 56 3116 6728 6823 9891 8792 2773 440 3668 182 7924 8401 2918 1335 2902 8279 2809 8144 8913 7133 4979 478 3463 525 5568 2982 2459 3654 5076 7751 7524 6179 1886 968 7343 446 8708 3091 1914 8219 8242 8032 3046 289 9138 1253 3858 1483 6491 500 9463 6827 3047 2398 9901 6505 9642 7281 7319 8959 2139 7232 3252 3933 1022
4211 2907 8288 4689 7544 4491 2248 1428 5968 8386 1916 9984 6769 7135 5371 7471 9733 2103 2623 9195 8510 1516 1703 331 5045 861 5600 9319 5706 7073 687 3831 3831 160 2384 1221 6971 1038 9116 5364 343 6210 4483 247 6619 703 1383 223 2186 980 4508 1829 6586 213 9346 6805 7317 6882 8272 4949 2591 1750 4284 7747 7343 4664 2745 3989 814 7709 8661 7555 308 4798 639 7519 7004 8710 2382 2612 4975 903 260 6054 4892 7452 5969 5659 2264 9511 8761 985 2809 3482 7778 2952 8836 7151 3481 3410
3021 672 5041 5450 163 6143 6216 3911 2015 8776 9801 1342 9038 4087 4964 3597 8095 3339 6022 7339 24 5548 8115 924 7489 6293 4520 2930 7284 9716 7105 3489 5918 927 3376 3820 8126 5956 6933 3556 9393 2412 1390 962 1513 1737 2177 5214 9019 1124 5197 2519 1411 147 6279 3662 1022 3408 8635 6108 3396 7058 9918 7044 2460 9761 854 2451 5354 5088 2060 613 5096 9361 9557 6702 8396 4820 2685 974 161 2878 542 1574 8480 8835 3677 2893 2891 7175 3586 3459 3944 7244 80 8025 9650 6881 7008 242
6708 3060 3027 9248 9584 2412 2082 2577 5324 982 9756 7947 9519 6624 8710 6449 7616 7573 8838 338 891 3774 4547 5876 5638 6072 2948 5516 5735 5159 7281 6552 5723 9385 6238 4065 5334 7194 6233 5339 5534 4841 3514 1907 4683 1829 1396 790 4752 6188 6447 6520 1215 9680 1152 7875 9579 9747 9282 1529 8193 7901 8833 5297 2492 1568 4889 6389 8946 6572 5096 616 9099 5293 7658 6464 1417 6629 3339 2939 8315 1797 2957 3535 7694 4191 2445 2265 9309 5995 7465 7558 363 9594 4611 40 369 8510 5299 5282
3211 3557 8961 7815 8213 4149 4413 6263 4811 8909 9785 444 8673 3753 4884 8847 3588 1669 9687 9926 3638 4029 288 6178 5391 7907 2763 3202 4512 3750 2436 2483 9902 1329 1078 8956 549 7908 4276 4423 1526 2179 774 5507 5479 7965 4352 4062 2723 1534 5343 3319 3014 1608 6110 5235 6764 5091 2609 4022 2727 8248 8419 461 7152 6135 1646 1249 7219 1481 8247 3003 856 3250 226 9093 5087 7946 6186 2560 4036 5239 1584 179 820 8439 1400 8464 273 4210 2503 2645 8433 1367 1672 5755 5494 9463 6863 585
2618 5283 361 8694 5635 8550 3248 6291 1844 9646 7927 7669 1757 2505 5900 448 4524 8383 121 4590 7369 7118 3953 6156 9032 1337 2612 1536 1993 6919 5765 7630 2055 3860 6589 4194 7490 1610 7377 3377 1253 7844 2022 6100 3941 1966 5780 8612 5352 976 9337 3636 5720 6778 7857 2738 2033 8696 5580 6412 8191 9942 2730 4166 9516 3256 6376 1312 3416 1783 8166 6348 3576 6855 3623 2689 625 8181 1051 9045 9927 8003 2076 2764 3827 3941 3211 7834 1860 8074 1934 165 4510 2350 902 5046 5923 7480 2792 7334
4025 1770 1084 1373 9910 2602 9440 9643 6349 6370 8848 6940 1658 2535 5392 9315 4749 1411 9359 6917 9312 6483 8940 5899 376 5988 7373 5294 5792 3091 2567 2947 528 4154 18 8666 4592 6639 327 2654 2811 1549 3886 8046 7512 9519 5141 5079 7914 5861 3776 7958 390 5782 7319 9570 9077 2785 9389 2614 7532 634 5695 7339 7681 7117 4810 3506 2591 8353 3573 4346 3176 3079 4690 2960 5357 177 5221 8450 6280 9255 3412 518 2643 9752 2545 8162 4132 3698 4905 4605 92 5576 2844 2486 6551 5132 6486 7382
9722 7107 1606 6055 5856 7721 2059 6714 7724 5040 7533 2398 6710 4506 3144 4692 1323 6333 9592 785 4741 9659 5159 4888 6418 3163 5817 8286 5922 6091 8979 5889 6333 3146 4281 4580 9915 296 9564 3615 8020 8867 6304 4763 7874 2974 2667 6643 6584 4216 6088 1793 1542 1849 562 6184 4227 969 237 2811 731 3270 7823 7047 9793 1800 6293 4570 2045 7856 3158 9685 3585 5719 3926 8111 5 7188 2026 9067 3093 5831 6184 3100 6959 7418 6168 8232 6782 715 429 6414 6617 789 2 9754 3095 6786 5092 2479
4030 4014 6908 8700 4842 5633 2103 7159 2735 8159 4442 2334 6831 128 3805 8732 1509 3934 282 1389 1713 4267 2717 2475 1454 7421 3041 9216 1873 1789 6309 9965 1610 3089 8163 3119 8625 810 2822 7047 6202 945 2324 1345 1866 4025 9058 8273 3390 7311 4467 8647 4212 3159 286 2828 3622 8644 9640 814 3053 1460 2479 4192 9284 6640 8263 4691 7948 1593 6415 8582 4432 358 2831 8646 5200 2348 5731 1211 9491 1096 2589 8776 3185 9677 13 7010 2888 6574 6500 8905 3564 6874 2428 9733 2834 2174 8418 4076
7697 6313 2365 5149 8819 748 3098 6831 6817 3187 1098 925 4146 5286 61 9037 6438 7924 6433 2116 2080 9207 4069 5106 6685 1851 8746 6338 571 4365 2719 207 5604 1226 5336 8810 4649 4400 3301 6947 7298 2431 9541 5401 5680 7784 6196 8982 5271 4983 9734 7723 3218 7826 512 5301 5142 7955 39 8802 7388 8209 6251 3037 3182 5734 9371 5363 8788 2705 9217 6961 3341 3177 3256 2191 5459 7705 6847 7879 6329 9986 4921 5007 7848 8509 6866 3222 6453 8740 535 7261 5789 8637 9876 4565 8206 1634 8093 6420
6870 2664 3660 7477 4158 7765 5711 2917 3052 585 89 4755 1143 9905 3381 9191 913 642 4134 6063 536 3145 8378 941 8115 7670 1403 5218 3514 1438 1039 4334 7368 7729 8926 4253 2532 6423 6915 98 8168 6001 4303 9846 3880 9998 8118 119 9516 4585 3533 5860 125 2316 2364 8595 4083 6359 9037 4179 1789 9133 6282 6310 3715 8867 360 2461 5702 7990 9394 8890 9798 4673 8231 7023 7291 7698 4789 6226 5832 945 1146 8439 8327 3121 6903 4485 3437 4788 3299 7769 9883 4325 6071 799 3394 292 1382 6328
1542 8336 4337 5592 6938 5147 8145 6966 8649 1784 3732 2672 3076 7345 8305 6261 5614 2068 5591 1750 991 4249 8618 887 5577 521 4183 7377 7490 7408 3980 4310 4795 6482 5961 7184 4254 317 9230 4994 7039 6185 5461 9399 1334 417 502 1445 8018 8709 7894 8762 6578 7170 8269 458 9010 398 2477 6268 7445 1754 941 5017 8488 5331 7890 3620 1009 3213 8065 199 1192 3565 559 4434 3810 4617 5151 1962 5410 9794 4485 2889 7357 5190 5068 1990 4079 9085 4885 5348 49 6180 9257 2086 8286 3242 8178 7713
3756 6280 3866 6809 9589 618 7547 4812 4441 9659 3510 9964 2042 8931 8296 6089 4875 2497 7135 4556 6667 1727 2857 447 2809 821 2707 4340 976 3159 4114 856 5629 8156 1249 3519 7677 7774 5058 2463 44 731 4475 2056 5613 3836 6302 4344 8685 2912 5459 4492 593 5842 6514 5417 7439 1976 6031 2630 8422 2986 1007 67 3873 6703 6651 8845 1221 4459 9438 5294 7490 1238 5586 559 8310 2032 7537 1676 4348 2239 4388 2825 1995 9734 3254 6266 5814 7604 8283 1638 9443 1337 5311 7916 8005 8008 4516 6770
3849 5115 6465 9556 6756 9697 3722 4536 7281 3398 9710 8860 2428 4601 4054 6760 4090 5224 4679 4565 4592 4316 3384 2769 3621 7092 143 6596 2699 1482 6793 9388 9992 8448 8562 9930 4160 8224 8119 7102 1047 6746 2534 857 9484 8856 7218 6493 705 8982 3788 2022 1950 7344 3569 4224 4391 2724 1079 866 4263 3457 3053 3191 4913 4615 1537 968 6863 7131 7555 7198 3520 3369 4275 7022 5039 7748 2529 211 7366 9535 6664 6450 4604 4432 4092 6336 9439 7546 4942 7461 3742 9428 3910 9612 2129 501 8302 4936
3252 4019 127 3366 3956 5266 2414 8003 6608 647 2362 2261 3968 4124 4126 4911 1997 6791 452 5 8902 3003 7535 763 8222 2036 9942 873 8541 8422 8391 2695 9611 9563 7754 6561 4478 7539 5632 187 8935 2853 3450 9814 889 1512 7201 6856 4135 5716 5984 4243 5397 1307 9481 3841 4523 8438 8017 7181 7914 3121 6763 7998 2739 2513 2145 3130 9048 7170 8025 458 5118 2066 6252 6447 3449 1648 3261 1363 2502 3105 6564 6730 4995 7999 6959 8091 9902 1791 2858 4238 2218 5588 6849 7367 172 981 3311 5543
4857 2312 8881 2318 4054 6685 1228 4865 7330 6420 605 3109 6833 4209 2175 975 6619 8166 7289 5062 9027 8145 7467 1987 4251 8959 7725 2293 1884 2714 2772 8795 4057 5443 4554 842 6786 470 9580 7706 4369 4212 4968 370 2094 5160 7252 1159 168 9120 1409 5366 9042 8649 7061 4621 8984 9462 112 7580 3049 5396 5303 3052 6951 3055 4170 389 2307 8446 1150 4085 3401 7901 4712 841 1177 5059 1400 9543 7031 1979 9330 4561 644 7887 3321 3837 9872 1903 906 1543 8487 3686 2574 621 4707 7133 7724 590
606 8280 7865 5456 416 4723 5754 9400 6031 233 5155 2708 5222 5301 6131 8970 6995 2366 8421 6702 4983 6556 7520 9607 3337 6709 9468 2848 7531 4137 7863 4018 4625 8493 5786 7285 5879 932 2907 3774 8803 1407 9832 9555 7237 8501 6446 7412 8284 2086 3888 1417 8136 3987 2482 6334 8427 6037 845 2409 2382 3793 8679 3208 6596 8880 4229 7149 3689 3578 9521 454 9080 6186 7044 9881 9547 5571 2692 8703 9069 3451 1491 2917 6197 6631 8155 6449 3813 3486 3378 7189 4849 7186 6334 3060 6091 4947 5411 2075
8452 6377 7352 9982 5392 4508 6478 8597 6631 2792 2722 2188 9748 3767 5007 8123 2604 5515 1739 6805 1240 4242 7091 5505 7279 9426 9919 9247 5510 8604 5749 5346 2259 4001 249 9747 8839 711 8574 2427 8844 4659 2823 9359 3349 948 4083 6996 3319 7147 7096 4900 781 236 7675 7841 7630 9369 8875 7897 5221 4962 6948 7919 7718 2605 9459 6553 7311 4688 9690 777 4902 3003 6208 6290 6316 4610 1663 2744 9266 8073 6545 6369 8053 967 5755 3218 930 1696 4307 8837 2991 6373 1359 7911 3796 9799 8698 5471
6560 407 6364 6029 3090 8895 5157 4376 7867 327 9366 5717 6965 2849 4401 2027 4183 274 8562 5768 4024 8212 5857 818 5336 5907 4290 8748 5538 1364 2964 209 6862 9923 8989 9912 8985 1064 7830 2823 3423 3903 670 1487 8440 832 3743 3538 3503 7823 8477 7127 5604 657 2913 3810 6345 5523 5535 7430 6322 5944 1975 5281 3157 6089 8135 3891 1303 3496 3686 8739 7238 3592 8165 3552 2568 6049 110 1902 2923 5546 3314 9790 9946 372 9112 4278 3201 1375 4498 6713 6626 2095 6115 6624 8089 5515 2119 9326
394 6685 9461 722 9291 4493 4867 9783 5257 5411 2993 5427 2721 3076 4483 8465 9692 8132 1247 7126 1006 2824 3509 7587 2699 6844 6816 2623 3758 778 8684 8101 9457 2469 6382 8136 2994 7756 3585 8185 1919 5262 852 2150 8336 3777 9770 9813 6511 2043 6824 5847 4392 9482 1109 4372 1310 2586 8030 3132 8113 5188 8302 1687 5152 2831 4913 2639 3600 1394 8762 3585 8267 963 2720 5629 2542 3389 3121 5021 4177 5050 6384 2692 8574 3367 9649 2706 3516 499 8168 2081 8881 8725 4497 4391 3328 5233 7905 2161
6891 3048 3633 7352 8387 2694 8613 9560 7367 5101 3111 3329 7115 1473 9936 6589 2321 7037 2167 1443 1824 8637 5645 3609 7695 6853 7615 9606 1672 8035 4422 7773 2467 7084 4689 4358 577 7650 283 6126 3965 2193 4674 2533 4214 8247 748 6566 3190 7699 2727 8677 2625 2479 4940 1231 1605 1453 3531 2477 5356 6251 2092 4375 6538 1784 9302 6305 2155 5935 757 6763 4841 8591 9900 4177 5749 3412 2391 9913 1157 901 5312 3951 1792 511 7010 2645 5570 4919 8100 2715 550 7646 7654 9456 5049 2522 7108 8342
4858 4022 1303 6076 3554 2091 4771 614 6687 2570 3070 5523 8049 4595 9769 4753 4425 5631 1495 5538 6669 4453 3775 3637 7656 2704 9977 2485 6987 5087 8747 995 7938 8578 7448 6784 9624 5285 848 9617 8023 7399 1409 3814 3520 8166 6320 2292 8569 9570 8892 5414 9389 5533 4403 3761 6618 779 3743 3970 6682 2595 3653 5320 4466 7814 2424 1679 8496 1284 6944 4644 2122 3693 4089 2642 6611 6846 8272 6934 9504 9768 6407 9459 8039 5654 9340 1874 9937 3869 5185 3036 9782 2272 3259 4215 4975 8450 233 1088
5304 3368 7877 8665 9968 6517 74 3189 8404 6369 3740 5096 5171 4454 3380 7367 4702 4855 8032 5160 9604 2020 5481 2510 1487 5726 3956 6467 3208 8864 3050 4629 6004 4978 1700 9896 7524 7597 8042 9811 7487 2516 6215 9165 6237 9912 1654 9401 6378 900 8940 6487 9722 2550 3620 5702 6685 4362 9884 949 923 5358 1101 4641 7416 4832 9965 6989 1575 7266 6796 1518 6448 4809 4202 8261 141 9278 7772 8445 4465 6844 9907 257 4380 4906 7884 2114 6257 4054 3386 3201 8610 9418 4911 5929 8641 9171 5406 7355
2587 2307 2565 1392 2769 5154 8957 227 7428 2508 3047 2144 6865 547 8747 9408 486 38 3585 2178 1086 5873 211 6283 1929 7523 1403 7929 4690 1343 9740 8289 5952 8122 7742 4572 4788 3168 3826 280 6652 9400 5436 3362 927 8476 4392 4786 4365 7634 3196 3022 2226 2673 9799 6785 7088 6993 9746 3798 7024 8188 7483 2198 864 6887 2981 8901 1994 1786 5968 1577 2273 4815 5271 746 2558 385 3137 5314 6549 9258 5796 6896 7957 8850 3161 6339 6881 2838 575 9557 6921 4771 6858 5754 9023 7684 5547 6353
9605 4752 106 3498 2340 8275 7662 267 4078 4459 8461 6418 3189 2984 5298 3238 6048 9160 7844 9011 9246 2009 9888 4456 8292 7032 2077 3414 731 2256 9812 3338 148 5055 7106 7297 7719 8890 1316 1918 170 1542 4656 5859 6286 6736 6157 3918 1941 4580 8435 8705 7560 3116 6883 1263 5228 5531 2721 4591 5047 9909 4381 7080 5868 5673 5395 7626 6978 7518 26 8080 8637 7571 2334 7024 6250 7805 6029 8247 1018 1693 2846 9718 3319 5877 7214 6154 739 3701 722 6203 1890 8655 366 8411 4553 9047 922 3160
6108 8389 9567 2940 1354 7805 9232 615 288 6568 5099 3428 9678 1826 6610 4922 6053 3353 4254 6759 4289 2065 4594 425 461 1518 9320 2261 5876 8284 796 2220 1939 9508 6006 8503 289 8767 4783 7095 3624 361 2789 5703 7208 3575 9911 6780 8077 5146 215 96 777 1088 9756 7767 4049 5138 6068 3336 8181 2965 7078 720 1412 6093 9219 4626 8633 8989 6155 8423 3727 8198 6128 42 1117 4266 9585 6708 9643 3117 1785 9194 6624 6121 1627 8306 5045 3570 9006 2344 5543 5774 5741 5631 7526 6802 5313 1340
5716 3398 8099 557 6977 3539 8039 5611 2517 8312 3877 4222 1279 5873 9441 7275 955 5618 4361 904 8469 9353 8150 4671 6279 7978 462 5383 518 1554 2678 2382 8131 6180 5113 9640 5399 8387 6214 5221 4673 6613 376 7636 2421 5559 4295 2890 5986 5342 4902 644 573 3968 7885 3115 1138 593 8356 8207 9628 7272 8584 1654 6730 6241 2418 7074 2266 6715 3526 5895 8454 1891 9979 4592 7722 9877 1519 4368 9541 1571 803 2824 2007 5139 5224 5606 4463 4521 2273 2979 4382 645 921 1325 7720 2218 3043 3168
8008 9537 5713 1379 2862 4435 94 4435 8863 5941 5868 5123 8682 7332 4337 8444 2292 3288 4154 2303 5265 3176 7565 276 5409 5943 8729 5838 8850 2836 9789 7510 8477 7875 2379 6289 5880 2617 3553 4088 79 935 797 5389 1311 3019 4081 429 4299 3244 5764 8305 3293 1284 6960 409 9675 6953 2302 2748 8108 8246 700 969 8864 2297 4582 99 792 9659 8862 3918 2083 9450 1073 6174 1251 7565 478 8288 1810 1650 5090 1858 2030 7065 3372 94 9747 9429 2430 9974 3715 8592 4927 1734 3016 5325 267 3382
9841 2867 5904 2346 4684 3357 4904 7127 6955 3338 2255 4034 6136 6499 1242 1248 9781 1757 6180 5428 7916 7867 2076 142 7063 4295 8882 8749 3324 7886 9542 8179 8095 5946 9399 3042 100 2338 5844 1365 6943 9539 9708 2347 6598 9144 9404 3139 1329 9984 9591 3203 9084 6023 1968 5993 3562 6154 8542 5220 9859 7262 657 2243 3805 237 9063 8922 2709 5067 3431 680 4558 1030 7591 2703 539 9214 1036 3291 9858 4043 7973 2430 8110 2473 907 8217 270 2686 151 7580 3857 86 931 7186 2404 7021 2184 8040
8798 1143 6695 3550 6061 1650 9653 674 2258 6409 1930 8485 7775 8927 4500 8012 9738 4098 9184 5971 9005 3726 7737 509 7394 5795 7058 2896 7810 5579 9998 1928 4718 6122 4348 9741 8059 8948 571 6076 2703 7924 4977 2796 5313 6520 4527 9825 8530 7461 2158 7057 3356 9459 4376 3530 2852 2962 7898 4330 1078 5629 572 5880 2882 7960 1928 5364 8614 675 4433 5672 2863 9543 8967 551 4133 1770 3541 1448 1115 3525 1086 8521 6133 8443 831 2448 2219 6636 8377 7129 999 4151 7383 7763 3352 4634 1929 9602
2309 3481 2759 9901 8089 2247 8958 7844 5456 2280 5839 3012 9128 3913 392 2772 7738 6399 707 5226 8815 1148 7985 9416 4464 2105 4290 1259 4845 3554 4054 8090 4061 2365 3801 8452 4959 7175 2275 2098 5607 3777 5168 4036 8120 2620 3312 270 7962 2525 8113 6486 4423 615 3355 5804 4736 813 5503 5940 1938 6553 9242 8843 1463 6514 3013 9680 5229 7074 9361 4160 44 9402 9543 6881 528 441 5173 6237 8769 3949 7551 7605 8447 5122 7125 8835 4240 2059 715 7894 4973 7830 6166 3765 5778 3166 6116 1563
8548 8415 8265 1546 3945 5828 7979 4052 9896 8620 986 9920 5794 2025 5481 9330 9788 3964 7316 6633 6935 6582 1989 8544 4869 8513 4915 8217 9894 5530 3052 3490 4964 3138 3759 9500 1462 462 3173 992 9757 718 9004 909 8560 3618 3401 8843 7675 814 3899 8351 3149 125 6010 8981 8338 656 7039 4075 1863 6548 9603 294 275 5136 2992 8988 5042 4078 196 9493 6795 2350 2451 5005 8934 1650 2464 1268 1868 8175 6955 7126 2663 1690 412 936 6539 7880 7116 8618 4284 3621 7773 5289 8349 6772 1674 8499
1698 935 2178 7925 2381 1273 6973 1580 3188 1260 1012 361 1142 8108 3464 8245 7113 6251 5694 5649 8396 4484 1286 9024 7637 4234 802 5358 6935 8092 2026 5033 7838 6603 5094 5212 4270 3658 6338 6005 4846 6625 7272 5655 5419 3228 452 1797 8686 1875 4211 8498 3949 5640 8189 8530 3147 697 4810 1045 7071 3103 4128 9663 6677 6078 6874 1397 1612 524 8462 9442 1641 8025 830 7205 1765 5786 3216 2896 9044 5895 243 745 3087 3497 3407 5057 7739 2779 7660 4917 8385 8839 7560 6092 8001 1507 5289 9847
6693 5293 9797 5603 598 576 6498 797 4092 2602 1661 6310 5743 9707 5927 8643 3203 5422 4784 8051 4960 516 3834 8143 7832 8378 2727 4997 1496 565 2986 2192 138 9417 3011 1214 1862 9159 3293 4319 2790 3039 7607 7152 7833 6348 7640 748 1927 1810 403 1350 5083 4116 100 7311 3801 1307 6779 9456 1337 2422 4134 9411 3925 5848 7472 746 2833 7749 9973 260 9933 187 4250 8886 158 8779 724 9102 8525 8038 7330 7716 8684 1300 4081 7906 2482 332 4797 3221 9697 1931 1035 416 5901 3390 7189 4916
4204 6145 556 1068 3111 8262 6402 3820 5363 9788 2177 4509 5512 1191 185 2251 5697 1631 9060 4225 7288 8458 3482 8554 6944 8902 1633 8697 8133 2295 6362 5583 9632 5362 9190 4943 9964 6345 1702 6262 2466 2333 8589 8843 3163 4739 4689 4404 7868 3956 7323 4247 7290 7459 6707 3952 8182 8288 7865 5983 8746 4487 7790 2391 4519 3426 4603 6090 5308 8604 4989 5782 553 8583 7310 6218 9663 1256 2164 5917 1503 164 8330 363 5891 8341 7362 3160 1905 4143 7616 5363 3473 5990 2634 4082 5638 9800 4025 9521
1359 4385 8378 8673 7440 291 6740 4479 9477 6512 9626 1012 5040 9280 1915 3039 972 2037 5861 2075 6574 1724 5126 9157 2807 2073 1530 8837 8911 9413 5907 1725 889 4558 4280 7759 2916 7160 4529 5593 2603 7734 6667 2469 1067 8072 8022 4541 8118 7568 7671 3304 7907 228 9961 5925 8434 9787 8163 872 5377 6423 998 8209 4628 2990 8847 5468 9999 3556 4320 2404 1452 708 5085 8079 6377 4244 2690 3614 6068 6290 7537 4680 8032 9200 9833 3847 1882 1106 9980 5698 7906 2424 8888 6037 730 4397 5079 6813
3102 9921 8278 3376 111 6889 2626 502 9041 9880 7226 5485 5831 6941 5241 9447 7516 2996 5792 1660 240 1976 6491 1522 2087 6186 6787 1923 2482 8059 9305 3068 536 5727 5273 7186 3067 2045 5180 381 3735 3188 199 9258 9034 1260 68 8138 9626 1814 6720 8711 2466 3119 2719 1767 3979 9763 9292 6760 58 7852 8400 2121 3412 7175 6635 8835 92 3693 6942 7295 759 9429 4081 6065 6629 2983 9097 4336 32 6565 680 356 8294 654 4808 5078 2771 4111 8101 5223 6629 8033 1895 8130 7829 6062 7241 7349
5815 5893 734 9404 3236 1504 7685 1174 704 2532 2951 6211 9186 9561 7703 2924 9360 4255 2191 3365 2647 5509 2875 8315 2853 4848 3334 4631 4004 3633 9092 5278 3811 6163 3748 5257 7017 9825 7248 3612 8687 8619 3165 8336 3705 462 5248 3993 6560 5726 5136 8888 5221 3503 9158 5926 3981 3652 4103 440 8296 8456 2314 1001 2303 5960 8937 4270 418 1315 2281 3730 8758 2043 8835 633 1294 7627 6573 6202 2396 86 8173 1462 3305 2376 8796 1615 5276 9084 3243 2243 9937 7029 8383 4527 7646 9511 5080 5911
4258 3761 8828 5997 9251 2482 1133 2738 2995 3345 4099 1438 3228 2681 4401 7762 3905 9575 1380 4408 3974 3486 1091 1807 3746 5374 9593 6633 4017 7934 7486 4617 9016 2628 4080 8343 6331 3722 9129 6993 272 674 9671 8589 5234 9659 6329 458 5201 3258 9486 4795 2575 7757 5649 6742 7369 1892 9936 7434 8429 3753 3242 3662 1797 5924 315 9816 5958 3342 9747 4003 7896 7836 6025 4815 9799 411 1249 3800 1155 620 8588 601 8197 293 3869 2750 4453 5840 6462 7348 6042 8623 7576 8465 4679 4573 66 8401
4857 9429 3654 48 2556 6410 427 1279 7915 4762 3197 5703 1343 2814 4430 5618 5982 2707 3202 3608 9773 4800 229 1407 8325 9528 7943 1939 973 9260 68 3324 1336 3501 6148 3973 9442 4830 7029 9823 8561 4193 5957 1805 9034 4541 1749 821 6765 1918 996 9539 9426 5255 8872 2270 9705 9360 2673 727 9575 691 2430 2644 3555 3677 2139 2837 9198 8288 5583 8028 3944 7900 9291 2816 4757 6253 510 9861 5883 9342 2395 5103 8295 5675 9715 2955 1771 2137 2762 9329 879 9552 2159 5911 7735 2470 4222 2824
7325 5500 888 6198 1595 1334 4444 8998 6650 403 4067 7873 466 1446 6575 4844 5509 3544 3641 5255 6128 5159 9406 6367 4086 8059 4636 9609 6946 5299 5010 5416 9841 445 4690 7373 316 7718 4640 1605 8584 6296 8824 8859 438 4128 2103 2820 5113 9981 77 6821 8637 3581 6413 3289 5274 9475 7328 6201 8226 8931 2467 5297 2631 8185 8529 8485 7164 6328 1982 6378 8510 2493 8227 1669 5843 7907 2114 7211 4222 1577 4053 2933 309 1671 4517 6404 5821 7249 9622 3367 525 7142 9754 7798 8593 7369 8054 2548
5726 8379 846 9127 7748 1576 4880 8151 3879 9911 6436 3857 5800 7597 7799 6026 7836 8003 6117 355 663 165 5637 4518 3515 3318 4987 2179 4993 5110 4520 6855 9842 1746 6758 229 4255 7854 1128 7399 7566 3989 4173 121 4825 8114 8803 1260 483 8497 2401 1018 8196 7830 4275 507 7366 9669 2246 5012 1981 5954 7570 2715 5086 2691 7618 1181 4669 3498 3183 2951 7122 3404 4215 3432 1675 719 1239 1430 3807 5112 6203 2505 9574 2561 7108 1065 8737 9910 4918 2945 4915 8778 463 5848 3285 6199 572 337
584 2723 1317 6913 5164 9903 6259 8914 5796 3391 7171 965 4967 1642 6024 6147 5556 8102 2446 8793 3693 6575 2094 1723 9451 2825 3697 6339 3273 6479 9232 3544 9633 600 9158 7541 6210 6198 9495 9164 5402 6448 1024 2760 1583 3106 5790 3522 2223 6124 5293 6710 2466 2432 237 2573 6524 2022 930 3298 5655 2393 8790 8359 514 9955 5670 2851 3252 9492 1149 3868 3161 7423 7724 2721 1730 6645 2966 9156 7039 552 9532 4208 5784 868 9806 2064 4555 2124 2543 5159 4214 4321 685 1335 7498 3956 6050 4487
8546 3071 2203 5642 8881 1229 8118 9512 6577 4292 9182 5887 1196 487 5745 3760 6557 2655 4699 2263 6532 8630 4510 8020 2120 5294 2116 4600 5048 5432 3042 8991 9690 4096 7632 6210 5730 4833 8609 1491 7299 878 206 5258 5723 7431 6557 6544 4010 1489 5572 1890 1665 328 5860 3463 7113 1026 1003 5850 4363 5869 2018 4865 9260 7076 3377 4171 5758 2080 3169 3722 5326 1662 3571 2434 9486 7189 4695 5634 1592 3370 4573 8653 4815 8864 4304 5720 2857 397 9281 3025 9942 4919 2514 9385 7275 513 1859 37
4934 5274 1362 9285 1841 3124 5539 4180 5588 4999 4897 229 2866 6513 4450 5232 141 5523 9998 4887 6936 5945 5093 3922 917 6727 4924 5104 8476 7866 4483 7891 8516 8626 1108 5830 8241 6017 3024 9563 6054 2141 9461 530 1268 1730 5281 9969 7407 9663 6708 4733 1963 1730 4294 1470 4718 9858 6596 5904 9947 3749 8460 7931 5004 1015 2096 2531 5629 4782 1364 313 290 6640 6252 4112 1494 9203 6245 877 6463 536 7170 346 2945 213 76 2887 230 6599 4617 4951 9804 383 2935 210 2788 7924 7979 1846
6295 7907 3806 2260 5077 1623 9993 7228 7569 1477 6690 6525 8970 7739 4639 5320 4034 3247 2152 2216 8750 6041 2585 6455 2796 9787 9775 9578 8147 8197 1993 3797 2011 6426 9298 1714 4884 7622 5569 9172 2602 8830 2372 2129 1577 2883 8901 6284 6866 9526 5971 5630 6196 2107 9627 9940 7324 9433 5368 1216 1635 2238 3191 2354 6259 2826 5126 895 9055 9517 8413 5667 7071 1262 354 2936 9269 3127 6323 625 7199 6075 3058 2433 3528 7065 2977 7583 4801 4110 4655 1208 3428 2475 3772 5792 2677 8224 1438 4729
805 1951 716 9363 5080 2554 8445 7114 6379 5186 3824 156 542 4903 8819 46 2346 2846 6502 5260 4644 468 680 2295 6882 6744 2477 1116 2510 5932 3537 9231 9719 126 3065 5965 6940 8403 9696 7415 3172 7083 1898 3003 7835 2217 9326 2230 8291 4755 555 8483 8189 2664 7003 7872 4557 2520 3352 1579 7994 9249 1737 4096 6729 3448 8974 8035 834 9944 2629 1478 3951 7184 3600 2291 5957 1925 7437 509 3403 6637 9853 4753 4953 4547 8383 8816 2954 2057 870 2454 597 9998 8888 2974 4252 6773 7220 8342
9951 2462 8772 7622 6720 7316 8616 9580 6534 5399 816 3877 3803 8656 7988 2767 4072 9057 1745 4093 4296 6341 7897 2636 2747 7073 9362 1810 5609 422 8818 1583 479 3992 8177 3818 1718 2252 7510 4368 2030 8930 3144 2879 4267 3828 769 1859 469 1085 7554 5192 8383 4655 6536 2044 1370 800 4420 9076 5460 5611 2165 1819 3633 9771 5357 3394 6237 9491 974 8427 9660 4623 7223 6981 7255 4347 5121 5771 5788 2023 8678 7787 6490 491 134 4184 7913 5644 2520 57 8266 1289 9459 7698 883 9674 7957 5216
5546 5982 5051 3824 8750 4095 5729 285 6376 8978 6405 7326 7894 9491 371 9655 8924 9712 1830 8802 2553 3269 1520 3830 3643 6362 8325 5737 7935 1084 5450 1649 5376 5033 5109 6295 2376 8557 4112 7048 8141 5219 2218 6008 1770 6384 2592 4430 1381 97 7886 9166 1501 253 4375 8410 4751 6793 107 4682 940 2266 693 2006 2340 1326 5838 9376 4827 952 2158 6381 2327 5849 3197 7856 5497 4032 3167 7362 6049 3888 2277 3288 5131 4258 6942 8061 9546 5512 5244 1035 8925 7916 7907 6610 1028 1745 9453 9083
5557 3613 5133 7184 7263 4880 9125 7490 9312 3388 9478 7840 7500 6963 1692 8591 166 17 1196 2712 5939 3787 6925 219 9303 199 9494 357 9681 6915 8873 6307 1476 9463 5352 5755 788 9217 5699 9384 1132 8435 7703 52 6202 3767 825 7633 6227 6792 7055 5322 2817 9907 4171 6204 7504 2953 7125 5021 6602 5426 459 6575 3957 2118 9364 6153 8976 695 4857 3997 7479 6474 4527 5917 88 8687 1986 3237 1384 7043 9158 3032 1643 476 6022 2351 3925 6613 4580 7837 2351 2345 8593 6173 7289 6603 5624 5691
7765 1220 9076 2642 8940 9055 8869 4754 4162 5281 2374 215 2139 683 4600 9386 4343 6249 2212 2234 6052 4842 7132 1938 4185 3066 1946 8879 2882 1311 8888 5266 6941 6784 6429 2068 588 7623 2238 356 5836 325 8697 2561 4815 7751 1371 7735 4986 6693 5664 5247 5058 1579 1457 4301 7481 693 1925 26 3754 8154 9135 6202 7715 6911 29 180 9604 1023 1481 3892 5290 3249 8117 1818 4948 8612 4028 5945 5405 3705 2928 9034 8457 6586 5060 3313 3286 4116 6724 2622 3026 168 5664 2412 2261 3518 8247 1375
9761 5339 748 6453 6086 1172 7640 2471 1936 7284 2632 2130 252 4455 9902 470 8004 3501 7146 5378 4782 9872 1446 5778 193 2733 9139 9036 9864 358 6698 3622 4073 7627 6280 9803 4194 115 9371 2823 54 4387 2844 1002 4982 4580 8541 2665 8924 7537 5564 7452 43 9839 8575 4939 5947 8205 48 7359 9237 8843 960 6903 220 9095 6558 7818 9691 8013 2736 9554 6492 7245 1522 8722 2267 9704 2214 2230 8998 9675 9609 4364 4144 2268 116 5524 5780 4681 5159 8051 1549 2656 8044 4485 3301 470 9941 2404
30 7199 8051 1403 6319 8941 3393 3650 4305 7131 5333 199 4883 2237 8311 9809 9840 4032 9049 9171 9699 2134 2540 564 911 1546 8680 2765 6415 3411 4453 3833 4258 4580 1803 3454 707 1785 3651 5690 7750 2366 1834 1788 1742 5493 6183 5619 6732 1962 3382 4843 313 7273 6515 7298 4936 5538 9394 6227 7168 76 9866 9910 3224 1622 9760 5915 8522 4888 3317 4698 6808 5095 7035 8610 7420 496 4969 7308 2991 6539 1597 270 9804 2401 8679 6432 7489 4804 1702 7254 3819 203 4184 276 8216 205 8081 857
2553 5579 6326 9002 1018 3683 5857 4034 7583 3169 5634 2638 5940 9184 816 4051 4193 4897 2277 9749 1440 5477 9374 9960 6526 7434 6507 4906 5849 8163 4676 1398 5847 8673 7096 2294 1273 1481 7030 7109 8233 4603 2382 2645 4704 4467 5618 618 3059 8365 3689 3591 5388 9093 9716 2139 2675 2998 6895 5570 8539 7575 3771 1719 679 6420 2932 9746 714 3647 2611 2549 6402 1602 4839 7653 9744 3796 6769 3299 9478 8869 1809 7595 7355 8797 5106 8027 1803 7614 8387 1449 963 6272 6086 3142 464 1332 9877 5438
9881 7179 5518 8827 6263 9806 8874 8180 6128 5440 4194 4204 7776 2298 3458 8393 1267 8760 2721 9827 736 1974 9023 1696 5607 3487 7035 6772 337 1929 7962 6351 8593 2818 9145 2743 636 896 1646 4588 9682 5987 5127 7067 7338 693 5455 5788 5922 318 9700 7111 1555 2028 3288 2802 6088 7691 8429 6220 3749 3660 9730 6707 9283 8556 7118 643 5825 8615 491 2726 5883 8367 8992 1189 5913 9361 8281 2428 9712 2990 9558 3520 5726 7639 2535 2055 407 3187 7982 2480 3015 8253 3653 5733 5105 6630 6225 1210
5844 4286 8906 2690 9634 4299 3039 3927 5609 6331 8429 6369 6103 4516 3208 3051 8829 5462 108 9329 963 4769 2377 4510 8386 1895 8256 455 3037 9635 6320 4309 6160 302 9127 2512 9862 8800 6856 9810 7050 913 3147 3093 5771 8060 1604 2595 4364 3431 2327 2690 3378 9896 1497 1065 8422 6062 9219 6883 1468 746 693 1884 8727 3032 2734 5697 3025 5199 7345 760 3342 6098 6926 2505 3301 4875 7264 8541 4103 4536 2763 6067 6424 4506 2209 8642 9242 6405 2753 4948 4540 4154 6432 5110 807 7906 8916 3143
7555 6563 4032 1318 1709 6878 9864 9704 8998 3316 9410 7389 5702 3686 2201 3751 9624 3159 7030 9365 3322 8764 6455 3755 1937 7454 1420 6436 6396 5144 5402 7999 4925 2103 8174 3934 5353 4688 3139 6657 1116 8740 7378 4296 3633 9859 2944 5976 4602 2904 5312 3027 5059 7397 8201 6286 5077 4067 4124 4408 8205 2314 4097 4116 1290 1581 5748 9043 5141 7297 8593 3874 8758 7471 6833 6725 4660 2271 5921 7048 5567 6683 4679 1948 7108 4827 3903 6028 3816 5474 7262 722 4133 710 1120 6458 9829 6482 5674 9688
6709 8904 4442 8518 3558 6638 2358 2793 5306 7152 46 1674 1778 8397 8343 5343 8376 5077 4017 743 2112 4379 2788 4149 2750 1192 8625 3106 171 9973 8868 4361 1403 2471 4591 2701 2768 5653 8645 360 4207 9545 8741 3394 2250 7384 7545 1008 7077 4011 2743 1990 2857 7527 8852 2945 5378 4879 6706 3566 4822 7739 6032 910 5719 7570 7898 5440 6776 4681 1200 9832 1770 9276 9218 4245 4152 4322 3711 1190 5874 6826 4645 197 7588 7891 4664 3231 8967 2714 5787 9188 6697 3839 2529 4976 1217 7434 6840 7936
5645 8556 1295 7992 5948 9598 2372 6113 1344 7146 5580 8658 7310 6163 4220 2818 7345 102 2781 9263 8522 9151 3771 505 9370 5676 6526 9970 908 2405 3978 7106 2876 4837 9380 1506 5632 7406 8415 6433 3887 1190 6428 2694 241 9885 2364 9126 8791 17 3989 1816 4382 9736 8682 3655 6437 6729 2280 1941 7249 6205 7656 1683 2342 7227 8807 7259 873 4462 3095 3552 7201 6526 7764 6333 4656 3287 7163 9013 552 6651 882 1478 6324 740 9574 1748 6987 6963 1344 3578 8225 4934 9537 2102 8112 8969 5208 7720
5722 2722 6331 6782 5984 8522 568 674 9853 594 8861 8024 550 573 3647 1389 1699 9878 3519 9147 1736 2543 5155 2323 7262 5990 1017 2838 6637 633 2284 8186 9790 8457 6070 7111 9160 7499 2154 5943 8096 3643 6842 2653 6699 6292 8313 876 3630 3091 5710 9527 9093 8991 2328 3644 6273 9414 5745 1422 3808 8428 5887 9350 280 3297 9348 182 325 7930 7786 8452 7114 545 6221 8398 2314 5648 2903 6372 4871 2989 2628 1047 604 6853 8849 8006 7158 8593 4953 3529 2942 4164 1534 583 6086 1338 4820 9345
6264 6069 7107 7023 9919 8218 5705 7976 4676 4851 8069 1212 9698 7701 2323 310 6289 9903 9297 1830 2502 1405 2475 6130 3474 1393 337 3799 8251 917 3464 2137 1304 1052 600 2628 329 7325 5536 7456 6144 8274 6362 7070 60 7288 2672 4408 1428 2405 3307 9086 1121 1355 4317 3427 1499 8891 3680 1036 4177 2136 7325 1843 9712 844 8997 8416 1931 7237 5692 2946 3192 26 7576 1524 5571 3074 503 7131 8220 4687 4618 369 3912 1512 7293 3140 5203 9238 9859 6291 9305 6107 433 9576 8114 7223 4421 7070
8741 7214 9076 128 414 6608 516 3183 6689 4908 7973 3038 1600 1583 17 4470 7952 3437 7282 3491 4660 4878 3570 964 2299 4292 4594 9880 678 3570 3108 473 8067 4251 791 7535 3661 3375 3512 7975 4853 1457 2535 1963 3566 5210 9893 276 3186 9243 1275 2893 1879 4230 5332 6843 8574 7457 1616 4278 9928 3312 863 2288 9292 2602 4506 7030 4200 6265 8789 1914 4444 5170 6082 5685 4958 9735 6307 6035 722 4877 9366 6534 1887 3577 2563 8915 2414 6413 8621 3981 4977 149 1454 2895 1419 1434 7437 1843
4254 3750 3652 6137 3462 3189 4246 3137 4771 4670 2502 8761 2152 4911 3079 5234 8210 1271 189 7527 4757 6910 1269 3709 4102 5296 4533 3541 7243 3497 263 7980 2580 8121 6472 4462 2425 6357 401 9075 1913 681 3837 2776 4176 9810 4488 8057 667 342 2883 1808 5693 3570 9927 1364 9325 3580 3829 1857 571 3644 4023 6745 3765 5282 4610 9151 7390 2236 7990 9455 354 1843 4196 1378 1258 6699 6516 2630 506 3821 69 2535 812 3838 6026 818 6833 2227 9057 6486 5472 3265 6223 5937 764 1681 3529 4413
7602 6208 2979 3624 2389 1882 2505 48 3871 6981 8069 5784 2525 1144 1292 8970 6274 9258 1700 14 1658 6848 4206 550 3389 339 9254 7928 3067 8516 6822 8569 8579 1208 6248 813 8476 6194 3434 4441 1232 2471 3835 5104 7231 2451 3130 2192 4186 3444 9558 9167 338 407 6631 1241 4098 6509 6448 1472 4569 6614 8309 4903 4638 9734 5911 1387 8503 4759 6964 8756 746 6175 288 7059 9383 6162 1168 47 5736 511 6591 3719 303 7372 4014 13 5863 3906 2887 873 1952 22 5096 8441 9283 1905 2824 7108
9632 5499 7270 7113 4189 9736 1163 8324 1269 8683 8526 3239 3369 1637 5419 4364 736 7943 9001 9205 6056 4342 3899 7872 8241 4613 6188 4165 2432 5924 3657 6121 472 8782 9720 6092 5340 2855 1345 1312 7494 9311 9711 9689 3604 2778 8631 635 5388 939 3041 6833 9246 4137 5088 3195 6459 7173 3806 1042 4743 1718 1928 3312 6209 118 474 2643 6500 347 2142 8592 6306 7449 6441 4183 5427 4690 1628 1079 3705 556 5721 1688 8901 8047 9767 5309 1903 8199 8639 5945 7345 3668 6889 8802 8973 2519 9824 1722
9952 5650 168 7077 4936 2654 6991 468 8508 6260 3952 7323 7062 5580 918 3219 3487 594 3504 798 7491 2433 6786 712 9936 1660 2097 281 8943 983 5151 162 868 2493 7427 2634 30 1506 6886 2650 9793 2141 4859 6702 2881 8791 604 6077 8002 1155 3146 860 1647 8913 9381 7933 4672 5267 1974 669 9316 6657 1885 8854 6820 9250 6951 4965 1124 6074 3169 282 3942 4992 5963 6091 3232 299 8032 1291 8019 3819 7604 2600 8397 9413 7622 992 9775 8933 9483 7184 98 699 8574 7719 9802 1403 6633 3929
9473 3608 9243 5246 7920 8982 638 8926 2971 9244 1754 1890 6933 7523 7879 8937 6116 9700 7852 4280 3512 9233 8342 2348 7603 7139 286 2524 1406 1652 3331 965 231 7996 1084 1994 6975 8089 348 6805 1966 4780 2119 6862 9545 1720 2923 7228 5131 2932 1134 7894 7260 4145 2502 8624 3792 9671 8091 7175 2883 928 2258 7546 1986 8463 8391 7133 1345 6061 8350 1970 7238 8638 7123 3721 7246 237 722 8233 9261 470 4609 949 2778 9020 1014 6388 9148 6777 6572 275 903 8136 3052 7093 4360 2062 4419 2151
6765 7516 259 2716 3297 7397 3027 5200 4207 1565 461 1969 4995 2986 3138 2864 2887 2676 3269 9071 1932 9771 7541 5589 8572 8203 180 2807 1647 3085 4231 2265 6585 5752 7830 6280 5056 9957 5686 3798 1302 8325 6118 3699 5711 8794 1829 4867 3847 4148 2322 9179 7233 306 6470 1782 5928 2756 441 3214 6097 6792 2155 2324 6627 4956 8328 1461 1193 4071 5431 8748 1585 3857 8228 1927 7538 6243 1209 7769 2662 5480 4747 9862 1461 724 6070 2210 1966 6763 5939 1112 8692 5711 7959 1864 4981 2040 2270 2283
1153 6609 3726 935 6386 3718 7556 3828 2356 1687 6141 1293 3179 9115 1097 8998 3825 4081 3735 5142 8148 7685 9984 5900 1138 8203 8885 309 5283 2932 332 3503 1098 285 4424 340 4402 4919 5697 8511 6865 3570 1504 4239 796 1898 2529 1319 6970 4242 9520 5143 1243 4172 5102 2801 4161 2795 3887 460 8242 6772 917 631 824 9520 9897 3266 7191 5095 8218 3680 3297 7099 9562 8079 8086 1249 1327 1768 4632 361 1297 5946 5674 3931 4900 3073 162 4185 8809 8522 7588 9216 6034 628 7142 8497 2384 3609
42 6285 99 248 7795 6098 335 7326 7055 308 5323 2319 597 3929 6965 5709 3803 8443 9379 1580 3751 7924 7024 8577 59 2095 5929 9003 911 1742 5406 5615 6893 3076 5032 3565 2550 3003 2860 3941 4500 6949 5359 609 4635 3754 724 8748 8158 7802 215 8870 2799 9143 7757 9342 6068 4419 4191 5752 8660 9085 1620 2584 3817 7279 877 3128 3943 3255 599 2969 8075 598 677 4692 7420 6611 4057 6620 6334 6508 6833 8448 3244 3027 7 2529 2640 1323 4001 7818 289 873 7689 3306 3700 8459 4526 6762
7505 844 8445 630 8284 1277 6263 7351 7516 3124 1760 1492 5136 4197 7440 3112 6325 9945 5130 2625 3267 9469 9385 3219 6969 3309 6844 2414 5982 1970 3777 8196 9694 9882 5525 199 3652 5835 4627 757 3275 6332 6270 7881 9739 2818 9200 5886 677 4501 1880 8358 5779 1469 7114 6449 3854 2873 9523 6252 885 234 2540 8461 6546 1675 5944 9307 9285 3421 879 6130 4873 9149 7101 6551 9337 9573 7507 7107 4060 5639 1144 2208 1032 7770 1476 9522 5283 3925 5640 5099 1935 5631 7287 249 4477 6593 9706 7788
1906 8665 2087 957 2815 9303 4514 8348 3343 6686 1462 8987 4991 7342 3010 4451 2479 5412 6676 8458 7587 8719 2805 8050 5336 5417 4923 5756 7780 8783 1110 2811 6366 6639 7339 9932 6073 4197 1064 5896 3497 1777 8407 3698 6607 3254 5942 3591 9684 1491 769 8881 1824 8511 6239 2520 2642 352 8608 8772 5660 8052 2965 6951 912 4620 3554 9090 1677 3643 1754 9128 6191 4459 4072 8351 6897 3315 9185 8015 7729 6115 2114 1757 2300 8478 790 4038 6836 9978 8457 6893 2808 5605 957 7935 3064 7794 8495 9369
5419 2770 6197 5425 287 2599 2381 3739 5115 9579 9850 9180 2872 5350 4664 4828 158 2695 4744 8737 4480 251 8283 8478 7899 1029 702 1246 4023 8208 9869 3306 7682 2755 3137 877 2753 6571 1868 2768 3691 2596 8057 7923 5968 3039 127 9846 8905 7816 2696 834 2048 841 5113 9560 3328 3175 5462 4366 7810 7470 1540 4705 9600 3868 503 2691 7569 5776 4000 54 5807 6566 3092 9912 5661 8153 4136 7851 9015 6646 5933 9372 9621 9976 8257 9521 8961 2766 2645 986 9532 1473 2970 3432 4056 2045 7075 7984
7360 2610 4364 3132 4801 7849 8744 7697 6941 4143 8913 9959 4805 986 7654 9435 3611 6615 8579 124 4641 2727 5697 6261 1686 7843 4868 3203 3115 6351 7273 1160 2943 6878 607 8670 6093 3915 4317 5789 174 6079 2157 177 8439 4142 1588 1746 2951 2326 3538 4487 7802 254 2867 7969 8404 2497 4367 8417 6441 6637 3686 3472 7706 2769 5660 1731 6305 7915 2114 4252 5101 5538 5932 1738 4943 5080 8946 5734 7310 3222 352 9030 9796 1 6921 740 8289 3040 7305 5601 8511 365 7024 2968 2503 6198 6605 5980
5354 4036 9798 6865 2873 652 5783 3380 5827 7000 3523 5309 8508 4527 4325 9047 3192 1816 385 7657 731 5743 4443 7813 249 3248 2957 8731 903 6224 198 9001 9205 5006 1844 291 9688 2652 6537 3981 4195 1611 5421 1839 3862 1883 419 4334 4476 1024 3361 9607 3337 5812 8126 2333 7307 1740 8599 2993 9397 5714 6281 6965 4241 2868 4305 2337 8289 8578 2313 1041 4351 4291 8324 4130 9320 1280 4784 9664 9541 9430 856 8750 6257 6689 2821 5085 7820 1022 8952 4750 9746 3556 4380 9023 3883 3573 24 1098
2012 5767 7758 2166 5835 8065 417 3370 955 1280 9927 7367 7432 4232 2156 532 1100 7566 3107 8577 6718 9783 8108 2295 1256 3545 9617 3715 2650 570 7031 7549 3745 516 2656 8170 5337 5517 5619 6957 4539 5706 5030 3684 1844 6860 7014 2992 4432 6303 7690 6170 671 4939 8335 3514 6675 822 9875 7308 5706 3608 3006 875 3100 5985 1468 751 3873 7498 6434 7330 5125 8524 7560 8570 2958 1428 6256 9000 1030 4806 2388 798 8367 1419 7647 8019 5118 143 7663 2301 3743 1715 497 6093 2581 2279 2070 7700
6776 9932 8419 6411 8996 222 261 9824 2 8652 2479 4688 2988 3317 900 7056 4689 3885 2272 2877 5775 2439 7572 4649 4290 8116 9776 2810 2352 5711 8360 3740 1916 9740 5356 6817 5973 6812 727 9740 1895 5412 5524 574 2889 6186 804 9276
