3603 6056 1842 1548 3830 65 7322 7246 3688 6065 3152 9460 5158 782 2429 4155 9330 3997 9933 8294 8432 468 7330 3879 6052 6942 7174 7550 4489 8500 2181 2533 6615 2652 9641 4898 5954 2937 4775 8796 9870 5848 4143 8641 8878 7934 4517 7310 9154 875 7995 1331 7077 4744 4688 1533 3471 1450 7567 7064 9137 392 2995 5448 4444 1695 5122 96 5577 8577 3640 5889 4035 9383 5851 1304 8710 3532 8094 1662 957 6138 8498 5265 885 2670 8072 8922 3883 8953 9206 9616 8067 6635 7300 683 572 2859 7416 4099
6454 4632 8486 3941 3871 964 3885 5522 2979 978 9355 2314 9083 3307 1691 4876 9091 1874 7050 3860 8992 4164 5771 5674 1524 1325 2730 3660 8257 9854 5507 3299 3389 5072 2631 5316 4868 834 6277 6657 6609 1436 9832 8815 3189 1925 737 2591 3363 9809 4985 6376 356 6027 3214 8353 8970 6674 5676 5327 6572 5801 3357 5117 8974 9200 6561 8532 2764 8745 3905 9711 443 3321 4161 447 2837 3340 4911 6371 8171 8876 6437 5946 1909 7418 371 8987 5532 4947 6079 4351 6464 1660 1297 4111 7096 3820 8785 1252
9170 7390 3617 5858 5430 2848 2136 7840 8192 4676 2018 1856 6012 47 2100 1665 4959 7974 1364 297 6887 7634 9453 4755 2283 9323 3809 8994 3236 4355 2685 8313 2958 5670 3895 3963 2912 6666 659 8494 1350 9976 9170 7097 9249 1044 6891 2909 8030 4058 893 9262 3679 8757 2406 5822 4476 1890 8968 3529 6835 222 1353 8253 1721 5024 8689 7826 9044 6557 4425 779 5215 7111 492 5767 7556 9122 5379 8349 9730 4 6280 2706 8475 8289 8450 3266 4760 3604 7216 6387 1909 3532 438 4082 7064 857 866 1923
7840 6912 5631 6314 8050 528 5670 7560 8351 5775 7058 6126 6462 3752 8652 1425 5252 4911 3527 226 2164 8110 299 5833 1525 7673 7889 7410 5742 2601 9698 1837 9661 5064 5883 8303 4217 8593 3262 5770 3666 4680 3268 5480 5029 7608 1862 7565 5167 5485 4781 1544 2379 80 4606 4445 1970 2179 7157 5893 2686 336 7351 1338 1703 5453 2457 3225 8826 3088 3330 6137 3804 4809 2311 1168 232 8143 1418 7882 883 3265 8218 4005 5419 7597 4217 3219 6709 9739 1967 6157 5414 5724 6872 4455 8376 3653 1929 5908
3614 5071 6465 6601 3807 175 4075 6955 8521 1324 3203 3097 8624 5640 161 9760 4983 6934 9025 8421 8200 1762 6303 6667 8836 6821 4437 3032 9967 3177 46 3130 6250 8034 8753 5417 3841 1086 7697 7219 8362 4574 5997 9918 8908 4118 6415 2842 5023 1629 5613 4975 3694 5953 2476 5708 8329 9356 1905 5845 2622 8425 3201 1257 1715 4460 624 5256 7024 8654 996 6200 7526 7631 6978 9599 4071 4742 2656 1926 8618 8715 4901 8175 1803 7924 4826 4907 5592 1801 7973 9521 7076 9971 3767 9784 2969 7496 69 2822
3717 840 2063 7284 3118 2812 8507 1688 3891 8059 5376 2353 3339 791 5331 1715 4866 6870 4049 8506 6465 8311 1883 4791 5186 6083 7339 6809 9524 9211 1673 455 9530 16 7091 4815 9499 947 197 8295 5999 5302 9427 3098 8356 2729 8722 8421 4950 6925 80 9864 9789 4222 365 7282 5644 8720 7751 5709 1959 1088 8695 293 1204 7058 2345 3018 5659 649 1808 3683 1168 4997 7769 3219 9428 1309 1029 6467 2876 9459 2619 6579 9199 689 1477 9533 5517 8196 3065 1094 5969 3085 2465 1022 7662 2332 9409 3772
3084 6283 4989 8946 7446 8727 3626 1662 2949 3169 3563 424 9786 6768 2230 4494 9367 3056 1711 4992 4221 5619 1103 3072 9541 5066 6289 8916 1353 5771 6651 5015 6740 88 8045 5871 9833 8643 7049 4022 8772 6150 9415 5546 9509 9264 5287 6046 4558 6269 8503 4827 8080 9716 8430 8588 3006 5789 5835 8704 2123 3747 1275 5727 8928 8235 5562 9557 1428 3390 7133 7201 7577 9331 4056 3344 5119 9313 7752 9601 2559 2146 7102 6810 2459 5556 4422 1193 1086 5942 8335 4467 7820 481 6221 3108 2079 9296 370 6137
3578 4889 666 2844 9645 4338 4275 6188 4418 2722 4488 2217 3830 1620 3921 712 4269 3629 499 4736 6672 4075 9955 4195 998 612 4486 6130 6445 6002 1237 9013 5845 2180 548 5206 3536 9339 3168 3511 3364 8329 9207 92 6150 7344 7410 5094 2648 1240 6194 716 6084 6671 618 8855 5800 4969 1315 3978 6387 7655 522 1972 9288 7488 8171 76 3935 9692 4207 1576 8803 6395 6431 1563 5322 6134 6700 8147 2113 4866 5356 1084 4648 8927 2122 7343 4462 9827 6170 3506 7777 5211 9349 5174 3040 3424 5173 5538
8549 9178 9207 4368 5049 7991 8546 688 9259 9317 4780 8726 3095 7383 9911 5051 9133 237 9084 79 1483 7266 2790 4570 5990 6778 4836 6402 3998 8894 514 1041 4385 9656 5359 493 2872 39 4526 433 9610 4496 8128 750 5902 8273 4279 3817 3647 31 3487 7776 5377 26 9480 2068 1785 1192 6678 1113 1827 377 2972 6852 8547 4366 752 8247 555 2477 3318 1258 3946 6734 4473 6729 494 5363 814 2276 9975 7802 9342 1122 3318 2334 3681 1927 141 3591 2201 7921 5480 2989 2587 5966 2349 1630 9738 8179
2974 5176 288 5673 458 663 3104 5485 5986 6917 5379 3967 1414 8173 6482 7043 8003 137 6671 4163 3794 1957 97 3408 1666 6176 8759 4782 9309 3941 5894 7208 3581 6520 1886 5943 8053 1271 4175 2984 7470 4079 7482 7675 4600 7613 6175 6949 7232 8377 3112 2816 2623 1449 5690 8987 1946 8072 5026 9443 9173 3865 9374 9018 1520 3618 3496 7604 1977 3575 3424 3030 6622 8919 8186 1696 2615 8297 9242 4296 6153 4801 8269 533 1248 4753 3193 2261 1600 5566 246 6801 5364 3060 172 4681 3139 5218 7216 2009
6086 254 8010 6793 2318 3316 2720 2766 8947 1550 27 4932 1083 3964 4422 3095 2920 2553 4702 4663 8627 4756 9359 1050 3255 9325 7292 5301 9184 626 2269 7928 7694 5964 1565 4462 8588 7970 5809 5252 6829 9136 8798 4184 1623 167 8260 9902 1221 6869 5351 6453 5366 477 541 4409 9017 9749 871 6545 8006 7362 7088 7726 5236 4071 2547 2663 560 2330 4627 95 2410 4867 1225 2209 8582 4378 9482 6171 5734 6586 1034 8920 9379 1899 3399 5492 9928 6028 284 6332 5950 5419 4705 7766 2357 4398 1621 7301
818 1647 7760 9326 7886 2458 5506 9841 3393 3828 3170 6166 1842 6979 1775 5308 5153 7850 2189 530 8452 3585 5023 605 5656 1147 7753 2504 1349 5374 3961 6253 4138 6422 8363 457 3718 3634 1103 6154 1658 6578 8788 8821 6459 3032 2125 6036 5605 9262 7719 3612 9970 7184 9345 9311 1334 594 5995 3602 7752 3175 8259 5586 3403 2652 4045 2912 681 6929 3907 1051 9660 1249 8843 7682 7049 8302 649 4925 195 985 368 8153 557 86 2038 3384 9578 1151 3846 3414 4605 7339 7535 1397 7131 8013 6476 5685
4841 9828 4570 8932 6332 3241 8913 2026 7571 2717 9158 5014 5298 4760 5579 5465 4856 2763 6734 4585 8812 237 3570 7591 5411 4484 1025 5332 512 7595 1699 458 7058 2217 6876 1791 6706 8495 2503 9879 1865 942 3084 6035 1628 6612 6282 6813 1172 9502 8921 8639 6233 7179 5774 3803 6909 4567 2523 2622 3987 3293 5233 4688 4854 6673 2900 1859 9232 7775 9842 7231 3176 9036 4975 2612 1226 6062 2700 8591 3575 1324 6492 5980 3329 4195 6935 4775 2131 9941 1676 6704 7603 4389 4750 4429 7755 4175 3857 6974
6420 9195 329 4299 7239 4888 6298 3858 8763 4526 9051 9611 6116 6225 5732 7598 5294 6845 3493 2574 9665 7358 7556 3227 5115 6216 386 7104 4099 546 9963 7688 8759 3758 4947 6212 1443 9449 1113 2489 8988 1146 6789 4444 1698 3298 390 8340 1839 7396 6227 3944 6163 9758 8811 3272 1875 7827 2670 4289 4851 6507 6631 8433 7096 906 6857 4594 901 1337 487 3483 6720 548 354 3747 8883 5609 7246 937 7510 84 667 9566 3864 6385 101 8745 2975 9730 1800 3585 1266 1644 7429 3854 1347 3301 6290 1546
3878 2318 3642 3387 6139 5670 159 8259 9225 740 9003 8067 8412 1998 4770 1955 3760 4673 2662 6920 5511 8203 4990 3552 9534 5803 9647 8521 5534 9018 9026 1746 1672 4962 7317 2589 4057 4586 5017 8980 9802 4147 8872 8386 6446 100 3336 7768 5631 5462 7200 7945 8871 3439 9538 4399 3065 5652 951 5535 3877 804 4509 5411 9507 9769 3539 7882 2075 4178 9536 3434 908 2283 6065 1444 5896 4321 4311 1453 8921 1645 3594 3051 3973 846 922 839 4795 1950 5764 6392 4208 5484 9104 8602 5887 4978 9278 4460
294 6907 2534 1760 8646 9143 6598 2157 541 6499 6801 4492 7849 9848 5373 9265 3158 8481 3960 274 137 2918 4975 5436 2031 1988 4620 7908 672 2474 5877 5648 10 584 3164 6724 6357 721 2974 8714 2579 5462 3674 8856 9088 9533 6306 3494 5910 1218 8841 1209 2193 1906 531 7580 7738 6998 1337 5141 9383 3008 8219 7160 6309 1447 9513 6134 7668 607 1509 3453 1601 5029 3595 8176 9531 6662 4438 8237 7340 5003 2207 5135 8814 6901 3445 4965 1868 5195 2679 5411 5296 9892 3275 3165 8440 3464 6872 4958
8168 2562 3306 1413 5383 2527 7433 245 941 8602 3994 4983 1790 2367 7655 3065 5889 4598 2737 794 6085 805 7193 2586 2736 4669 2544 3015 9441 9434 2358 1511 229 4444 9080 3653 4700 8820 1032 918 9075 9091 505 474 3363 636 3979 6475 8696 1099 8670 877 5284 9956 140 8199 2077 5923 509 5634 5982 2205 9276 6789 5269 1596 1115 6223 3957 8850 3998 5502 8560 5852 1494 8781 9230 9665 8401 122 2413 5025 2611 6266 8575 2684 931 8400 2889 3375 3655 2955 3885 5865 7589 9047 6605 6451 1402 1250
3558 2873 2274 8817 2874 3553 2358 2978 9989 4819 9653 6133 7620 1780 9531 2557 278 9214 6276 6595 345 2056 6453 5276 9042 8294 8252 9773 8346 9578 631 4276 5750 8850 3756 8187 8077 698 7647 9652 7105 4618 9042 1687 3351 4178 709 973 3728 2995 2185 2101 9322 2351 1744 1055 9815 2419 4165 1506 9064 1118 2128 4131 8127 8208 8789 4308 8516 6911 4706 8911 1840 2173 2295 9571 2921 1207 3605 878 191 8941 3845 1635 6477 8431 7360 4035 4832 4853 3625 8419 4616 1689 7759 4154 6719 9120 6842 5309
8101 1276 1060 842 5533 1027 117 4645 4316 230 5331 2626 3694 6154 5311 4457 5641 2419 9195 4397 2307 4793 9359 7447 7979 6597 2319 7222 7426 7792 7280 4025 8390 1664 4668 2601 1359 9544 7146 3770 2537 2847 9903 2263 8033 4465 5797 4763 8055 1224 9246 5215 5977 6594 6463 2809 1351 828 5076 8906 9640 6731 688 4255 302 109 2082 3123 4176 4413 4303 6980 5751 5477 3498 5702 3201 7904 1620 700 146 4382 6339 4783 4405 9419 4738 2634 9111 2545 2926 6868 1117 8567 5450 3796 6906 9171 3046 8433
6966 5053 2690 9395 6919 5108 2606 1053 3739 7714 6733 761 8173 2877 3018 3047 2116 2109 48 8912 4848 8143 1039 2007 6055 5481 4529 8611 5487 9021 5953 312 4721 3994 9535 5488 2439 5557 8686 9991 3093 866 1993 1283 1152 705 9330 5535 6859 5288 6152 3692 4618 182 5499 8639 9805 8096 8227 2322 6669 6633 3861 1320 4477 2918 6562 6316 8772 5004 3747 871 5039 3785 8726 4168 1776 3206 7537 3801 3159 8578 2853 5588 236 9404 1895 8005 9177 4734 4479 5490 2961 1643 6613 474 6080 7841 8780 1200
519 1691 2623 9196 9070 8388 5819 7284 9566 6439 6866 3307 8412 3125 4325 4699 5753 7644 3631 5136 9746 3810 8967 3662 6273 8659 1561 3104 3937 9185 420 9632 2400 8146 4829 161 6331 6785 2209 4849 112 252 2785 6525 5324 826 931 6316 1832 5048 7211 4811 2060 8087 7381 7649 7782 8888 955 1366 2935 1561 8109 216 1118 1153 2311 2415 5655 3999 7779 1058 9792 4152 9360 5968 6341 7543 7525 2562 2389 8563 1186 8529 522 1500 7919 3496 5009 4400 4671 8755 3560 6320 39 9582 6308 3190 849 4689
5035 2281 2035 201 8706 8174 1910 1790 2534 1251 3215 9489 5011 9723 1709 5505 5296 4958 7953 9760 8516 3197 5700 188 1713 9626 9695 1503 9611 3757 2761 7944 5940 8465 5894 5630 6830 5942 4222 1319 7917 3721 5028 2838 7306 9373 7636 366 7629 1782 1780 3540 2942 4303 2191 525 2381 2247 6332 2124 3667 4763 959 1733 7213 4144 6557 6751 9516 3113 6441 2837 2822 6076 2848 9488 3774 7924 2312 3148 8997 1700 7300 340 9790 7059 7587 7895 4216 3853 950 96 9268 2865 1641 5276 9304 6616 1091 7948
7019 3252 1376 8939 3847 5211 2536 9772 1424 4376 1717 5907 4014 4981 6457 8462 6000 8481 7112 2046 6849 5116 3077 483 7179 8102 76 6460 1510 3956 3412 3852 2599 2497 3786 1199 6035 6321 3758 5541 4639 7965 9485 2681 7467 2062 3417 9562 8862 9535 901 4547 9724 9362 4565 6941 8459 7441 9840 8215 9520 5255 1705 8722 6448 468 7484 5110 6253 6199 2388 74 4629 9846 71 2444 8241 5470 2146 9053 3839 5361 483 7006 5821 3408 2192 7943 9874 7609 1664 5531 2597 4567 1291 2442 8022 1503 7372 2875
23 7755 5469 6071 8001 1625 9117 1611 5541 4094 8840 1354 9629 7614 5456 5225 8500 4350 2706 1106 2795 8827 952 6783 9523 8119 71 5337 9165 6572 7139 8166 7862 9178 6674 6128 7628 1493 7353 5778 5707 3285 2607 2360 9697 7198 1255 8015 4293 9966 5510 2379 8407 711 1917 3425 2226 9820 31 3440 9315 9053 503 7939 6702 2202 808 1271 8299 140 5305 8773 5717 9326 6941 5661 4913 4956 2991 235 5802 9296 7825 8161 3674 6079 5459 6809 1973 2829 2401 4155 8237 7305 9849 9493 2914 9696 3303 2644
2914 9885 2689 2141 5880 6190 7811 6936 4061 5676 3788 4859 6638 8336 9153 9211 5068 1497 4532 8576 7663 3547 7158 9564 7104 9986 6669 4895 2742 2844 7184 2165 4963 8876 9000 5903 8154 8696 6355 5223 8795 2802 2811 1854 8611 5073 1241 8426 9385 5289 6891 5675 668 8160 2414 9649 3211 7971 1577 3988 3351 4877 9698 301 7951 9388 7467 3114 5892 4809 9047 5510 5630 6721 671 402 3801 1694 5649 9063 3905 6281 9379 5528 5807 9696 4642 5890 4832 3967 8109 7185 6449 6343 1088 5833 6083 436 1598 6106
7046 7406 4802 2084 9585 2026 1443 7854 5263 3963 5066 6434 8028 1904 5560 8350 818 8657 7930 295 8946 4688 4275 1565 316 3730 2977 5312 1012 2597 7510 2463 7668 934 2653 3594 8174 6721 7969 292 4082 8366 1555 212 7294 7747 1077 2276 6796 4574 2170 1556 261 104 3414 7008 7995 8996 6016 5423 7358 7611 6229 8017 4220 1133 9217 8857 9461 7190 8841 6553 3806 3408 471 8626 7288 8010 2707 7438 4145 8534 8320 7304 807 1906 8143 9933 6648 5121 3925 5206 4801 3645 1789 8096 7892 6211 795 7637
8685 9468 5994 6762 7913 9254 4799 184 6922 3461 6021 7274 6705 2432 3761 2452 3515 3580 6007 3944 1492 9476 7031 7670 9038 6709 3024 3590 7984 8773 3691 8115 394 8342 4044 1929 9545 5842 6435 5004 5451 4003 6249 4850 400 1367 5333 299 1226 4132 4306 8472 5426 1319 419 391 8610 2873 6213 3712 1247 4310 5689 2476 8362 6783 4706 3412 8770 3077 1970 9896 6708 1905 6426 589 8019 94 4167 2583 9056 699 6270 3581 1261 8942 8185 6787 5656 3179 3341 698 6572 5732 696 5115 4604 8969 2326 5856
7904 8199 4201 8654 3700 756 9121 1394 3888 3895 8017 3476 9772 8027 9645 9294 9231 6532 3323 6958 2265 5045 586 9024 4586 5063 123 5939 7313 6427 2985 9169 1394 9325 4345 2064 1831 8707 747 7722 838 260 6427 2023 5969 1168 1913 5488 88 6087 5434 1514 8017 8624 3906 4913 4070 9927 5767 2481 5505 8348 6763 8091 4953 3677 7593 8810 4995 1459 9663 7141 8889 8242 4063 3151 7683 6903 2312 448 5958 7274 3850 9681 1532 836 1827 5504 9766 1033 4137 5584 283 1608 1135 4759 7054 987 9454 1466
7019 4923 143 5295 9645 1759 7765 610 9955 5397 2249 2847 9428 8479 8285 2717 9928 1005 7324 722 8059 9740 111 9904 6881 6436 413 1803 5853 8283 7963 4496 2076 3646 1373 2692 7060 8910 2327 204 355 3049 9417 4737 5083 8656 2093 4692 567 7026 4256 4666 5493 6600 9766 1847 5401 8295 176 975 6957 2761 5764 1022 7628 9032 274 1276 6959 1565 4389 7232 8995 551 401 3934 8997 2200 4355 8390 20 3918 4334 1188 2316 2038 6651 5475 9691 9012 149 7558 5395 8654 6676 4277 6357 1222 2015 6760
1431 7580 399 6978 9342 1765 2552 6687 7912 941 6703 7325 539 8593 1249 3966 8542 2761 4000 394 2559 5485 8807 1507 6869 776 6452 5974 5525 3858 7455 8597 5794 9056 770 6652 2800 9076 9473 9064 5323 2199 2798 1060 854 3910 2295 8712 5854 6944 5295 2064 4704 8105 7050 9571 4477 6855 7188 3943 1352 4255 4729 4178 6207 4480 1255 1939 299 4642 4726 9838 8404 2411 4111 469 499 455 4211 8035 5450 3422 8441 2932 8480 2328 4296 5640 2182 1384 8493 9212 9838 5885 774 9902 4445 5516 6742 8335
8248 2637 2256 656 4684 6994 8022 615 5536 1113 9218 55 3035 7736 4787 5576 5021 2123 7760 3409 2053 841 5344 4816 1094 803 9356 6858 5798 1936 9378 5381 5261 6030 4545 651 8891 61 1874 1973 3724 9032 9787 5597 6693 5811 5266 9196 1631 7259 6854 5819 6264 5457 7314 8455 162 1451 6536 423 9958 3961 3981 4319 1156 1123 2260 7649 7781 666 540 8919 6267 4507 7169 8360 6234 881 1331 9241 2823 3618 9786 2923 8294 8640 6915 5178 1096 6126 5884 7897 8652 8922 3048 4311 8701 4948 3575 9344
4947 8516 64 6085 6809 1316 5963 5865 639 3627 1017 6298 2820 6939 3423 9103 2706 3068 6941 3324 3611 7239 4122 5132 5867 7389 8728 1438 4225 3384 1719 9169 2351 3653 1700 5478 1201 322 8300 4349 1325 9364 7067 7471 7818 3202 6231 364 9067 7886 9834 8296 9933 3301 7051 716 7555 3421 7107 7790 9837 6607 3749 4462 4929 5095 7628 7366 4474 6429 9109 6948 451 2753 5802 7635 6357 6978 3586 3720 1100 6055 9033 3836 7018 3793 8444 771 708 8918 9195 7229 6747 8261 2761 7887 7256 729 5370 5226
5867 9824 9591 5545 8620 2798 5011 2793 4201 4149 2692 4687 6296 7255 3398 460 5024 8732 2802 9530 7717 3842 9821 4994 2020 2427 1468 7604 8266 5810 6766 4639 1523 9355 6855 3842 3283 9466 2260 2380 828 9774 4167 429 8970 3991 1995 1551 9099 8078 3031 2677 6942 9374 7304 261 8326 7657 5010 6268 7673 2899 2565 7408 3247 3596 5088 4764 4111 3702 5354 5112 2912 2448 3408 1215 935 4499 6106 8910 893 7932 5843 8818 7541 9690 3937 8942 2108 9201 1011 5003 7549 4446 8736 7166 9559 9286 7315 1872
2344 1478 3986 8325 3485 6462 71 481 686 349 2493 1782 3663 6904 3710 3167 6127 9063 6433 814 5702 6774 7267 4547 354 4154 3538 9389 3462 5060 1073 6672 7263 3614 6652 1318 5857 5160 3805 7258 2505 5354 4225 5642 9882 4325 4151 2112 7840 720 2336 4421 4499 4184 9003 5986 995 122 7673 8424 4303 2668 1902 7593 9598 5109 2172 1043 4151 6085 6773 4981 836 3624 3236 1653 183 2737 5303 5141 6915 4506 3212 1255 6001 9030 716 2681 8896 408 3309 9546 7417 3398 5795 7995 4784 1339 3195 1689
513 1224 5206 916 2191 6169 2904 1361 1684 7561 1549 7350 4313 8778 4376 6104 4932 5295 867 2636 5917 4974 7329 7573 4235 1477 9126 6679 3609 1076 2334 5465 4884 4425 8966 7452 2326 6792 9664 1294 2322 4530 1289 2617 9335 1998 1973 7296 2089 5933 7786 6738 7840 180 966 7962 2019 9944 1804 2205 7957 1669 6047 2700 2840 5376 6843 7193 5545 8064 9642 6232 9643 3790 1158 7965 5401 5119 8510 5650 4010 4751 388 8110 6163 4447 933 7064 1017 383 8572 7862 4948 1209 1301 5002 5167 5079 8544 3322
2702 5277 3653 6731 6594 9159 9833 945 2213 6557 9889 7523 6187 3596 8891 8682 846 4786 4025 2696 1924 110 6045 4625 5273 9117 6671 5895 2709 9985 5110 1336 7325 3253 8921 9501 2015 6785 5077 9599 264 4555 5654 823 4991 992 5615 6799 2128 3129 4899 3737 472 5458 3544 1605 5941 3935 7816 5444 1640 3091 9733 5254 140 6680 4198 896 2514 9317 6784 8797 5365 4616 3703 4342 5449 7635 1376 5931 8170 4035 8449 2707 7722 5286 425 9096 3650 6800 8395 3298 6470 4709 635 9318 1598 3109 4017 2876
5003 8501 3421 5646 1239 6432 3487 9508 4258 1620 5872 2758 4935 9600 6533 2290 4828 7976 6611 9042 2110 6683 8629 8286 385 9299 2450 1661 8304 1146 8455 3207 981 2026 1330 9218 4846 7659 8760 4861 120 2096 7413 1835 3893 9607 6369 3078 2792 4662 158 2958 4862 9660 9367 4695 8900 6612 4085 7971 2952 1816 813 6029 6212 3597 7275 9746 7573 4295 6297 7348 6572 7713 3316 7068 8961 7640 8050 1004 365 7232 4293 7075 8850 4652 7903 1598 913 9909 5835 2733 2219 2292 7362 3180 880 1054 2187 200
9345 3952 7384 5524 144 511 3510 2776 980 8525 457 2550 875 8783 1852 8894 8507 1225 6561 6744 2572 861 7576 2009 4648 7420 7256 5642 3492 5470 6348 4528 8491 5126 8244 7395 9373 1344 4441 8452 3786 7739 4093 8362 8850 8963 3159 5350 891 451 4025 1821 6104 5467 1722 4317 2436 5133 1431 6213 7049 3133 3726 969 8783 4424 4015 4182 882 481 6616 1234 2892 8131 1073 5530 6168 3707 9881 1693 3017 2576 1741 8491 9318 4029 4835 3033 3772 3677 1880 8646 3915 1741 6077 3336 6251 2929 736 893
5696 1440 9011 2367 233 5852 8338 3443 4753 1133 5662 4262 2435 996 3249 7256 6572 6203 4154 1117 4517 6039 567 9370 5883 7637 683 3992 5269 7340 982 5258 590 8006 2868 2331 1942 7522 2825 2752 254 2329 1924 4369 7159 168 8819 3498 9209 932 1618 9824 6764 9742 7486 3814 1584 1626 7282 618 5220 4207 6932 5428 2312 4462 2401 641 8567 3048 4449 5478 5035 6824 6564 677 8488 9013 7237 2749 2206 4759 3442 592 4412 2082 8976 9547 7844 8791 9525 8506 2044 7064 4477 3356 3897 722 8576 3907
9023 5497 3360 430 2919 2077 7062 962 8337 8460 2638 3365 760 1478 6053 8398 900 649 6008 5242 6530 2383 9637 3523 3097 7514 5025 4050 2645 271 8742 2969 1716 7024 5534 5607 2362 6791 6187 8963 4478 6594 5201 6096 4008 4153 8457 6496 3110 370 9118 1213 9333 662 2676 3449 5002 2596 4159 3451 7433 1416 6166 1155 7683 4035 3534 5837 4662 9254 507 805 5569 4269 2871 8828 4574 6021 7222 4923 6376 3486 6985 5390 9532 7471 1807 262 6126 5264 46 2469 7811 2769 2525 4580 4423 8431 9326 994
6220 2085 4927 9318 6730 9746 5006 6412 9355 3583 129 8916 4865 3660 6353 801 9056 1966 8004 2514 2803 3053 5586 2525 9627 2847 7773 4461 9580 6911 1135 7791 4467 7948 6418 6981 586 6537 4828 7284 739 4205 861 7612 7824 1771 5370 4480 6720 2702 9435 4337 552 7740 1693 4705 6246 9269 6307 4448 3514 5406 6368 3291 31 9563 5165 138 2656 4785 945 7245 8798 4552 9886 4264 1726 6839 8152 2836 4010 1099 1092 4000 133 8829 2698 7853 288 571 5183 6094 6524 9942 8520 6588 8557 2629 9500 4988
566 9968 2409 9823 7119 4494 5378 6254 797 9685 1647 9123 8612 9007 8408 7139 570 1926 3686 6296 5156 2618 7931 2017 4974 3923 4500 7990 4566 1712 1757 2484 4124 6888 35 7252 7459 1276 9370 9542 5937 1035 6348 7631 4994 8132 1355 9062 3223 4001 8352 4123 7836 5330 682 3321 7022 8051 8594 1767 2756 35 7182 1470 7411 5136 2882 2623 5162 8946 5933 5046 9397 9988 3825 1190 1194 6110 7120 4536 1661 1707 1039 7459 9138 3386 2121 154 9211 8361 7533 8370 4782 4679 5055 8401 1074 2167 1329 6166
2777 7349 6944 1233 452 4740 4103 5804 8371 138 3670 8032 8907 2580 5618 2841 4017 636 4697 4278 8754 5273 2545 329 4174 2859 207 9480 1630 7393 4306 867 5043 4655 9925 5590 9262 1000 9298 7715 9005 8321 606 3141 6870 3991 5039 4960 5567 9293 2168 7951 348 4821 7230 4932 2638 7173 1605 2510 4039 4440 4403 3035 7783 3708 3586 2958 4030 1833 7959 7497 9290 3775 8944 9381 2466 6789 6514 6672 8781 8431 8693 9611 6319 3206 8207 3023 5701 8824 4847 3064 3600 246 5250 2136 3946 8477 4090 4177
2814 4713 669 643 1551 7970 3532 1184 6265 4359 865 8364 4533 9332 537 5092 1531 7341 4065 6739 1969 1594 6258 912 4651 8312 7442 7653 7745 7514 4853 8556 6539 9936 2412 93 6051 9120 1753 5014 1104 6038 6103 1388 8930 1544 5352 9921 3429 4832 4902 8809 6452 9533 1608 9171 7925 1943 5259 3142 6678 8546 3300 4503 839 4758 9298 1691 825 4655 1189 2564 771 1303 3594 1358 8946 1793 4856 9892 3872 7860 7916 9847 3846 5719 6941 9063 2271 5619 8321 7436 2609 7951 3448 5863 7755 9994 6944 6216
7779 6872 4590 2297 9336 8253 7966 527 632 164 6065 79 1772 8868 598 849 5328 5384 4167 4604 9659 529 9310 2463 9237 8224 5084 5790 3733 6254 7114 7278 5519 3169 868 4273 8971 6795 7606 9637 7623 4090 4975 6667 5421 4341 1640 7374 6269 719 6961 370 4663 5414 3210 6801 2573 2966 9987 8753 868 7387 7391 8803 6767 4537 8104 3547 4175 961 8023 2462 1176 2152 1060 6300 1245 5710 1594 4782 1363 7294 1367 4900 7700 3494 7779 9467 6482 4861 9531 7126 7017 3307 9969 4519 4330 4340 2645 2648
9814 6174 9503 5035 9268 5883 8790 8983 2721 6146 5669 5716 1098 1404 4399 2929 1209 5473 66 7999 6726 1419 8390 9485 5433 1515 9440 3974 6383 2128 6323 528 6685 4908 9255 2774 5401 1481 6005 2093 7589 2984 147 4339 2070 4761 153 3031 5208 292 6841 9003 9133 418 908 243 1745 7887 4277 6596 4248 61 1345 1739 9697 1662 6975 8565 8191 28 208 570 845 2942 5642 7519 3615 6767 2427 2247 5921 9431 3772 9954 9577 2108 1265 4484 1945 9589 9639 1326 2702 6751 6203 2754 4679 8172 1679 3678
7440 9304 6825 1257 5408 4416 2312 9041 1685 2880 5960 5015 1158 544 2374 8951 8361 828 8211 6501 4693 3481 487 966 9738 5256 1453 9992 2621 9296 1542 2192 8533 7897 4622 3639 9245 8028 6320 8551 3901 99 2797 3649 1115 7900 4903 8217 1282 6283 7952 1017 9364 4408 3082 3536 6582 1524 7475 6383 3370 2999 6231 4784 6822 1677 7647 3239 4584 7323 332 6370 2530 7269 3573 3557 7663 5594 1715 5498 1654 9866 2572 6330 489 7926 6125 9865 8060 3054 9400 7154 1561 3348 5474 1989 3368 1426 3498 7750
9299 8353 9560 1838 5024 8990 303 4604 6528 230 9981 5051 6878 1466 7805 8120 5564 7590 5829 5831 5907 2605 190 3977 27 5869 8670 6950 2183 4731 7908 1938 1721 2269 7996 3122 688 7609 1544 8175 4617 7191 6299 1754 4550 8695 2101 853 7576 2519 6647 812 5900 1918 7776 8799 9265 2217 4010 5339 9968 5430 8925 8517 7912 830 2041 4269 1285 9091 8822 9572 2277 246 7398 2546 6200 2738 3340 7958 6184 374 7991 8645 1977 3139 4143 6122 678 3250 9495 4007 3765 9977 3129 502 9981 9978 9209 7131
6346 6798 1779 5248 7963 2169 8222 8230 6299 7344 930 928 6952 43 8195 2847 5963 3971 4250 6995 3991 5319 332 8281 3410 9158 6074 3558 2485 1530 7562 9354 2270 8527 7023 5585 1980 6671 7900 6796 8458 5397 2073 5503 589 4871 469 4188 9707 9017 3475 1965 1341 7203 1407 6659 8072 6682 5191 7617 4818 8049 6202 3086 4167 9827 6815 9919 9840 3556 9563 2182 2272 3827 9269 9096 5939 3428 2860 4599 7372 5712 2455 6608 6050 8504 6774 3674 4115 6232 9419 3923 7261 8629 8769 9887 7278 804 9774 4529
5300 8438 5418 1738 3775 8025 445 9057 9312 4059 6543 8024 3456 3156 167 51 1777 2787 8716 6843 2297 4452 4212 4936 8899 3292 4277 3662 7102 8550 8939 3891 3711 2012 5935 417 4112 7833 9198 7697 4302 9177 4410 5489 2207 6309 3374 7222 3970 1535 3120 9856 1610 8730 2292 3292 4086 7812 4441 9745 9727 8522 5728 8713 7600 5315 9084 9942 5496 902 3463 4871 5937 8040 6797 3110 7857 2486 6677 9177 6354 1752 9017 4959 4716 679 9871 2288 6211 4397 3346 3792 1292 9054 8638 1989 8521 7874 4223 3553
3681 5027 5195 5649 5360 8572 8032 2889 4808 4848 9194 7140 5202 2185 6833 1415 4232 6102 9246 6067 7380 419 8934 8034 215 5451 8319 9900 6209 9854 9361 7023 7631 3770 6403 9320 4649 7763 6839 2571 6864 9811 6660 9341 8358 6325 462 8569 2372 8654 4348 2010 525 4207 4986 1249 4401 3543 4320 3734 635 7671 5026 9689 2460 1098 4545 7725 2619 9015 5934 257 1572 6302 6767 7898 5578 8286 4594 4382 9853 2765 5883 8958 1616 7 1221 2832 5115 7591 6962 2406 2672 9688 228 4142 6480 7362 7111 5085
4699 3206 2363 4251 600 155 3391 6355 8182 1803 7354 6957 6482 7675 367 5083 3879 5641 4464 9400 5512 2120 3152 7228 8574 2002 6215 270 980 1151 5241 8925 7031 3775 9364 9684 7722 7470 9225 9643 3058 8015 6071 4025 3134 2305 5474 6856 5189 9143 1412 3106 7108 5991 4929 9857 9923 9154 4598 1288 4884 7330 2161 8113 1147 1981 6280 8362 636 1761 7610 3295 2340 2085 6758 3651 1236 9829 6814 4728 9101 4436 8773 1982 3325 8508 5029 2735 5707 579 4239 648 7578 9643 5005 4882 6289 2641 1779 7623
4343 5766 2581 7165 2924 8151 9838 8369 7795 8017 5636 5116 2506 2986 3826 4475 8913 4182 773 5493 6853 6154 279 6458 1258 8463 2736 9894 7299 7185 78 8877 1294 5663 9128 1750 2629 1882 2575 297 4526 2219 6574 1447 4148 3115 4739 9830 5503 7 7176 372 9310 8332 8573 4562 11 2862 2179 4788 3806 3975 5471 1945 2289 5288 9909 9744 3814 1633 164 4716 5879 8927 6856 161 615 5682 9609 7804 8023 6478 5880 1352 5707 1695 9796 529 6026 4074 8595 8070 5951 4077 690 1603 8871 1215 6204 6119
6126 2765 4631 1726 5091 3473 5188 5466 9255 3610 9971 3142 8024 2184 5571 7066 9137 3204 1324 8978 4854 7347 3428 5475 4318 1986 5091 2049 108 7692 8947 8634 3638 8749 2535 7001 3888 4162 9668 6237 12 816 5312 2986 4003 7365 590 6911 8548 9523 5335 5311 3647 8452 9426 8875 898 3203 1725 7454 1502 8559 1720 9800 8066 4423 6813 6300 4338 4582 1834 2446 1001 1056 1423 4269 5743 3222 2421 2815 6189 1693 3009 1625 1308 2261 7378 711 1020 2563 7297 9578 8592 9585 443 9085 0 1919 6117 5948
1967 1441 6964 5923 8733 5739 5200 3560 5345 2221 6967 288 3907 296 5333 6788 7753 9641 7732 5496 3064 9352 9799 9926 6517 5783 7349 3407 4557 3957 5648 4740 5193 651 8585 948 2246 516 8906 7824 1253 9205 1098 740 9092 9510 8977 4576 407 1558 8075 7045 8088 6809 5974 487 9222 3829 7068 6590 693 5033 1921 3363 2458 2037 4315 7943 6641 8159 5325 8415 3978 1528 9540 9200 2843 9594 7833 1855 2666 6877 7866 807 2071 5801 701 3859 3834 4855 7895 1752 2502 1239 8559 8074 1443 7671 7068 5049
2710 2168 7960 1739 6311 2199 4767 3300 6854 3574 4344 850 5960 2430 4449 7076 9771 1749 3093 9008 9568 3742 2526 8156 9032 6756 1317 5118 3045 7409 9782 7429 8542 4394 1424 7215 1244 1947 7138 6113 8498 1852 5926 8450 4432 7080 1057 9677 9966 20 7618 8238 5853 5285 1608 4478 2115 7970 26 7030 229 4493 430 8558 1310 9492 808 1521 9630 5208 9354 2406 5967 672 5169 8286 5061 6321 8215 9610 1898 3702 1911 1212 9988 9791 2773 2299 5319 2771 4495 8376 1518 6052 8436 6332 5579 275 110 5907
334 288 4230 5831 7716 8886 6966 3687 459 9570 3782 3485 5404 1522 6982 1606 1728 4678 7287 3038 4844 3707 3110 4725 6698 8801 2306 6314 7783 4583 5651 8014 431 8929 5103 4649 7489 5983 503 2994 8635 9222 7223 6422 137 1589 2797 2609 2147 7024 2971 2491 6833 4612 673 1024 6234 1039 4515 929 9778 8430 7277 5082 6403 7155 4473 5008 5943 5069 9646 1758 8734 602 7896 5896 8911 7713 9371 9549 6784 6365 7850 6803 8363 4454 1558 4216 97 8775 5913 7681 2958 3046 5095 101 2366 9341 6389 7628
8841 6009 6683 7585 5238 7768 2311 3465 6887 4934 9623 3864 2225 7419 4310 7447 2642 3374 5650 6367 2625 1545 5805 5721 3915 5605 5969 9223 7525 9406 4008 1110 5569 3893 2898 360 9312 6954 6492 4496 7017 8414 4448 5353 2273 8550 6780 6506 596 5726 8271 1423 8071 9583 3812 5261 7601 5998 2689 234 3880 7016 2702 865 8006 2635 1512 409 2080 4422 5685 3386 9428 2682 9798 3572 3712 7689 9111 5097 7590 3187 5865 4988 7795 6867 9392 7263 4607 7786 2536 4492 2953 6501 1205 9087 5020 3670 1844 6859
2334 4902 7437 5470 601 3079 5581 57 5971 653 8242 1921 2607 7665 3499 1386 4731 5231 1714 5780 1474 177 6838 6212 7355 657 4335 5745 1791 8512 6367 1519 4053 5099 6460 3903 3092 3148 5681 6834 774 2899 3545 2113 9007 1851 8061 3072 780 5973 4557 2377 9422 4172 4495 6054 8970 2911 3128 6310 7600 144 4868 8097 7772 3120 1420 2116 2034 6988 1376 1919 9498 9752 7308 888 7315 5167 3998 5147 3820 4815 8453 7187 25 1133 4609 5314 615 8916 7596 4688 8936 1285 2281 2446 612 7772 4842 8130
3552 4884 9260 3214 9082 7529 7103 50 7293 7581 5925 7101 6173 8045 7618 674 9669 2523 2384 9152 9626 7735 2022 5783 6145 4501 6786 1852 3830 4398 4749 9398 2914 2279 7566 9038 2049 3411 4451 7324 318 4227 9082 9594 8502 6944 4849 5848 9774 4161 2915 9424 2318 9671 5349 6471 983 1653 4147 1987 45 6646 4940 1295 3684 5361 4759 5415 9145 6689 3839 5721 1319 5027 3996 5457 9039 4912 7515 2150 4091 6876 4743 8283 9690 13 4672 6412 4335 5197 8746 4101 9479 6127 6451 479 3927 8356 9007 1558
410 8301 7096 2603 4820 4214 9810 2691 7978 7356 3070 3509 540 9943 4618 8805 6546 6730 4367 9330 7794 6440 7824 4547 2356 9939 9885 5308 1922 3826 5662 819 4413 116 2946 903 9252 3517 4526 9791 9211 5574 8011 5694 6274 9104 4538 9582 980 9970 8757 1531 8612 6163 6771 1552 8751 3753 8338 1990 6442 4467 5442 7391 3513 4433 41 2286 5713 5616 1733 7957 5697 3044 3139 7508 3561 2721 3283 9609 5749 9127 6574 2868 2476 8886 484 8709 1853 6326 7949 4658 1812 585 1027 5932 213 3685 588 4340
3963 4214 2561 4129 739 8048 9866 3291 4122 2599 1156 7457 6500 6415 8407 5269 5783 1959 2921 413 6648 1412 8914 5595 3476 2255 766 4277 8201 2420 1629 22 8859 7318 1396 797 8271 3498 5456 7417 1671 1992 9178 7548 4371 3270 4616 8172 6381 253 8606 2433 3499 2816 2211 7688 5950 8262 119 6069 7044 2462 8925 6351 1709 3632 3551 1415 5290 4506 6673 2582 3387 8252 8505 3096 5555 8872 6978 5385 8152 1875 3808 8665 9123 7281 6788 1777 7537 8893 234 4393 3056 5367 3460 7644 8910 2984 8867 4451
6092 5206 8111 8132 4392 3197 5945 3264 9030 1942 1127 7807 5320 8354 8017 5646 9944 618 9909 5972 2993 7083 2158 937 9510 4398 2126 7838 5148 4656 3490 4259 1770 6352 8967 45 4445 4161 7840 8309 8072 2503 5315 7876 95 2058 2796 1421 9563 1623 9488 485 1424 1132 1155 784 8822 5184 1611 4692 7636 1368 1852 5260 659 3989 5545 7686 1086 5687 4035 6558 637 6632 1926 5698 8105 5908 2955 8733 3547 40 842 3956 4328 9220 2782 3431 9993 9030 2522 5158 3632 9534 8288 9936 1960 1563 280 5246
6856 2127 9084 4259 9495 2633 7026 5196 7220 5608 1876 4018 9216 666 7776 7436 7583 8378 6103 5569 675 5381 6014 7457 1390 6122 8423 4495 1874 5943 525 8512 7542 6528 9801 6441 6133 9716 671 9136 2771 3966 9121 934 8571 4135 4862 2207 1518 3901 9347 9032 5707 5387 9171 5943 548 5903 4635 1048 9799 5814 225 1483 8959 510 2863 2468 203 9525 2012 2065 7857 1761 6776 7516 9268 5671 1345 1003 4448 5880 3828 2026 8001 3890 6867 873 6929 8372 6763 5681 8857 3217 864 4768 8029 78 1538 9061
9821 8947 616 2506 6835 2080 1840 9803 4663 5020 6295 2353 3671 4755 6132 8795 2537 295 4661 7453 2182 5235 1570 5870 1185 6368 1150 8780 6218 1538 2983 5653 1244 8397 9275 4671 9833 1333 9925 6600 4367 7468 8519 3580 5449 8387 1316 9956 2584 247 2563 5547 5597 4692 3230 6835 9678 2738 8880 9426 3814 1176 5400 8258 1382 3912 2934 1979 6818 7123 9634 5992 6772 7445 5043 5489 5222 580 5092 3074 9339 3613 6706 8456 5481 302 8369 8823 4027 9628 2913 6558 2579 3469 9931 2285 4613 9192 8590 2383
8291 6195 4853 8940 2032 8069 6602 2897 1884 8647 3838 4067 9949 180 3030 2841 8163 1971 5933 8008 3955 9180 8440 9780 5245 7147 6749 7049 2748 5441 203 5560 4100 6721 1 6291 9677 8934 2788 3559 755 2511 8668 8892 7471 8884 6366 2250 6725 1595 6556 7473 7747 7597 802 5306 1788 3197 1144 4395 3259 3960 6731 7529 8482 3802 9216 8091 5869 5702 7401 246 2502 7675 1881 3505 788 6996 6007 6620 2492 9384 249 8847 3876 2475 9346 1176 8075 7498 3198 2610 4947 2128 6796 5541 2716 7302 4237 4382
7337 4304 5914 5200 2985 2982 4106 336 7376 2269 2619 6641 9363 9969 9011 5317 4191 1194 8878 5745 7448 6839 1838 2040 6535 3463 7837 6962 3303 2572 9186 4828 2605 198 3584 6523 5514 226 1070 1098 2779 7939 9721 3985 9288 9916 326 230 6583 7813 2754 5309 1459 221 3371 9607 7804 3369 3138 1384 9047 125 9797 372 3144 4054 1797 1279 3406 6015 285 6003 2308 9023 561 6479 6959 2613 175 6119 6150 5473 6149 4380 1329 1993 7411 6121 4150 2549 2070 324 2791 5362 7072 5599 98 8541 3369 2325
7801 3581 5475 1733 7553 8809 3509 7872 9643 274 8116 3066 6293 1319 2561 2076 1384 4412 9945 4143 1851 2185 9848 4146 9138 5620 2683 1736 193 5375 8197 9637 4843 6414 2439 6054 3359 4080 7503 8295 738 6430 1269 2589 5865 9273 9835 1284 2245 1725 2657 3702 9370 3450 9109 5986 6432 6845 6911 7433 7579 5257 241 1339 8026 5597 1996 6285 8714 5947 6001 659 9717 1962 5032 938 7439 6588 306 5858 2215 9033 9467 7794 624 8383 4707 3624 1463 9921 5539 7882 9557 6135 8087 9983 7394 2689 4648 1264
397 6540 1190 1538 7169 2776 5507 9620 5194 4199 9273 3519 7206 7560 8340 121 8243 8035 899 8511 5223 8630 2606 4968 7437 7019 6810 2539 6108 1710 5958 2291 1362 5853 6736 5728 773 4949 8373 175 2575 84 438 7093 8148 3493 4058 9238 3687 7167 9037 9711 7976 6351 1688 7154 7932 6841 3539 7638 7024 3413 444 6972 9668 9539 2134 2062 1427 4299 6305 3316 6416 3757 8450 6790 3427 4458 8701 2155 3787 4596 318 32 8921 8432 2798 4598 9642 9742 6677 700 6176 2389 470 9185 2145 5107 5905 3770
7895 807 7969 546 7281 4037 8685 1382 2273 7733 9601 4995 5873 8082 1490 5465 5679 7209 6537 6229 7418 6373 9884 8522 8434 6694 3464 7199 8186 2191 9643 751 7662 4619 4265 5293 9593 4656 1501 3112 812 5593 432 4703 3725 6314 1736 1244 6684 745 3212 9336 4078 6451 3914 7608 3342 4643 2714 8213 7815 6298 3393 3846 4533 1904 3856 6587 1113 1460 6113 6508 7785 3658 4691 2138 7992 2881 6832 5365 3609 1256 4312 4206 4112 4113 5200 2134 7393 495 536 3919 5534 2080 6840 4854 4031 6468 7918 5161
8636 7529 7096 6388 9452 1906 8559 1045 1260 7566 6323 3347 3630 6910 5082 9968 8481 479 909 9426 1806 3709 6934 9160 9191 8339 4787 2538 7903 9778 2310 431 6347 4384 8251 313 692 3588 3821 1810 1830 1881 2704 6268 2633 6855 8677 2466 8698 1685 7558 9782 4056 3271 9630 3205 2769 1048 4511 4154 801 9141 6766 4911 1679 1348 163 3588 209 1699 5036 1029 680 2010 8799 4899 7206 7559 2788 5073 774 823 5182 5773 267 8896 9460 145 6159 2511 2283 2578 8252 3338 4366 6553 2379 6115 9392 4893
5899 4021 4776 4147 8217 8830 9318 95 3247 1890 4280 5815 343 175 5141 1808 8881 2537 6734 8503 7085 8913 5273 488 6166 4953 3942 8419 5246 7852 1771 1375 9383 5126 2758 8737 1680 8932 5463 4618 7584 4327 2679 176 5851 5071 9562 7840 5118 3287 7360 7118 3719 6701 570 3025 5199 6691 1830 5625 7753 809 8888 8054 82 9896 997 5603 5753 4279 9423 2162 8967 8924 7551 8208 9229 6980 5135 7053 3533 3860 5118 535 9244 7007 3813 2806 9736 3145 822 5737 5696 3350 7453 6543 2731 3972 3917 5073
5828 5850 9105 1134 5136 6156 2519 669 5357 5418 9006 7188 2213 6533 44 7257 6620 8380 271 2390 7828 6420 4271 484 8862 8983 415 8246 1234 2578 9898 2937 2920 1254 8646 2873 3356 4735 8526 3298 2396 9620 1176 6617 5999 1156 8149 3018 8097 3513 7171 7814 2822 4116 1471 768 507 222 8605 6601 4520 3879 8822 9671 3183 4282 3081 9589 2970 377 5834 4565 3856 6484 2762 344 7135 3828 3735 5774 7030 5091 7774 5502 2411 865 2088 3116 2531 6098 233 3727 3332 8019 1684 8292 4791 1991 2030 368
2487 7227 4057 8562 2492 4373 169 1972 7297 5166 9758 9933 9584 2359 8872 7952 1681 9078 5072 2975 3023 1354 2086 8116 9592 1338 4711 8384 101 5593 8356 8521 9687 9498 9095 5536 8954 9252 2267 1716 1860 6241 1570 8875 203 5945 1849 8495 637 3245 4036 2191 8596 1691 6849 2533 6742 6488 5135 1167 2304 6437 4384 6156 4610 2600 5399 5229 6178 2066 1162 138 2243 5311 8860 4541 6288 1936 4741 4436 8100 1131 6924 4942 941 8291 624 785 2469 7402 6825 5546 4452 4887 3462 8865 4300 9270 2282 2272
509 4054 5775 850 109 1135 2519 2493 9716 2657 5391 1696 7595 381 7307 5370 2282 1236 807 9107 6021 9294 5772 1890 7605 3181 4264 3710 1537 2480 3532 9047 3563 6983 3239 4185 1319 1702 9824 564 6169 4578 6578 8388 780 7221 1101 8700 2643 9694 4641 3229 6452 4726 6683 4041 7999 5368 269 1729 3634 194 2284 1311 9315 378 8276 5322 3439 847 8043 8646 2664 8597 9652 9819 5853 3625 4331 2750 1216 2285 5532 918 4882 1071 8342 3277 4507 1965 7235 3358 5254 2534 9083 165 5789 7461 1959 3752
7008 5421 964 1866 3362 1299 1060 3354 4267 8280 1695 5744 8910 7110 1214 5657 3590 5505 9299 3064 1488 8287 1874 474 9261 9979 6811 4575 1888 3525 5989 6011 9802 1620 1173 2104 4442 125 9032 1622 3498 4987 3021 9541 1364 4583 5404 2183 9099 2970 5178 8606 8094 9869 4249 1089 1326 9971 3363 7799 4480 7651 5862 3462 9315 9773 7609 609 8248 9639 799 9848 6020 1660 5139 82 3928 5827 4833 7282 3839 9984 1483 1555 308 146 6030 2139 8404 2022 1741 3661 3575 7834 8144 2646 7749 6255 845 8075
8445 2932 2964 4276 9169 5816 1393 9461 9179 8486 8242 4868 3519 3928 7717 6619 3247 2953 2553 874 9722 5470 1758 199 8175 3846 775 5665 1266 1955 1416 7919 8050 5909 6890 1370 3632 7968 1434 6332 697 9830 8357 8004 2018 296 4487 8359 1927 9926 3587 311 2815 4928 1645 9651 8812 717 9840 175 8019 8690 7280 9295 2943 4377 4061 6162 8511 7038 6480 9785 9288 2700 3019 7653 6748 8836 8197 8533 2442 7601 6771 8259 312 4598 8300 6353 375 9502 7072 9234 4068 4080 7678 7546 3671 2184 3844 8503
3000 838 9440 7067 530 8035 4835 1967 9543 6562 5961 5684 953 4917 3067 6661 9662 8182 1121 9659 3069 4985 2922 3974 9055 512 2949 5886 5739 3978 5421 2179 6595 9236 5239 9231 7750 5744 4005 5644 5393 8106 7548 1199 9534 7848 2974 9621 8855 3882 6789 2130 3513 667 4146 314 6470 3359 748 4592 4083 2737 4831 4631 8499 9868 9052 3025 1423 5477 12 6767 5932 7068 1343 7712 3591 5909 3871 8977 3012 7136 7590 5504 6702 3081 8970 3235 769 9291 573 4342 7114 3213 3800 9187 5697 1565 8613 8750
3556 9008 9722 4890 3137 6304 6233 494 9155 8372 6417 810 6951 7299 6734 1633 2972 6867 1537 2576 136 2004 1545 7857 3905 325 1395 8441 8687 7259 8801 1680 2728 5303 7538 9268 3020 4238 8855 3621 3518 6779 4352 2752 8908 1020 4066 9170 751 9248 8980 2719 6400 686 9252 5815 594 2978 4739 1760 2589 9037 1284 5089 8195 3503 6521 9872 2240 5200 7763 8031 6492 9116 182 3785 4279 6110 6536 3069 4003 5464 522 9134 7057 8425 6515 1313 5198 8178 7142 4236 7610 6654 4453 5750 677 3667 4702 2590
2098 7513 6801 3360 4530 3044 4653 6008 3629 7374 7369 588 5972 1256 4481 4222 9654 1367 7913 3989 6850 5209 9369 8587 4403 9075 9709 947 7569 6220 8413 485 4857 4801 3231 1922 2817 2483 4209 9351 3870 2185 4630 6705 895 598 7592 9059 1860 6463 129 4356 263 9510 7889 2577 6879 3194 554 2184 7137 7825 5273 7780 2713 6334 9708 5751 6150 228 3683 4372 2377 3372 179 81 6028 8280 8361 5384 8243 2291 7597 2944 4025 2123 5568 8747 5482 277 4530 2839 527 750 7067 3830 3342 4963 2763 4565
5835 2026 4464 3204 593 6514 7084 1535 9035 8443 9694 1338 7652 3068 150 9915 3214 9217 1767 7158 58 2904 4515 8236 7719 3194 5868 4395 9625 4821 3676 1916 891 9323 1005 6897 1915 8055 5393 4560 6693 8058 1207 2808 7822 8351 2183 6080 6787 5651 7532 5814 5097 5961 4647 7274 204 6376 2727 7962 3249 395 4473 4857 2198 155 7027 6030 6145 6179 8290 3359 6837 4432 5247 438 5190 4836 4749 8213 3185 2593 4805 6751 6158 8840 5812 7780 3142 7944 6456 3001 5785 9688 5924 6715 5021 8738 1350 6576
1819 4513 8359 9256 1390 1885 0 8795 3919 7535 5500 2847 642 5715 2733 1563 5458 3680 7249 3181 4668 201 2225 5142 4717 4017 4546 5797 5286 1494 7729 2240 2997 1369 6181 3343 9243 3647 146 7871 5663 3715 3995 7899 7736 2919 3275 25 681 9403 9202 8185 9995 9739 1027 212 2910 1330 9166 552 8666 1477 6096 4865 9374 6667 8491 1660 3647 7100 5637 9575 3497 9913 3955 2185 2172 5726 7295 286 6561 5007 2540 6162 1545 9005 2713 6539 830 2925 2268 3975 4061 1725 189 4186 9860 5362 1478 2920
985 2395 8812 8590 3264 603 7775 291 4742 8262 2457 3077 9917 2876 8638 4952 3766 7048 4379 2544 8565 363 6265 7674 5796 4933 8360 2878 8374 3551 3442 7204 2501 2045 8893 6170 7679 6937 9053 2793 7459 9895 9221 8780 8182 2280 7885 797 3991 9032 3952 8106 8763 2136 1711 3804 5544 6803 3394 9150 2849 1690 2020 5209 3872 2715 7803 7307 9432 8792 8549 1968 793 7045 8170 3765 1574 7958 864 9997 7369 4452 5935 6149 9378 5923 2401 3140 1446 2142 7113 9983 7570 373 8204 2478 4327 9658 4164 3657
3128 5524 3270 2246 6225 9346 2740 5325 3967 8048 867 5360 39 9798 2013 4432 9717 4371 4885 9803 3734 1793 6306 8765 5992 8296 2109 2477 3412 9915 2714 5966 9797 9435 6423 1976 9972 8673 1072 6256 5607 8685 8720 9421 1345 7213 1485 1223 2501 3997 1228 9445 2582 2402 3810 785 42 8398 9188 602 623 8533 4865 3138 3323 3940 5690 2857 6302 8276 7555 2788 5399 2914 1198 9957 1113 124 865 543 2964 7022 7141 9365 5922 7865 6305 1247 190 4997 7924 4921 7446 271 9374 7791 5603 572 5185 7454
8692 4469 1607 8981 4725 778 2172 8544 9252 9464 3641 7085 136 7877 4477 2199 9055 480 7051 1631 1668 7170 3161 6145 246 1395 273 3235 5648 4010 2552 4623 8329 1455 517 2591 3456 4737 3313 2984 9910 2976 9680 5409 7749 5441 6530 9126 6409 8987 3447 242 7742 8138 7374 6404 8516 7940 6062 9943 1666 6926 5342 3582 1795 3453 8276 2577 6574 4543 9431 3944 7655 7742 2813 9050 5373 9074 2766 1712 8629 2409 3361 1719 7434 5993 9445 8525 1322 9990 7806 5051 6160 8681 504 9882 9335 6922 6294 8774
990 1490 7264 7901 3955 6832 6512 3629 2058 6388 5372 6974 8242 9205 7361 5341 6610 9160 6067 1800 6873 5923 4062 6032 7629 1864 1836 7055 946 5569 4008 3359 1358 9178 6301 8599 6767 5008 4993 5842 4455 5468 1878 5342 4080 9273 7990 789 9620 9487 8862 2257 7528 3035 8491 6390 351 4122 4257 1640 7267 607 1013 5426 5607 9218 6611 7556 6319 5545 3054 7445 1977 8484 9875 2472 6966 7153 1596 9250 6510 7187 4242 3020 1977 8590 5208 9724 4370 5248 3329 6464 6597 2276 395 176 5986 8232 6675 8644
4596 4064 901 1340 1514 3125 418 8949 8235 5483 5629 4636 306 4985 2447 771 9940 4815 7752 1128 4425 9488 1760 4205 1436 7254 4017 5523 4506 7183 2249 6836 5304 7770 8455 9224 5707 7729 9125 1854 7015 1714 8531 3193 2488 4290 7839 6871 9025 421 3736 326 1705 5592 6508 1816 5452 4543 6380 4797 7438 9691 6979 4215 4534 7893 2177 5387 6558 9634 5189 6956 2508 3496 4083 217 8605 7772 7194 3126 9477 1283 3646 4397 4743 2306 4053 6693 7523 1070 4444 6255 6306 2051 3034 7013 1097 7927 334 866
6445 9669 6418 6153 3908 9711 556 7556 5042 7207 1899 2103 1447 8829 9355 5670 2999 355 966 3180 5923 5088 1340 2213 7133 7148 4524 4853 9054 7066 6920 52 6108 1139 5940 8283 2452 346 5504 1379 100 3548 7667 1452 2347 4259 4941 7216 286 4868 1805 7281 5856 5186 1464 2071 2668 7028 1216 6663 3364 7933 9776 1941 3752 8478 1810 9430 9871 8131 7877 3885 5176 936 8075 6645 2043 6901 9266 5942 8296 480 8823 1960 9953 9140 1423 5848 4303 181 3430 7723 2018 1172 7299 8826 2253 9199 4741 6318
8610 7026 935 695 1806 5651 3105 5717 7407 7368 4779 5948 1632 7271 5346 5768 587 6318 1160 2253 7034 5209 7453 820 9107 1752 3095 6476 2504 4033 5015 5057 9951 3714 6251 8114 155 1886 1967 5596 5267 2735 6795 6582 8936 5547 485 9863 8195 348 6988 3450 8070 2172 4726 4885 6596 9016 6759 4020 9093 4307 5872 9164 7635 9959 3321 5211 5814 4203 7920 4930 4915 5566 9388 5287 5815 1754 6660 2569 6099 5178 5007 1872 1465 1092 829 3815 9899 4155 75 8785 3083 7065 5214 6177 1733 9530 6176 9500
9243 7113 2486 2645 9764 4303 3654 6720 7728 4792 5068 7662 8848 4563 6823 9024 7632 3379 6252 6111 6571 5828 9320 8813 2784 6807 1736 342 8457 66 8325 8141 6631 6943 2351 1492 8954 5910 686 7651 7910 3345 8027 3515 7973 1130 2190 8853 9542 8342 4559 8629 6558 4582 4025 193 6000 4197 756 8855 5323 9063 6356 9435 6143 6232 5179 6057 564 3693 4351 3602 5225 422 5687 4039 7169 9611 260 1102 4834 6536 5318 6768 2114 2580 5705 7255 3223 8714 4000 9158 5242 6913 601 9048 9185 7925 2051 5667
9524 8753 9219 2208 5696 1163 4923 8863 7434 9850 1882 5053 3549 1044 3717 8620 4679 2047 405 2438 4539 7762 9005 6518 6991 9116 9615 7680 9603 7696 6901 2943 7726 792 1615 2201 167 3819 3429 7881 4962 3059 9650 724 7962 4161 9425 5290 6603 1326 3155 1361 510 1717 5762 9203 1595 2759 9738 9811 6267 1694 5893 1377 4910 948 4823 3466 7056 7603 3245 4597 2911 4951 906 889 6823 5801 2080 7512 1719 4351 3597 4787 653 8478 7332 8345 1302 3219 8978 3311 2699 3757 2145 7068 6477 1266 6253 7905
652 7489 1533 7751 6933 4248 1856 5591 3849 2665 2224 9387 7735 9712 6296 108 8165 2794 7710 8369 2525 3191 9845 3994 995 5249 9838 1332 8019 5840 9913 884 5535 7510 9552 8139 6911 1702 2622 7865 9139 9364 7663 3415 6128 6728 3463 8747 3557 2211 2632 6093 2080 3145 5667 1131 9993 1176 9775 2539 8709 3923 4005 7612 219 1080 8359 3566 3851 3248 7342 6842 1230 4830 7079 8754 2868 3723 1392 7460 8683 1093 5397 5955 6627 5842 6900 5774 8282 5960 6022 4273 4279 1869 2080 8334 1954 9472 336 1800
8786 8080 9898 5314 4791 4700 3888 1710 5365 2209 1951 7508 2316 1334 1025 2349 4703 4176 5544 7035 5458 3424 1645 8106 3593 7852 4520 1595 9560 3336 2029 32 8408 3343 1930 8362 5128 767 3864 9242 3800 8423 3283 638 1668 8987 2095 5693 7389 2346 3754 2639 8838 7619 7894 4978 3199 2824 2675 7005 8466 8312 6938 4304 8977 332 4512 3333 1883 831 3100 7940 1685 82 2921 476 6949 7998 1051 3443 1587 8778 3545 139 7401 7066 514 9121 8377 2567 7587 1084 1024 5716 4520 7022 2666 7920 7290 6029
2127 1702 8192 9599 8593 7932 7987 2421 7496 8921 4392 4691 7983 649 706 892 2227 9779 5853 781 9393 5588 7845 2907 806 761 2175 7970 2016 9973 7544 859 5340 7774 6480 6173 4024 1801 3552 2267 4180 3469 5086 2 9654 8202 5731 3522 8297 9167 1158 4078 7751 7998 3290 8923 5433 6164 1288 8623 9684 956 280 9707 7793 6425 8687 3711 6217 6893 4425 2269 7826 6491 2111 7480 3976 9271 6933 3103 3334 1978 1505 8237 2128 7452 891 5801 8165 3720 6609 4424 3030 9234 2187 9231 3066 6468 569 4727
3134 583 8235 6435 9992 8743 2619 4879 5389 1683 3988 9167 925 2534 7378 1312 2901 5774 7888 7571 3914 7877 2830 5971 7438 7191 2736 7385 2650 1858 6303 1097 6247 2987 2815 4515 1764 1275 1721 3481 112 7669 2469 4994 332 2022 994 4315 8433 8644 1982 9397 8086 5203 2066 1295 2254 7515 2749 6523 7046 3865 3608 1629 4019 2351 9125 3424 4933 1384 1162 5888 6565 1021 7750 645 4132 3120 8595 2397 362 7455 9530 7310 9492 940 5594 1931 6308 5793 671 2415 1872 5151 5615 3843 5603 4840 9379 9634
1011 1052 2967 2845 6938 6329 2014 8659 6448 1619 5289 5376 5991 8433 3270 5728 9405 7046 4730 9360 1790 9821 5562 7238 1312 1832 8444 3545 817 9977 5381 5620 9159 5197 7633 324 3818 517 6276 9609 515 3104 6379 4872 6208 6401 8731 6328 258 2893 7577 1297 36 3837 5968 6689 3338 7348 6016 3913 6700 2767 4014 4318 6658 7202 3866 3740 2907 5188 613 3784 9988 8620 5876 7116 6790 7438 6391 4902 5603 820 8809 4378 7121 6360 9723 9031 1720 5473 4370 3569 4434 2644 6638 1116 7320 7561 6158 737
2296 1459 5282 9908 4865 7678 6648 733 1848 1308 5844 1985 838 6070 3420 7488 9782 3640 7932 5064 2388 5257 6860 2960 8793 4338 1711 4810 4011 5290 7242 7239 9372 6251 9115 8241 5064 54 1526 8218 111 9909 1164 420 748 8307 6834 9932 7159 9413 3259 5857 2090 8171 2069 4390 4939 418 4125 8662 5991 895 5408 742 2013 5256 7391 7083 3975 1831 7532 70 1593 3606 9468 9130 7592 1019 9951 4026 7017 7201 3562 1579 7092 1282 6995 2995 6537 7035 986 9005 495 9465 5088 1475 184 9625 6892 54
4296 168 6877 9081 2169 1759 5021 13 5887 5423 7757 3725 402 5424 3464 1998 8539 3615 1641 6310 3519 5789 7857 4386 8752 2507 2498 2214 8383 1742 418 3322 8426 6516 7481 8734 4214 9074 3068 5189 3269 1457 7875 5384 6109 3077 8118 5208 6665 3784 3873 3081 2406 1229 6874 159 9390 3312 2020 1306 7047 5585 7627 5033 6338 8760 3079 294 7304 4479 6072 702 7098 5216 934 7768 7158 5358 4715 544 6544 4027 1861 3486 7749 9679 3939 195 8491 470 3093 7677 2780 4100 8689 5492 5159 4529 449 7349
1144 1405 1845 4061 7848 2384 2493 2640 8084 8442 258 1171 3416 3169 6706 9117 6087 1672 1149 9497 6120 8956 2505 5618 8651 2749 2861 5487 325 6637 6948 4792 6731 2167 4786 8574 7359 4968 5973 939 9122 7183 5025 9077 7651 5996 2349 8631 3095 2267 312 7449 1871 8848 8981 4625 9384 2694 1904 7811 4087 1393 9895 6836 3945 3139 1176 5042 3961 9465 4095 9668 527 5771 3752 8050 7140 2706 5558 7972 1033 8088 1870 8149 4237 3559 7804 9473 5432 2967 8770 247 460 5116 9276 6386 6657 8870 4876 1702
3512 9879 9049 7412 7940 7252 8336 6069 3211 1289 645 6568 9664 3043 2736 1532 4539 2290 6475 3219 9496 583 8601 9350 6272 1912 4712 5546 3563 6169 6856 727 9802 2482 2793 1358 3572 1890 415 8066 3324 7270 3660 2550 9130 7839 6377 9171 6090 8677 1269 2672 2055 2391 7856 5833 2073 3272 7845 3292 2900 5334 8092 1808 4931 3803 1400 4813 7158 6868 8579 5833 1590 6737 7984 6297 9556 9009 9854 6168 4416 7366 6028 6174 4865 6964 1698 9553 6224 513 3130 5797 9850 8235 8598 5222 8698 5914 7388 7253
. 296 621 903 119 186 12 460 636 180 876 310 958 953 111 788 0 910 707 928 559 984 61 640 974 521 787 793 869 511 952 740 36 541 198 740 612 666 141 690 835 287 720 . 8167 4606 8766 8539 6577 5836 7165 5404 4271 2815 4689 2186 3237 6938 308 7179 5536 1794 8319 8244 9412 1066 4531 237 2557 4283 1056 2020 7920 8355 1404 111 3079 890 2242 561 5396 5353 2046 5340 3810 9991 4343 6379 5808 3638 4954 6720 8124 9187 8206 7537 2739 6802 9924 8108
95 7479 7528 5084 6960 2614 1195 2146 9056 7617 6761 9087 5845 4459 339 8669 6373 7531 8418 877 3780 2766 5440 3125 166 9607 6972 992 5659 4135 7750 4434 6436 8800 9678 2943 8625 1517 3265 7674 9556 1905 1433 744 5576 2728 8260 9138 6524 2546 1860 3825 2718 8218 3863 6850 5599 5553 146 6767 9301 312 9325 3494 7393 4182 139 3561 3885 5618 1329 1012 3569 6186 9961 6641 8386 721 9281 4733 8832 7485 8920 9436 4560 7776 8675 2478 9995 8709 8250 1564 6713 5428 5355 2500 7498 4648 5287 7995
6869 8992 2576 9620 5010 4591 4469 9224 7923 2343 1116 6860 2052 7237 973 2224 3023 8415 2890 1025 632 7179 2128 1609 7939 7133 5944 65 524 2490 1962 4054 9846 7081 6876 4006 4941 2077 1511 9458 124 1759 725 9081 7381 7356 3546 5128 6560 9003 1972 5809 5446 9808 5660 5035 2142 9698 5599 1920 6415 4453 7968 6214 7427 1073 3495 7138 495 8035 2869 3136 8299 4270 1368 4059 6639 8801 8443 3389 966 7808 7941 2820 6178 9581 4485 4975 6824 8138 5262 8497 4352 4198 1443 1153 8734 9689 6791 5438
545 4607 1668 4537 377 7895 2773 7310 6492 1067 7011 9083 6817 8507 539 1714 8735 3302 4585 7290 6502 7327 6308 1630 6866 4721 225 4986 5170 5143 5957 1894 5831 7249 2256 3940 3787 3311 3076 2130 2509 5104 1388 1417 665 850 2330 5384 3957 2422 151 9187 8099 7740 1746 6610 3938 4107 2454 9160 6173 8083 9085 1012 8680 5566 5178 9650 6281 1767 3408 7801 874 735 3513 5935 9882 1988 1778 3734 3619 1159 2158 3402 7903 7809 368 3665 459 787 1197 9139 4943 1182 4193 3948 7974 8795 1962 7972
2233 8607 7403 1406 9569 7115 1078 9684 6093 8087 6778 8053 9810 1470 8807 8814 8627 9324 1759 6249 5181 8735 7026 3931 7375 6113 8058 8728 9090 5045 2986 8356 8605 3570 7703 9877 482 9284 3216 68 6333 7774 3619 1253 8512 3372 943 5089 2665 3460 2917 3340 8134 4603 3905 1281 7106 4228 3099 5364 1001 3398 9634 338 9585 197 8004 3176 3354 9630 8844 8960 9178 2323 9482 7038 8753 6074 2485 8837 3816 3076 8229 9672 8315 8750 4517 8821 9803 8402 6492 7375 4439 2188 7308 271 8302 798 2799 5185
3491 7574 1980 2150 9370 9985 6206 368 3808 6061 6626 9930 579 9692 7081 7894 3317 383 8785 4617 4466 6055 9519 260 2154 1787 6471 2724 4621 3398 1595 8976 358 3379 8305 3752 342 5516 7772 8015 4406 4020 6051 271 3197 143 2598 746 4156 5540 6309 384 8791 8421 8312 6214 1114 6664 4851 6378 8661 8274 9770 3008 2939 8046 4884 3 8389 7695 5060 7099 4921 9159 4875 3982 7527 8937 5614 9243 7364 1804 7671 8722 5040 5892 7738 1152 8800 8714 9224 6068 1006 7163 4009 8612 2844 6675 8426 1168
2514 1333 5674 1362 9421 490 8379 1203 8512 9024 8547 1881 5138 8170 435 9998 745 7992 7655 7518 8787 5807 1246 2340 5082 3756 9572 7267 3369 8420 2702 8398 3987 4065 2895 9619 9933 4658 225 9836 4173 4715 6188 1305 7634 9240 4585 5461 8410 5200 7906 9843 8336 2813 7316 4333 2585 7934 9834 2380 9675 7659 7411 7634 8562 3125 375 2199 9305 1832 360 504 9509 4552 9740 2796 1459 3787 8631 9618 7539 9564 6620 5820 2223 1339 3474 2131 2147 2250 8049 4863 5699 7192 4215 5301 1355 4783 149 6642
352 8136 8490 3440 460 1850 2964 4743 2954 4974 8557 2672 1151 8379 9537 465 6506 9952 9144 2506 6 8666 8646 7798 8001 32 34 3227 53 4423 3791 3411 6946 2815 6172 9250 4089 8162 8475 4160 9953 3156 9281 9315 8691 7057 4421 1750 1820 1942 9995 394 1117 8531 5437 1435 7745 8587 8985 7886 8228 9551 5876 1189 1985 4989 3649 1097 6058 5893 1074 9509 8721 8579 4552 2975 244 8689 2174 4870 651 6722 2096 9958 5344 7224 7429 2312 2981 4666 3101 4992 5475 3700 7635 9927 6636 7886 3395 7417
6343 6101 9504 8055 1679 8270 7881 3210 1678 7355 9060 4405 3752 6507 5115 8998 5139 1760 2818 6015 9319 3956 582 1080 3109 8173 2865 5391 4377 3462 4152 7921 6391 2633 5007 6934 2963 577 4523 5098 2712 1365 4578 3930 5961 9838 9023 1956 1449 9199 5036 7596 81 7309 1703 3450 9695 1006 1758 2958 5973 9974 8707 7810 7675 8348 3212 7625 1654 5618 1049 1824 5921 1860 3112 2285 551 8228 8324 7944 8731 4781 9952 8983 5826 779 1575 492 364 2970 5756 6895 4072 2610 3897 4862 4175 705 7768 4434
1437 9324 9657 3480 6603 6058 1859 6675 3163 1937 5727 7182 5455 5348 1779 4804 6360 7695 7285 9632 5188 441 3685 8494 5957 2914 8560 8880 9337 3796 1560 7076 1507 4375 9012 9010 4114 7689 6878 2547 2650 6336 9338 1406 2629 2321 3749 4558 2743 9433 8626 4052 390 778 8913 582 9652 7613 7242 2678 5347 1941 2934 6186 7523 3248 9535 2411 1801 506 45 6352 9651 5027 4203 9322 9487 2701 1597 7631 359 351 4548 4476 165 9422 6424 749 8209 1092 1826 2114 609 9632 8058 5381 197 1992 2497 6904
7501 817 9295 5629 4506 8514 2215 7283 7761 7836 6780 5854 9847 7128 9368 7221 2352 5090 3004 8635 3809 3797 8691 4116 8226 2762 3350 3943 9840 5179 8745 1547 7371 6724 4590 8985 4410 5031 5725 4897 7543 1947 7721 9696 6848 8932 1247 1664 5887 1378 1443 7926 257 2987 2197 1572 9687 3664 2019 6387 3490 8139 683 5501 6708 8274 4694 6882 2851 5733 4605 6365 6314 9977 3422 768 3648 7330 6880 6111 9244 8393 8121 9019 2380 1867 8542 3913 4288 7027 5990 1557 9348 5976 4238 6822 2886 9551 8392 2342
6617 6078 6168 1281 7032 7991 745 3596 2240 4590 6787 7724 5351 5204 8868 2926 2982 7149 5496 8453 4383 9431 4941 8071 9449 5972 17 1472 72 168 2769 8074 2414 8532 5452 2694 3201 5142 9665 6539 1350 5343 9805 2708 9907 6252 9312 2757 4838 1910 936 2546 8510 2038 955 4218 3555 9680 9267 5363 483 9412 9269 1466 997 9682 9287 3913 1149 5858 5938 6954 4209 7558 4134 6111 6219 3308 3398 8122 6549 6857 3014 1958 9427 4532 776 9188 9424 3622 7475 6894 4316 7442 2416 5812 8006 4716 736 6103
3117 6939 5279 1472 1342 8539 3729 6616 4961 3558 4175 8405 8539 6977 56 107 6689 1131 341 5701 5918 937 1389 2890 8666 8397 4583 1779 1209 8173 5517 4651 1075 1572 1587 8341 3611 4878 1385 8503 1139 1846 9974 3718 88 9074 2349 9943 6298 4171 9787 8334 3539 6009 3136 5243 1549 1950 3228 371 1908 1879 6710 6140 9593 6865 2343 9590 6484 6767 9952 6532 929 145 3411 9702 6698 6051 9263 9193 4622 8664 868 6265 9229 710 2843 9728 9497 8043 6068 8866 4285 4296 1854 297 7810 9338 8421 8501
4615 9513 3834 4839 2713 8325 808 3315 1917 6740 9829 1811 5277 1867 1130 6984 2533 1816 912 7616 5042 1994 3808 6247 2121 4437 8988 934 3769 5992 1391 8297 4336 9390 7244 4455 3298 3956 8424 4233 4624 4611 4909 4885 1067 279 5757 2692 2391 6449 7398 7817 1873 8918 8897 5455 895 8842 4012 2258 7816 8588 549 901 5282 8536 9891 218 3966 2456 8531 796 4568 8525 3465 3656 8423 9222 9515 8786 3231 2811 128 6009 2892 6497 116 5608 7327 1150 6339 2871 8907 3601 983 1762 6246 2323 7788 6635
3369 803 1295 7419 2287 7821 3528 4540 6156 6479 5270 9033 6201 5845 8506 2814 6906 1702 226 6401 8219 3103 5958 5207 9294 34 412 9835 2424 9145 5489 3344 3866 6341 4478 849 7027 4240 3324 9676 683 1592 3943 9439 8574 7312 3567 720 2254 2132 2187 8797 6256 5298 9797 478 9355 5342 4943 9091 1669 7 8064 3448 5208 3126 4302 4816 5706 1070 722 8704 1184 141 4237 3114 1618 9198 4503 130 2324 6373 6780 6922 4511 1292 3760 1457 6697 1192 301 5157 4055 64 1939 8675 4184 966 8694 8224
3777 9918 6196 6718 8836 1089 3893 2030 3624 2706 7687 4416 3334 500 7805 1792 1905 2864 346 833 6135 7639 2785 3374 6 1207 5858 8460 4428 9572 2556 273 711 4896 283 7601 4077 5471 1696 508 2562 1099 8013 9661 7773 8003 9455 5321 544 8751 9730 9060 1875 1930 1036 963 8576 9738 2539 8671 4101 8748 9818 5217 6109 6526 9319 5185 5050 9269 9273 8937 9179 2785 6564 9151 4135 5430 4674 8184 3991 1903 4266 666 284 9231 2119 2028 616 6333 9215 7637 4885 737 7257 7668 5160 501 6412 9995
9290 7551 5593 7400 5202 1207 8188 4924 7079 2771 5088 9610 361 4851 1945 8086 2434 8102 7896 1609 761 1957 2462 6575 1556 3785 1628 8108 3286 8872 5634 4743 3981 3434 347 1337 2160 1010 328 2643 1605 7508 6182 6828 441 1827 9055 8054 1732 985 8770 4238 558 441 7922 5371 7475 2956 8046 9726 7182 3122 7850 9406 4615 3537 4530 5331 3006 2334 4608 5674 8125 6139 3117 230 4936 4790 4219 3192 1834 6750 7607 2851 937 6001 3161 5 7369 9320 5733 4589 8096 9574 776 2574 6090 2108 7111 849
2101 9261 7776 113 5890 2237 5359 5205 7947 5505 6855 9685 16 3828 4073 2291 6067 3200 7525 5201 4307 9635 2488 5835 2839 2104 6245 2691 7339 1891 1697 882 6873 5803 5863 7122 8432 94 7 1199 412 2051 7338 6256 6157 5516 3939 4381 4599 3045 5635 3135 7877 9401 8377 184 5475 5039 8593 3690 6107 7449 430 820 3953 957 5286 9954 8570 716 4991 4920 9753 9104 558 1686 7018 9448 5622 1130 6958 3559 8034 3497 8214 7137 355 2703 6621 1918 2361 6345 125 5826 4403 883 4378 7684 4212 6319
5610 4796 403 940 2419 7375 1209 5158 663 9761 9473 6377 4591 6872 5523 8002 5674 7583 613 984 3548 8710 5765 3079 5594 5340 9236 7576 7040 4653 757 5703 4829 2735 4000 1568 6540 4839 6387 1200 7482 8311 7613 8125 7354 1839 8326 1582 105 2947 9428 1545 5301 1396 8913 8130 1034 8930 7806 3652 1731 5316 7303 6149 8430 3042 2573 9553 5174 4951 8960 6376 6934 3645 6651 7607 8032 5014 982 6444 7744 7472 4976 5437 8500 517 3113 4584 5113 7058 7500 6550 9863 7004 6831 2672 5730 1029 8265 2366
6618 699 5914 1802 7616 7285 9888 2852 4652 2955 4040 6819 260 1397 1105 9934 2227 3592 2399 4097 2246 510 4981 6836 7340 265 4349 9773 8019 1806 5100 5331 6348 8074 3085 9172 6665 1300 3803 8869 9927 5554 3619 6600 1680 9367 9128 9331 2813 7329 3766 5114 1356 8453 5696 6532 6973 2129 3672 1916 9384 8466 6343 5082 2632 1425 7113 5259 318 269 7946 498 6592 4681 1325 757 6764 7100 3985 3965 9184 5026 1838 8898 2392 8226 2107 6596 3550 7028 2214 3270 3804 9164 1728 7685 6664 9617 8736 2312
3545 1257 196 4647 7109 2955 705 8738 6070 9502 8741 7421 7343 8848 2292 3039 2084 6458 7435 1005 5954 7949 6664 3384 3066 6687 3656 6063 1736 8099 147 7952 3779 5195 7483 9016 7692 7898 1180 7831 8329 8150 739 171 4544 6158 2455 7585 8243 7935 7471 193 4777 8181 3471 7090 5075 1434 189 8032 4100 5604 1320 5399 2653 6664 3651 2096 2435 8801 1364 4023 1753 6023 5229 2329 6687 5285 5799 1692 6547 7841 2918 5744 6109 6368 9475 7812 9317 8111 2375 4390 9988 5949 9785 6987 4088 475 9585 9562
7193 7468 3478 2586 7795 8405 6586 9057 6134 1851 7048 953 8303 7443 2052 9356 4523 9813 6087 2279 123 7296 8307 7509 7130 3988 6320 5435 5610 3271 9544 9995 4530 4914 656 5878 5035 1375 9834 4699 4559 1444 2902 8896 8538 4927 6284 6378 4346 227 2176 5182 8562 3413 2750 5841 3870 3313 9427 7725 2206 123 9989 7109 4221 7455 3914 6378 8194 151 7475 6030 3280 273 5484 8745 8018 7882 9407 7773 2925 3115 1462 1844 6256 6221 5850 5931 3182 1176 128 4070 4866 2593 1851 8882 3140 3290 10 8753
8753 3701 1404 1314 9038 451 9617 8227 1083 6285 6184 202 3336 506 9856 173 7631 8079 317 9389 3493 734 8523 8843 9755 9900 7481 9685 1609 2938 835 6578 7550 3794 7350 351 7593 2733 1668 8098 5764 6923 6651 1093 9787 4855 6659 2919 7530 9217 2660 4561 4894 9827 9530 5121 4478 3378 9016 441 4549 1237 4859 729 6765 6012 6724 904 3076 8936 6713 4396 762 9983 2841 7353 6843 9133 7823 227 8245 2929 7105 1232 8323 2162 6341 9483 7844 1898 867 2328 2345 1424 8833 5140 6978 2822 6952 5698
8100 7274 8211 7303 4127 7785 4804 4831 3846 2506 9442 7171 9446 995 8179 2274 5291 6685 9837 7112 7361 6176 6959 7878 7095 9181 4711 1904 9721 9397 4293 4067 1257 4946 6513 8736 6324 9185 8543 6918 3930 3840 1918 2867 4469 2708 4587 9220 8350 2104 1864 4857 7453 7293 6750 2930 8083 9472 1717 3142 3893 7814 5698 7434 4111 4177 1231 8293 7610 1910 84 1618 7394 3307 5498 7002 9577 8044 8006 6777 7272 1736 1683 8314 4676 7003 4475 1492 6359 1619 3805 3593 2458 2283 8350 4900 1898 9028 8898 6226
7562 2294 4921 826 7934 4746 13 3139 6969 8781 1491 5768 6242 7612 4721 7670 3921 3226 4173 4255 9855 303 795 4571 962 4046 6439 4282 1595 8824 8250 8929 3254 4169 5660 2093 2705 3844 9788 5087 7022 6362 9187 4752 6494 2045 505 2349 4192 9962 3316 7171 1382 9881 5565 5186 5506 5865 2856 6603 8684 7325 735 4923 812 5543 3375 9717 4014 6752 3735 3519 2830 2311 6746 8140 1671 1412 9434 2670 2036 598 3128 7332 3281 3209 4911 4635 3336 5316 5027 5712 3618 3593 5923 1383 9911 609 2949 5577
9701 5202 8298 8887 3315 4433 2680 3119 4642 3224 7698 6768 6951 5083 5028 8137 6486 7107 1706 2427 4061 4144 981 4976 5442 3899 7900 2266 4731 7886 5227 5156 8817 6282 4858 8366 6295 7725 4840 9750 1798 2752 6616 2658 4858 3713 5629 8345 9388 9974 3201 422 580 5371 7944 5170 7996 4903 6078 1998 1367 4965 5120 8760 1522 8791 2175 8459 5775 2553 7410 5577 970 7404 69 8526 3107 8555 926 4404 8106 7678 6291 4048 4190 3889 874 3031 2478 4889 7293 8771 9870 4455 981 9061 3848 5948 3365 9547
7202 4540 1842 3400 2843 7576 5676 1659 2519 9089 3836 1724 5575 9341 809 1093 5266 6352 8625 8488 8672 5931 5298 2015 5384 9538 7659 1147 4747 5048 3440 5264 527 1283 2209 2014 9575 7584 9793 9520 4683 7047 7381 7738 3688 2501 5186 9980 4717 570 9007 4436 1377 3038 6146 3153 6883 4183 8142 4272 3506 2943 4653 872 9979 7808 8927 4521 9506 5477 2739 4164 8441 1582 8630 8350 7098 1662 1423 2246 5209 4635 2044 443 2727 711 1246 9103 8507 2283 4144 4209 7715 5891 5275 5557 1831 2139 9236 3465
3190 478 8154 2341 8367 122 7465 7896 6470 7351 3136 5617 2265 1369 6409 1906 7193 137 4982 8659 5843 6741 378 9753 1962 9794 966 9479 5740 5037 1504 2936 985 2528 9174 4634 2811 7013 5895 173 3261 4864 8088 5703 482 7284 7257 8024 5641 4902 5979 9179 7683 1911 1453 2727 9060 9199 2694 183 7704 3549 6632 9253 4800 1991 2369 2091 9840 7593 1590 5416 7185 1306 8882 7053 1270 6679 2019 1776 6781 8102 902 8357 9675 8735 2630 8106 7846 4913 9101 8351 4741 1365 6655 420 8870 5706 7400 740
8366 2491 2264 4519 8211 1247 5646 7926 5349 5421 5990 6464 244 3602 7731 9682 7085 6194 2073 388 9972 5689 5861 105 3070 5959 6763 7003 6030 8311 3854 4856 242 6819 8988 9502 6294 452 4335 6213 8212 8671 3733 4789 1365 3882 8301 9502 195 9677 6790 1371 4357 4668 4101 1101 9271 5713 1505 1194 6512 7726 5359 2543 9646 586 8233 1231 2763 5206 7858 1320 9360 5694 7257 7931 6999 1251 413 7058 6668 3268 5842 9088 591 7379 8056 9133 9929 9677 1939 333 5844 6387 4702 1383 1866 9941 8134 7347
589 5158 6762 9068 9774 302 2614 9206 7340 7922 2974 495 4763 773 9748 3091 3701 9034 9985 7309 5232 6013 8449 5890 7092 4426 2816 4122 8345 6832 3243 2122 3527 7268 3589 6282 1195 1384 872 9401 8979 7733 2200 6342 2359 6507 6179 8152 5207 90 9032 9629 2309 9692 6069 4942 259 365 44 791 7741 8461 7878 6070 916 9462 4442 123 5546 6507 9272 9923 2397 1887 8199 6310 9807 8538 4451 562 7591 5243 6131 5233 9658 2048 1925 5827 3815 3352 4454 1793 7238 2025 1584 1807 5266 1177 5237 643
5189 3273 7668 5500 6460 3604 167 5175 145 3074 5026 6586 7839 8627 6217 3104 362 5100 2348 8906 9896 7309 6999 1827 2639 7548 6235 7801 9917 5219 3052 669 7338 7186 6524 3434 1736 1074 3234 8851 9603 2919 1304 9449 5808 2604 2192 7084 800 4040 2916 8735 2487 7872 6041 2264 9909 9424 4261 3605 9895 1807 714 3006 1326 5712 819 2048 8195 3151 3057 5389 5472 3834 2716 6712 6478 9929 3051 6147 4132 623 284 8735 1355 3665 9605 1286 9941 722 5706 2875 6076 8643 1537 3752 1642 2220 5415 1280
9602 8314 5153 4104 971 191 2661 1099 9905 7858 276 9310 659 1557 1114 946 6568 67 2889 6480 4035 8633 8159 5935 1762 4990 5970 5830 1728 4147 2049 25 9587 1167 3429 9057 8311 7156 346 789 1353 8433 2557 7701 9391 8476 3164 3981 9679 4151 931 5665 823 2040 7864 6642 296 4607 1272 8215 4008 7621 1375 8989 9931 4985 7032 6721 6054 3243 8534 1184 1678 8353 5982 9274 4722 9038 7523 7737 1976 1694 2094 4252 6469 9041 6974 8099 4180 1581 1699 4123 87 5688 2499 3135 2665 8632 7714 609
2455 8104 3041 1349 1840 7781 7221 198 3139 939 5102 6828 5736 8573 7334 345 6513 1425 3189 1136 5603 8654 9279 2105 5678 9212 1361 2497 9634 4681 5729 7045 4311 637 678 8825 9452 9729 4553 1250 6679 4966 2573 9326 6539 3244 7010 9142 3447 9108 9523 9337 737 1928 5184 4912 6290 8673 7600 935 3276 4933 2615 5253 699 2603 9338 6306 8798 6299 8102 8881 5585 5396 7219 7811 9210 7675 8567 386 1984 3968 5237 4241 1894 792 5783 4694 8377 1008 4595 9608 5242 5776 9460 6257 8266 913 5291 5510
1281 7592 9439 5945 8338 3220 8711 1260 5953 7629 6723 4868 7274 8505 2922 7075 5911 4167 5672 1967 3013 9111 4571 7863 6982 2607 4842 3706 7994 4933 6939 9478 9805 9054 4956 5938 7686 6281 3138 2828 6779 7799 3363 6505 8107 6767 1393 8384 9501 389 879 9740 9647 8460 7137 4514 9131 1095 1950 8670 6518 8308 2343 1375 3286 6413 1204 6902 9175 8202 1358 123 7980 9562 655 1139 1405 6792 5679 2997 6116 2552 1108 8089 7601 5096 2625 9375 1403 6902 607 4676 8254 9154 8923 697 9069 4613 454 6275
8313 1482 1030 4625 7893 5152 1398 5790 2939 3725 3853 2860 4964 1838 2876 7526 1794 9814 3928 5285 4731 3531 2695 9937 9191 4115 7059 6338 35 3118 9168 7904 5775 6841 2994 197 3555 6451 314 1029 7111 1000 6069 5351 8770 2950 9302 1932 2246 3637 7178 4944 839 5291 1429 2194 5786 4816 5356 4644 2791 6604 8797 3509 4207 566 1013 6834 5844 2024 7167 7600 4234 3461 1493 2193 1573 3021 7662 4522 2828 6470 1603 2252 2 4539 7854 8052 4921 540 7138 1402 2675 5381 7642 293 1192 2244 2329 4672
371 1132 3365 4353 9970 6045 6784 8218 1001 2537 5750 4028 811 2573 1819 7279 6197 1742 9619 8044 7388 1012 2352 8005 8500 1758 6458 1609 2926 2268 9093 5828 2736 1352 3336 7035 2313 1917 3938 792 9649 1921 2346 8784 2116 2509 3075 2671 100 2954 9605 1449 677 1456 2373 8737 1811 7373 4969 6630 7204 6305 792 2524 9627 103 5448 5012 4484 909 7136 5214 6660 3234 3346 4438 1885 6369 2682 2880 2297 9726 4964 1932 829 8687 2722 9639 617 6468 6916 54 9643 433 8353 7069 8042 4805 7268 8801
3848 9745 5048 3439 435 3549 7743 8878 9401 9664 4478 7797 4844 5226 1900 2493 1795 8100 887 5902 653 3963 3645 5795 4918 5765 7530 6050 2930 2141 7664 6147 6982 4691 8845 9981 8169 6492 586 8838 1454 9505 9830 7976 6096 6598 8668 7419 7922 8859 4221 405 9938 3119 1295 4432 8269 368 4571 8498 4271 6742 5319 7097 7853 6487 5918 3617 5275 8830 1484 9164 9823 2691 7967 2836 6269 1269 1216 9121 6919 6101 3940 1679 3131 145 2161 3881 7226 179 5899 8484 2632 9616 6083 6013 6772 3296 3168 3798
2744 5837 8090 188 707 3784 2730 2492 3352 3479 7489 2984 4698 6242 71 1567 8022 1197 2673 7729 8062 4600 7007 3071 461 9557 2702 1124 3591 3450 4703 9512 9507 6785 736 7312 3366 4380 3255 4201 5405 8009 4700 6768 6467 2386 796 5578 1979 5817 4919 3490 7275 4656 4548 4529 8739 9597 6067 2483 5944 7661 5270 9979 9965 8202 2196 913 4885 1708 1928 7612 9214 9250 5632 5905 910 519 1385 4551 6220 8234 5842 818 2473 4631 7269 6077 8540 577 3597 6534 2414 347 9295 5602 7961 790 8778 1817
7171 5627 3529 109 9791 444 4143 5000 5156 9551 6199 2165 171 5191 5764 4297 1935 2125 9655 1570 4224 7916 6185 9807 9730 9050 3957 3269 9962 4133 6706 1346 5664 3042 7340 4996 2836 7306 5118 9499 6099 354 5224 6188 7641 1912 8568 7807 1256 6437 2456 9171 545 9584 9442 2834 1919 5352 8 186 3145 2013 7180 3961 8438 8065 8971 2378 677 5990 4237 2218 658 3297 6346 9790 5452 777 6755 1382 1321 9085 3298 8008 8073 2696 5764 8238 6792 9225 2420 3207 7979 9526 6421 7629 7549 6907 8265 9469
3383 1677 8899 7641 7842 2589 3777 2956 1298 7586 1497 7526 8899 7249 9863 8474 609 4767 5890 7403 4162 6729 4775 3594 7509 6156 8903 6814 3032 6407 1590 89 7909 6586 7190 6678 1463 8291 3302 8525 6071 5583 4972 447 7918 3894 871 8815 5800 4103 1108 5594 186 6738 4467 8478 1713 6618 8985 1064 8284 8659 9889 8872 2545 1987 4105 5308 7254 7099 1405 3377 4756 751 495 8709 7413 873 4932 7933 2445 8008 9453 2629 6110 1005 1559 7843 75 5578 6262 5912 1502 2748 6386 9723 2880 8865 3569 2059
2004 4834 5873 3368 6646 8371 376 1825 6662 1338 2396 1316 6396 5099 5171 3189 3048 623 7292 7533 2534 7247 3328 8851 1364 5852 3500 4132 4128 7463 7699 3774 4247 17 2648 5423 819 832 675 2396 4849 2534 8389 2934 2086 3274 9940 7917 2071 8945 6764 2221 8686 3591 6379 1992 7901 3858 7202 7837 5682 4392 1193 3526 1172 4977 1387 5201 1159 4223 9881 6409 9607 1838 4046 294 92 5184 3677 5079 5860 6619 2861 6863 1061 3414 4199 3459 3970 727 6774 9993 635 3334 3181 9438 693 3582 3589 4105
4569 7244 9496 7106 5145 1087 8322 9290 997 8074 6841 4381 2663 9702 5110 250 4722 6760 7003 6236 7229 2156 446 6823 7718 8208 5716 9829 5949 1114 52 3631 6835 1795 2954 6626 7203 2743 3086 322 2516 5468 3075 676 4299 8363 8324 4999 571 1232 9843 9529 8379 8883 6329 582 8355 2295 6927 1741 1682 5152 9360 7609 1271 942 2123 9312 5664 3222 233 9400 5824 8491 3965 8715 3028 8794 4205 3971 9995 8129 505 1939 9789 4875 5679 1027 7138 240 692 5037 4370 2048 4466 8319 8269 907 3893 834
2984 1140 3419 1699 5661 8717 9136 3669 3618 9234 3609 4583 4837 6622 2042 7875 9041 8287 9062 6369 2077 437 2259 2685 5494 1385 2668 4021 4779 1451 5237 9077 7043 609 9163 6877 2923 9889 4233 45 2773 7000 7566 253 8656 9704 6244 470 4579 1743 4873 2428 8828 4881 2492 8830 5475 652 6264 6763 4124 5568 2295 312 2707 8539 7471 9431 5669 2333 803 2832 7593 4880 6580 5950 7238 9279 1464 750 403 5407 5658 2482 2754 9012 8810 3420 8237 1438 6600 7703 8672 3847 2247 1783 3250 5147 7249 9625
6209 5079 1644 1819 179 2110 1084 8137 9693 7616 8117 5734 3892 1792 3786 8424 3447 6 2817 8459 2454 3296 3453 7312 3814 7444 7474 9950 5807 2521 4636 6734 5212 8820 2971 6609 4960 9431 4416 1347 2902 1184 8104 5479 3983 4043 5546 4193 2225 3866 3882 6495 3220 5248 2005 7465 2114 7577 150 9029 5353 6689 6867 1667 4250 2479 9332 8572 3306 9935 8210 2302 4758 4311 5649 1492 139 7389 6054 3151 7871 9346 3777 4151 1256 1682 7216 7603 40 3176 9270 9707 4450 3146 353 3119 8 3669 1133 1538
1924 2402 1296 3599 2077 4170 2861 3448 8164 4697 2548 2010 1133 9255 8336 6087 8064 3531 6048 5029 9419 2661 7149 9691 1671 6979 5796 5419 5537 5956 3508 2763 3763 9609 332 7227 2012 2056 2366 4771 1687 669 8664 5177 2446 163 3157 1999 2519 1196 4246 830 4326 3085 8831 3137 4012 3959 3 788 7876 5233 1208 4440 2755 4380 663 7912 8310 3463 2587 2253 649 1819 6813 7615 9276 1970 381 7504 1884 2304 5219 4241 6858 4690 2571 2393 4410 9816 9261 6684 4101 3321 9480 5647 3237 6448 8414 9372
5858 7986 948 9066 442 4339 2981 7462 8042 3385 8382 6901 1231 8191 2000 2468 7570 1912 9756 3994 8871 2790 3873 9110 3637 6561 4860 3014 9216 5773 7641 2855 6897 5226 6829 1276 7713 2829 4105 9663 9382 8153 4846 6614 9050 5775 2571 8074 1365 8217 8812 5292 3556 9264 4948 588 8559 1246 8969 9109 8989 59 9294 2639 4156 8003 1221 4259 4539 2045 5171 3940 7043 3068 546 6136 9619 8006 5280 1907 4858 3454 7342 7145 1707 9159 8194 8976 1206 4555 5150 3593 1639 6844 1787 5080 9082 4936 5023 4090
8897 7808 3609 3669 8117 4262 3221 9504 8816 9418 1285 8903 771 7980 9934 4410 3764 8239 9754 1789 1804 6638 6146 5026 982 7942 4779 1967 1719 3189 6247 3746 818 8683 9241 2995 198 4017 1493 2356 8046 7904 5002 8598 8701 6014 2482 2201 1006 7080 7089 4824 6955 3489 5663 2338 3654 1109 3891 1881 7710 7215 7525 6618 185 7102 7920 4632 3410 6383 1705 5250 8057 3565 5468 2010 6050 9938 6444 2799 4458 4115 2484 1740 2823 4412 7021 267 1880 4670 6684 2861 8896 4561 4914 8009 2458 2436 3975 3863
1638 8667 4452 6374 6262 8375 1352 5412 6455 6864 7510 5666 9639 6227 3491 217 2353 8841 118 7327 7383 9098 9054 3373 7119 285 8258 2259 387 9151 985 4321 3774 9691 9739 9524 8126 5829 3371 2393 2374 8126 3306 6323 5393 5224 527 960 2793 739 5606 5628 9963 3994 3277 5375 4658 2510 665 4068 3828 5376 7361 6247 739 8621 6805 4005 4709 716 4768 5014 9949 6928 4055 7493 8397 4503 6174 4705 6585 4421 7782 2783 4033 2874 5422 1723 6033 8681 7815 9537 7239 7256 8222 4989 3095 683 1989 349
2242 3159 9924 3045 3993 3699 2024 7031 310 945 305 6389 2165 4468 1146 8132 6216 2310 5176 8480 7037 7225 9369 4243 5001 7998 3704 6752 6050 3103 505 9123 3856 9441 674 8484 3038 8479 5401 8878 2383 7743 218 2040 3690 3734 8279 7155 8521 312 6273 6923 8827 886 3622 6455 9987 9318 7224 4963 3010 4146 2624 6813 392 3081 9736 7934 1374 7805 9614 3429 4952 6974 1035 1729 1952 1998 4405 5639 177 5353 6834 7027 8090 5041 4629 5176 4376 4847 4275 4773 9380 4886 5307 8290 9682 8779 5729 5089
2373 9625 4436 9973 2955 8076 6703 3788 173 9317 4746 5320 7736 8271 7616 7329 457 8389 5817 3471 4750 3539 9533 7143 108 3981 8017 5814 1918 289 7110 1636 1669 6395 5623 3479 6714 9743 8256 1217 1850 9551 2101 672 4525 1561 8640 8690 136 2293 3679 2666 3966 6693 5947 6545 7789 3780 9467 2731 8143 3547 5992 2418 5525 7746 3208 3677 9905 3005 3658 7744 1532 6540 8970 3317 6286 6669 9208 1645 2379 5943 5354 8148 5984 186 5404 9127 1606 2127 9421 2630 4411 9546 4405 3533 1046 7786 3583 2320
8521 66 7913 7074 1749 61 3428 3034 7746 3643 2802 8749 4163 6789 7657 6480 3505 4699 5254 2698 680 4251 6890 9482 4917 5268 1367 6008 204 8392 3982 3942 8388 8951 8000 6691 3702 9245 6072 3084 9801 884 1688 7902 1219 4882 4311 9933 1409 4868 1679 5301 12 2978 4188 3891 6512 8547 1407 8693 8758 3462 4746 5633 8036 4479 1237 5782 1506 3897 6714 6011 1504 199 4374 9652 5766 3122 1893 6937 6210 9728 5982 4997 8947 1014 9951 8734 5766 1845 2533 3428 3087 1343 96 2115 1693 3318 5253 2337
8622 1042 574 4493 7931 8141 2302 9168 2915 4210 8448 4150 5543 4750 5301 4859 5278 7168 1608 1911 1886 5604 8137 2024 5403 9021 4831 1959 7150 4294 3221 8487 7172 6369 4975 8706 9945 1928 6789 1300 3168 7833 9242 7276 2789 8115 6349 4391 9287 4463 471 6177 8568 8396 6310 1169 281 1027 8872 353 3234 6633 5059 3348 1642 3565 5742 2412 1586 2678 1217 4779 1299 3642 6531 9752 2697 2875 2842 8036 6247 7085 6812 8958 1664 5741 3709 1850 1941 8026 1640 8417 8822 3359 8737 456 2307 9445 8459 6451
630 175 9141 2213 9168 1874 4564 8740 5355 7663 7366 1600 777 8343 6356 549 3080 6559 5692 480 5312 1727 5252 8654 922 803 1657 9603 9396 798 8610 7196 6663 4652 4302 2267 8374 9134 8655 6395 7870 3203 2994 885 4037 4796 2 542 7693 8090 1299 6769 7075 5658 615 6524 9024 6470 7020 2409 7761 8050 3181 979 8204 3010 5705 5410 9088 1943 541 608 1754 345 1443 6709 5314 4947 8033 1057 3905 7691 4966 3247 5682 2768 489 6650 8407 1561 3186 8523 1394 8287 6552 9953 226 2652 9386 7581
5228 7099 2863 4480 3634 2427 1753 3122 7588 5689 7441 3467 4596 8390 2622 7500 586 5789 7110 625 3431 9647 6612 8975 2773 9483 9297 1258 4756 2972 6274 8908 2843 6477 2288 3709 1905 669 2225 4722 6343 2511 43 5557 7033 5127 3384 246 864 8287 2050 2282 7562 1919 7294 2767 1467 8075 9169 7937 2568 8341 9381 2594 9463 4726 1041 691 4039 8801 5210 9818 431 7592 6347 4211 5804 1168 7099 3854 870 9509 2564 1862 1194 4076 5735 4704 129 6006 5760 8516 5446 3239 4877 8212 396 3871 1839 8173
2296 6520 2659 3331 6581 9182 3369 3188 1689 3274 5721 7565 3935 1717 9992 3384 87 3027 2910 6563 5683 1295 4863 4931 8988 2621 9336 322 613 4150 4003 6029 1096 7429 7708 4459 6897 6626 2334 3452 2309 6403 8347 3321 2089 8873 7685 3025 9403 9056 9562 4477 736 8416 3454 4703 4559 2744 3110 9849 4248 1215 8496 6034 6623 3021 4486 3672 5687 9409 2399 1521 6105 8 306 704 4208 9844 5474 2841 966 82 2455 9021 2647 4195 2504 8883 9229 5314 5025 7844 6317 8341 437 4276 8890 2124 4213 4390
6803 9905 5085 5499 4316 8442 6220 816 8471 6352 5326 1957 5969 5563 1821 1377 1252 6039 8393 509 6023 3342 5445 7292 4673 2557 3612 812 9046 8051 6293 5146 8483 7203 7606 6413 4151 1601 9734 7392 7142 2466 6007 7296 865 4844 6904 9148 2506 854 6410 6578 3884 3839 4647 3421 1367 1400 6785 4194 3092 274 7522 3674 3301 8424 2848 8311 5668 9381 4550 2198 484 6482 7521 8962 6819 58 5067 9913 8892 9614 7915 4209 964 2634 6037 3206 5116 4693 1455 8323 9031 5927 7190 2591 3583 9171 7785 3687
6213 9133 1252 4854 8653 6258 4312 6904 6437 9188 3941 4694 5825 683 768 2146 4120 7027 2072 7068 861 1283 889 5815 3565 3027 2334 8265 9735 7412 1592 3043 6624 6277 2277 9804 4549 3721 4264 5448 9942 5257 1783 5082 5332 1283 94 3413 8712 5619 3237 9314 7475 8318 704 406 427 1109 9951 7574 9525 8055 2167 5750 9493 4450 8674 6450 5515 7858 5481 9028 4819 5669 4128 2166 2171 8503 774 1104 6861 5030 8440 5436 7509 3023 4791 1455 9061 6493 1691 957 742 1605 3336 5885 6678 3310 5241 5564
5881 117 952 4780 1145 8899 9169 5680 8607 7051 1612 6794 5945 304 5415 3578 2486 1533 5940 5536 4614 2280 8786 9194 5713 7937 1796 5677 73 5914 8873 9518 9159 3551 4347 7473 7203 379 4617 6055 4990 7363 1755 2444 7750 7471 3066 1736 7405 2630 3398 6518 2641 6439 976 2956 1402 4862 9080 3638 7287 7540 366 4798 2331 9233 6163 5057 2257 9299 5174 3006 195 8544 1013 5615 5385 3746 4234 4199 1664 8510 1198 5026 8340 4664 2163 6052 5404 8510 3809 4295 5777 8781 8038 65 1214 6731 1371 3210
7269 5113 4380 6832 1601 9836 2790 5100 870 7224 9272 3189 9709 9373 4750 9582 9226 8792 8072 7878 5314 1420 4765 9250 5812 2693 1506 8709 7054 2983 6436 8231 7426 593 6728 1599 2046 8996 1489 6138 747 7153 5209 6685 3366 4322 6507 312 611 9388 1007 7425 9397 8147 5538 3479 265 5267 4760 8199 6231 1663 824 4500 9263 3657 7898 4403 1278 2008 7628 7698 4273 7172 7411 2057 5864 2428 8441 9924 1977 8739 316 2267 4627 4270 7362 8572 4975 374 7122 8949 2248 3438 9122 7860 5338 9203 8957 7406
4895 754 2358 563 2243 1320 2614 8995 480 441 6215 4060 5931 3329 1906 7094 2893 5229 5687 2383 9539 3307 8599 6724 7805 3292 2639 3709 2559 7086 6104 6575 4914 2563 3797 5465 3711 6862 7488 5415 8710 1021 8740 8672 2626 403 9329 9494 6973 7103 368 6854 5412 3379 9307 388 3838 6694 1657 5479 9827 7828 4623 778 6261 1466 6463 5189 5158 7019 4039 4513 9262 7716 5601 1472 7765 1395 112 7472 1312 3393 8526 1772 8789 3501 4360 7445 1202 3393 9901 7602 8333 3671 6225 4911 2751 4209 4422 7399
6454 37 1010 2367 2383 944 5975 4517 6542 6223 1611 3707 8917 1326 5143 9106 902 1176 5124 8023 3055 1739 4689 5489 1017 4421 212 631 2127 2147 6048 7143 9187 2472 2693 2206 7643 108 4990 6677 6114 3947 7116 7093 7813 3974 5724 539 5443 9293 2149 656 210 4937 509 5508 2003 8488 1967 5083 7460 6880 5727 4768 2280 1295 2829 4899 490 4383 5414 7915 4480 5153 4229 9387 3561 4073 4611 5591 2033 3523 3406 2901 6628 2930 2970 5679 2591 7646 4687 7499 3601 6699 9361 2584 683 5907 3358 2501
2785 1900 4060 2912 6158 4374 3397 7344 9394 6020 8499 4074 4833 2378 9100 9950 1839 2417 5672 410 4210 8246 332 4298 4437 1734 4186 1047 8550 9639 5373 3589 2531 8623 9253 7166 3470 4490 1390 4640 9200 9417 6917 7193 2829 1545 8489 3517 7287 7885 1257 2237 8977 7964 713 4399 473 9872 3058 328 4202 1961 1121 5809 7281 7257 8530 6408 4215 1752 798 3704 4948 7341 8787 6748 8101 882 7099 1764 3256 4535 5550 7979 8920 5112 6791 104 4144 1542 5235 8022 4397 7819 92 8383 6087 8186 5348 6263
3742 8175 2326 1952 3652 4531 2019 4427 8792 1045 6971 7728 9290 8552 8644 1734 4793 6492 459 4268 6468 4852 4838 4517 5623 301 5350 3214 9852 439 9833 4470 860 7225 9857 1650 5144 2628 2382 4425 7281 7063 2080 6122 6064 5281 2121 9770 1892 976 7971 127 5859 2402 9965 8081 1512 7206 448 6216 3855 63 6402 5106 3828 3130 1290 3720 2433 9264 7836 1140 2689 1740 3897 5942 414 2008 9840 9671 3875 2383 5687 6908 9378 3577 4817 4746 2229 7183 9055 1420 3509 2809 9785 3641 5092 8665 8507 7450
9855 4775 2634 137 5332 8645 6747 5427 596 482 9016 2823 1868 4744 6988 5842 3006 3608 3810 6489 3625 7690 806 4338 1108 2972 5402 734 8586 450 126 4120 6757 1687 6173 325 3997 307 762 201 1798 6845 379 6841 8517 6401 656 415 3118 447 1978 8389 5762 7309 1488 3554 1952 7635 684 7433 2964 3148 9517 1218 7412 1611 6453 2070 2501 532 6243 6245 9546 8975 8797 6005 3861 7955 9031 5395 975 9051 5439 5409 1895 5980 9904 5494 5965 7187 4532 7143 1897 2099 5543 8744 9060 5941 8085 3123
426 6379 2692 6349 2617 2900 6631 6609 3531 7228 6553 493 5036 8760 2724 30 7128 406 8159 1201 7410 3148 5532 7654 5316 3627 5103 3489 4079 6312 1004 1959 8499 9691 6220 7469 6748 1046 1309 6153 7787 8862 8113 8956 9880 1808 2323 8183 9616 4967 5941 3164 4527 7626 7094 9655 8316 633 729 5288 2143 3751 5149 304 2320 6149 3844 873 9003 9655 1886 7366 1539 5183 7999 6070 7373 1167 9297 5153 669 1360 186 71 5227 9850 3090 3896 4588 9944 3016 9135 1256 869 8056 1858 2629 466 9251 731
6130 9203 9213 9887 7670 8809 2126 3156 4804 8835 7164 1075 171 613 2779 7623 7676 2962 2172 6507 5451 4464 1157 6113 4880 5762 8246 1743 3130 9747 7837 1723 2349 9701 787 7002 4575 5161 8573 2097 8318 9652 8435 1991 1363 3066 5266 6927 4970 9872 3258 7113 4711 8931 686 5013 7453 2832 5097 3465 3121 6078 59 2827 3393 9403 6221 2179 7109 3915 4822 7680 8830 9862 7063 5941 8139 5283 2159 4846 6399 2464 6865 7496 8627 4961 5445 1872 3137 2433 7688 6509 3678 8879 829 4001 436 1394 6970 9903
7805 7145 7665 7799 6677 4692 4905 2824 3761 4482 9334 3324 6963 6684 2753 6741 1320 5826 2860 7185 4976 4644 4500 6169 9742 23 5447 9515 5103 6271 1116 4329 112 6368 6601 5129 3416 3164 7077 279 7653 3864 787 345 5384 442 5943 3233 8746 5136 1718 1807 7992 1550 2584 9148 5338 1232 6451 4167 2470 4575 5011 9973 3741 2301 3343 8905 738 1757 1702 5049 8411 4121 6302 7109 2233 4225 2338 9037 1184 9675 3106 870 9795 2735 555 6805 1098 4157 4275 3143 3001 4849 8859 1684 1909 9412 9093 791
6590 694 6234 1442 7013 1430 7138 6358 1382 8596 6754 587 9541 5302 6626 4553 3863 9812 2166 1503 1243 6280 6792 6130 4812 7923 6959 617 9548 6414 9158 4877 4050 5317 4279 2010 935 6018 3203 5954 9928 687 6600 5927 5875 2139 4238 9675 7002 5665 3349 6478 6176 1993 9776 8414 9403 4409 6103 6757 3733 2861 720 9001 9227 7005 3355 3991 7668 150 5862 5740 1950 440 301 5031 787 26 2135 8983 2638 7683 2886 8211 8537 8136 7828 5383 3127 5779 3227 6173 3401 5701 2136 339 1629 4332 8671 2969
4121 4688 4230 9330 9025 6199 3923 8925 4462 3601 8038 8727 8111 4838 3948 4091 3155 4652 2144 8713 3983 8658 434 5603 3050 9865 2675 9549 4783 5989 5085 2967 1480 8804 7829 2556 9899 2486 9707 819 2828 1196 8356 6301 6812 5508 6223 3456 9770 7927 7492 1990 7696 8462 7998 649 1926 4085 2203 1370 2660 4238 9223 8740 837 4262 6623 7951 4764 4434 4977 1746 6645 1522 8003 8818 9388 1429 3699 9517 9912 7872 5795 9452 299 5841 1784 1457 768 2605 100 7553 6330 1303 7390 6523 4648 8266 1537 1156
709 3137 1379 9951 6907 9834 7089 6840 6900 6151 957 8159 5998 1116 8995 6531 6365 6409 6674 4107 7019 1874 5262 8116 4276 1947 9336 1061 1864 203 6573 7946 9345 419 2445 2093 7764 5349 1370 7938 3207 8302 430 266 6331 5921 2702 3967 4655 6875 7632 1287 4081 6710 3571 9537 4964 1640 4360 296 6632 633 2915 4694 7475 6199 1734 7879 6907 9315 8571 5460 7261 9916 861 4191 7673 7408 3822 3782 1201 7887 1624 570 282 2050 8119 8785 5722 9845 2364 7791 373 7582 2570 6318 7368 9026 9589 2597
218 1318 8458 2244 44 7027 5671 6973 5911 5558 228 1580 5305 3021 2566 3455 3006 8122 5669 297 3763 2598 2648 3015 7877 9239 7696 8604 4228 6540 2849 8494 8586 2297 539 2965 2530 3095 3534 9470 3253 975 6501 1380 9201 8716 1270 9476 3656 4955 7529 6018 2234 5337 1115 3916 4238 7660 6533 7310 7632 2157 3559 5482 1588 1870 732 2130 5071 6950 7783 1562 6700 4738 4051 1126 8541 9700 6736 5816 1762 7729 3495 1616 8909 5274 6488 5682 9249 2599 5658 6478 7004 2787 8400 9110 5764 2813 8341 9939
8828 8592 3562 2651 1771 4561 9636 1786 1089 5292 9711 5359 6921 6192 9088 3269 7052 2818 4133 1504 7922 5171 7828 3090 9254 1390 5583 2649 9508 497 1879 9754 1487 5887 6770 6299 152 4015 5261 9294 8223 1078 5555 4247 4247 9137 2613 111 8166 1797 9003 4869 610 9338 8388 1278 3490 5095 1770 4193 1752 7568 1847 1399 9880 5546 8407 7800 4817 5175 5191 828 9020 7526 5936 9983 1978 7740 6712 4229 5904 6358 5246 7440 8158 4489 5173 5461 274 4912 8858 9422 6023 4106 3655 3199 5568 9753 2026 2599
202 1486 3322 9283 2716 8332 9156 3098 6709 2995 2173 717 3095 9367 5910 7547 4403 7923 3052 9658 8305 6505 2608 1548 8364 1426 9732 1067 7431 4732 6880 4490 1450 2469 7834 4236 9055 7294 5438 1889 2232 3281 5391 5701 4953 4672 1686 6126 9955 9707 7240 3976 399 875 4102 8467 1859 6574 834 1964 8666 8498 8525 3074 7623 6261 2754 7255 8484 3545 1847 7091 3561 1279 5039 7243 734 221 4998 3215 2504 4956 9432 2996 2007 4395 1541 5556 8839 8162 8551 236 7762 852 3450 4233 7474 1931 1414 7234
7094 5084 1726 6035 3557 3572 2408 9695 2820 9981 1907 1942 3781 4279 6333 5270 7526 3353 582 191 834 1339 5522 4055 7004 1753 7465 1709 5513 3045 1677 8491 8312 9887 7911 4444 3387 480 1704 2010 5891 4930 9471 788 5954 4311 8161 7927 9276 954 7935 4643 8990 9496 9234 9808 6360 2293 7340 7039 5403 5791 6843 2901 8695 9831 2121 724 4880 1749 940 1303 9273 8854 1706 8482 4634 9296 9008 7186 638 8489 5755 52 6239 4902 6454 4075 2416 7363 7895 310 9732 4304 8011 6378 7035 8365 1475 9574
519 4092 5599 9400 5835 6673 4051 1246 2583 4566 1008 9413 561 4632 539 5570 3896 384 5802 2105 6620 5904 361 326 8295 8710 2991 6981 9416 7888 9324 6596 5165 8632 8456 1638 4028 5714 9388 4180 407 7480 5253 2610 355 8024 1143 9133 8847 9966 3025 6445 8988 8103 5384 9396 4592 589 4884 4640 8985 6193 6787 8557 2937 162 9684 9725 3489 7243 4236 6297 4943 985 2193 3264 306 8860 7922 2287 8806 2695 1600 1293 314 1547 3763 8520 4190 2364 4966 5017 7484 130 2827 1141 7145 3150 7761 7322
8868 6875 9076 9449 654 3871 4210 7316 3387 8872 8972 6524 8619 1985 3518 3984 512 3620 6821 1236 5371 4899 1935 1300 3532 5377 4883 6035 9001 4260 8498 3688 4684 8428 3972 9280 7241 3762 2050 3098 9596 1047 8705 1588 8826 1813 9225 3923 8755 7582 1072 1699 4616 1708 6531 441 4984 1261 7556 6647 8243 2283 2671 4004 7953 9876 3393 850 3463 1455 5506 5061 8392 8968 9156 3905 6144 7654 7981 7293 4028 5491 8738 8920 9034 2367 4061 2802 4068 1651 4710 3835 9637 5641 2121 8954 6300 8022 9806 3434
5908 9277 8891 2378 989 224 679 6802 3455 7222 4255 2880 6665 5503 3103 2794 5402 980 7230 3053 1137 9947 1731 6072 8757 5440 8762 4216 2050 6100 2050 6667 2018 729 6974 3293 5909 3487 5039 2308 8596 6586 9246 8200 9358 7168 2078 3646 7371 1417 8360 7382 91 1632 4918 1939 8849 7804 6136 1600 3277 9727 1416 4382 8163 3864 8242 833 6262 6364 6946 6904 4895 3408 4698 6842 6452 7346 5592 6331 4208 5083 6307 8748 4973 6959 5254 9344 5278 2173 9183 5543 4444 8591 4656 4466 996 9721 5779 8876
1450 5994 1766 7216 9092 7254 9170 7358 3776 4632 4898 9526 3460 8000 5013 8329 8696 4048 84 3751 4631 3554 7619 1848 8544 5690 6845 8357 5210 5899 2274 6506 3610 2413 5425 3696 5165 9421 5429 3646 4197 2509 771 3973 2213 8663 5124 5932 3885 1091 2721 9595 1006 4250 1773 4381 3918 8552 1619 7124 7004 4674 5338 8083 3949 1307 239 4786 3594 2806 7251 5945 3656 4162 1438 9333 3913 2960 4679 814 7345 98 2953 5345 8144 7786 6741 7041 8739 6929 8752 1964 3136 8233 6730 2840 3326 4636 3484 4088
6819 9367 2846 3907 946 6548 9627 2486 2722 521 8483 3312 6799 5533 8930 8171 2663 2980 8749 9646 2970 7197 2226 3225 9060 4297 5975 3941 2833 5534 1647 5986 1002 6419 5936 566 8151 8860 9307 5986 1530 4014 5873 8046 5147 6029 9591 6198 7571 1570 2415 2183 4699 6367 9655 3173 6336 5116 1793 8072 8587 9531 4559 3793 4783 7563 5985 890 8314 9261 4244 859 2469 9359 6296 4975 9687 9886 8245 2005 423 9285 446 5913 5329 4242 9947 6716 3674 926 519 4325 5865 2844 1900 7385 3915 8785 1768 2934
7987 6155 1937 3976 5987 521 46 7138 8526 7138 2945 2393 963 7504 3661 7603 6512 9124 4226 1930 4395 9481 4839 8778 7369 8136 9726 1742 6251 14 7875 2162 939 5868 4221 5967 613 9617 6720 1711 1480 4471 1439 2606 120 5126 897 4784 6654 4074 7940 7548 2010 4570 2609 782 7698 21 5121 1136 9117 3415 918 1684 6225 6355 6529 2257 2076 2566 8374 9906 4380 7885 9738 8527 2610 4715 3599 1119 7764 8930 2221 9731 9083 7044 5840 2965 2242 4669 4519 8172 3127 52 5853 6761 382 8183 4521 9836
601 7257 3363 6597 358 491 487 7832 6111 1223 9134 5453 4548 9709 6837 2110 4230 6421 6899 925 6322 3382 8681 8881 6933 7541 380 9476 3941 8962 6469 2923 4820 4970 4680 9972 5762 4363 8553 1792 7737 7854 8127 9092 9527 5680 2070 4365 3451 2902 4560 7544 3440 1440 8792 9991 3232 287 2634 2205 1353 3686 9995 4527 986 6852 1000 2965 1949 3005 3480 1456 9265 7695 3281 8946 534 4260 8758 5035 5259 3160 2127 8491 2300 5439 7229 4578 6126 3880 2727 5596 800 371 4335 7859 7902 1844 8685 537
4733 32 9951 9979 6781 8833 3559 9725 4378 8483 4086 1789 4760 6677 7215 97 4646 3800 4110 6465 937 5384 87 2226 9950 2817 1322 8970 1821 701 2932 9072 6923 6135 7623 6157 8748 8877 4929 937 8353 1925 4038 2848 2697 9870 9382 2047 7371 1649 6638 3909 1903 7833 9339 4058 6262 844 6229 249 4685 133 4945 5054 2635 3737 9766 7370 8048 2160 9969 9736 2298 2815 5740 8044 8385 2125 7164 5944 7906 38 6162 8431 4872 4842 4367 6935 6864 3655 520 7186 9624 4016 6300 5770 4109 4171 2229 2475
9934 5924 8322 5416 1451 8798 1711 2256 4300 5298 2047 4645 5562 8448 4138 6410 5095 2012 8295 7920 7938 5965 231 8416 5886 7244 1888 8606 5914 6718 7038 2681 2334 1905 8375 4403 6978 5332 7313 6924 3766 8572 4487 4325 5839 9260 4782 853 6172 6618 3008 5483 9187 5476 9383 9090 2119 5278 4892 7971 994 8716 6070 8992 6030 8547 3809 9916 304 3508 2025 7079 901 8357 5655 7447 5520 555 909 4759 2640 3127 501 5308 9765 6299 8776 4971 9065 5402 1066 6605 3905 100 1480 8489 1159 9348 7077 4046
1528 2423 4765 3001 3484 6551 7787 9128 7891 6090 6614 9399 8952 8375 9418 6094 1868 8387 6660 6161 4473 9218 9957 5519 4367 4359 8689 7514 1067 9262 8096 2893 2845 2262 937 5033 6101 8148 8347 4416 9766 4959 6603 317 6800 7098 8768 8304 8220 4164 2054 9755 3135 7368 7943 7842 35 6525 3451 3860 7048 5514 3007 7133 7331 8193 8367 6592 3473 8656 5570 5891 8399 6168 8936 4791 478 9166 3724 5466 623 6882 4050 8799 4503 1128 479 8599 8397 6899 8314 5557 179 3995 1131 6789 7910 7620 5187 6776
8829 1408 9253 2584 9623 2231 8055 2716 9685 5611 1286 7830 9492 2536 4464 4529 8628 6725 6237 6584 7838 2982 6184 4863 2409 3592 1345 2316 2663 5557 8055 8776 7458 4493 7618 9312 4439 3583 878 7992 1680 9999 9898 3447 5610 1114 4603 5988 8912 9728 4607 8772 1180 2834 582 1648 7902 4197 8873 2421 6038 1278 1319 8384 3971 6266 7296 8406 6354 4359 4539 1395 4808 3512 5036 2558 4288 6022 7312 5295 8034 2718 9502 1176 7230 9444 7145 8574 8060 7146 4289 7021 9794 4770 5092 30 9144 5709 108 1750
9886 4459 8647 3444 9067 142 8514 2258 3473 8907 3605 6474 2606 104 965 3331 8607 4110 7045 4815 5716 1476 8660 8913 4890 7446 4831 9637 8900 3661 5128 98 4057 3400 4158 9669 3984 2567 8991 676 8486 7755 3707 187 2443 8895 1143 8181 2843 3638 4882 9528 7146 9330 8068 7272 6279 1450 5103 555 8828 6649 5660 8167 9013 6962 2503 9883 4347 5015 3661 9468 7590 9766 5511 351 7279 1226 5496 2002 2298 7354 7524 8206 2091 3124 235 362 4524 6076 6511 3384 7838 928 3709 8742 2685 6802 7928 9043
1520 7518 4486 2517 470 1367 6096 8028 5728 3781 524 376 4737 5072 2114 7181 7796 8085 1994 4408 1981 2428 4060 2284 3105 9269 3353 2019 2490 4647 2380 9296 843 7289 5175 1471 1342 9090 5866 6293 8783 4090 6772 8482 9309 6917 8497 3631 373 6858 8532 1803 6843 6932 7963 5450 1184 1202 1340 9993 8365 4921 707 643 6425 5354 5672 9229 1998 3974 6482 1964 4997 5630 7297 7964 9625 9714 6535 120 5752 6403 9030 3886 214 4257 1415 556 9674 4792 7818 7874 1576 8378 2758 9986 5346 4858 3435 8720
2110 1703 4243 3580 4403 3655 4594 2896 2433 8602 3691 3980 4207 5902 4012 4387 5794 6567 3685 2092 1912 2189 1471 8967 9777 9264 120 1145 2259 4915 4412 9248 8214 4789 2082 6455 2015 2814 1084 5291 8761 320 6726 5366 4817 5380 5802 9278 8970 5719 5322 5018 6748 7523 9361 9673 736 3219 8920 6121 1901 9052 8221 5034 5299 9870 1191 148 1633 8657 1780 2465 6755 9151 2518 6829 5653 8217 8964 1412 8459 8052 3111 1317 3375 9617 8859 5811 5510 9319 1462 7167 8701 1967 6237 4303 6031 6677 8341 2579
4159 3091 7895 6261 7544 1999 551 5209 1404 7388 4611 4218 7740 6500 3574 2866 3090 4609 9943 4310 4429 7908 1562 4428 7379 963 9451 2232 8385 9201 5229 4679 3357 2098 5866 9088 7404 1072 4306 9744 8484 2389 2797 5763 7495 8688 9716 2305 1145 8885 376 3434 4425 7272 1353 9548 3727 5074 8125 1287 8894 5590 793 319 6203 9779 4878 5445 5448 5730 3228 3987 9374 5159 7877 6163 7981 3860 1522 4038 9142 4463 498 3485 9861 8590 381 2287 212 5856 5212 6206 1762 4511 5835 8146 9015 8953 8417 1092
6727 8111 288 2233 8616 5189 9470 2616 8156 6890 5052 2257 7283 6034 1583 7329 3324 1849 5210 2742 5546 9791 7986 6074 3469 6968 9344 1076 6444 4750 4336 7829 5250 5223 3353 2118 5265 8408 8913 3370 8039 2218 7685 643 1920 9658 2786 7568 4595 7763 4293 2225 2323 9293 7220 8678 1066 8527 2547 1411 298 9027 5545 7108 2256 1711 3213 789 6616 3520 807 596 1216 4322 9839 7051 7578 2478 6936 8732 6134 2024 5538 2800 407 2567 3808 1327 2917 490 4309 6715 4795 3115 7470 5084 4367 1519 8030 7198
1940 1589 5165 726 6348 9323 3811 6129 9647 8056 1857 2391 4303 9014 7338 8343 5140 3579 5976 8616 2698 6884 1559 5362 4935 8136 5138 2333 9240 9111 2483 9701 6701 5208 1061 9380 7066 9764 4156 8589 9465 7868 8743 9573 322 6822 7851 7982 9253 3203 1557 7184 326 355 739 9128 966 5840 4048 1049 4335 7462 9030 833 2366 4269 2839 6965 782 4426 9488 4182 1267 2578 9664 2914 1650 9401 4343 8428 5978 4153 3266 8409 7200 9566 653 1940 6000 9675 924 1567 1747 7891 6671 5803 1418 2538 8406 5500
2963 4196 7353 197 258 142 7694 9538 2973 554 4705 2275 4772 1967 3995 4819 2713 8715 6091 3259 7392 4713 7793 6862 9296 3070 7280 8540 6118 8803 1187 5908 4746 5708 8141 261 5795 3320 2472 3430 8186 8343 9672 6820 1446 3541 253 6246 3535 6228 3898 4717 6574 9111 5405 1005 3463 2626 1743 6962 7292 5233 5813 2726 358 4110 7236 708 9524 9213 2187 6467 7129 7437 3834 5889 7807 3324 2648 771 8109 7378 9063 1464 3511 71 8589 5559 3267 9184 3074 8468 5606 2744 1557 3118 4107 6407 2580 1228
7324 221 6083 158 2650 1300 8178 8870 5783 1474 7516 3998 8274 4647 4002 5099 9370 5966 582 6253 151 2902 1393 5615 8302 8297 1845 9036 7412 5026 3682 3219 2887 3164 980 1552 1188 4147 4591 2262 9406 1515 3396 473 513 8795 1863 8010 4006 1945 8238 712 2380 1285 1152 9772 9646 18 1789 5000 3008 837 1905 4921 2410 7950 4867 1099 2245 722 9404 654 3570 736 4911 8286 3006 6092 5711 6436 4079 8869 9300 8634 3250 3869 964 4867 4352 9466 4995 4741 5164 6163 1221 7644 7657 6445 5588 1010
9 7904 842 9652 5038 6607 1875 9168 4807 773 4804 5585 9475 9151 1464 8298 5099 5755 7861 5166 1029 5161 3168 7156 2415 3080 686 7645 4586 7619 2918 2343 8255 9149 1559 3485 8281 7635 9961 7525 4936 4473 8716 2877 2363 7258 4710 2168 1352 6312 3421 888 4321 7777 2322 1495 1159 7447 8857 8598 3332 2844 9568 7843 5940 4968 821 7248 1346 2018 4699 1127 1681 8905 5081 4722 6156 2569 632 7262 9430 9553 150 7316 5533 2989 5087 8265 8489 9004 2271 7883 8542 2677 9404 2954 1268 1363 8492 2106
5276 4463 2597 3453 199 9817 6410 8288 1581 9529 8045 5486 5557 6020 9590 4845 1534 2995 7956 5877 4813 338 7933 3551 3698 9832 4874 5011 4338 8100 6733 7099 292 9376 9633 3174 5297 8107 8061 2337 7928 4018 6226 1688 8358 2613 4856 5020 9591 3321 5459 6162 9974 7037 889 1254 5998 2213 7507 5798 2401 7762 3616 9163 7077 7984 8823 8351 2006 6207 8999 315 2194 740 5753 1879 953 4106 4454 6724 1365 668 7213 5751 9416 857 8600 4064 9302 5507 9193 3300 3678 505 176 9257 8612 9092 6126 2042
1505 4424 6746 5792 6805 8337 8565 1119 8055 169 9254 8467 6694 6374 9723 2985 6665 5175 8191 5664 9474 8907 6716 8966 5546 6138 1402 1057 1012 5948 9643 7202 9648 8352 1611 3268 4098 2761 9990 8079 936 8383 3472 3526 2719 3519 3174 2041 4802 2055 4243 8582 3820 3797 5260 19 6780 1553 9818 6453 7692 574 7202 7971 4202 8211 4689 9743 2043 8678 4812 2710 5346 8156 1896 4785 1830 7942 2773 9534 4167 8442 8610 663 9166 444 3073 6838 2931 764 310 7544 8130 6679 1966 3377 7306 8761 1544 2039
7592 8771 9038 2372 5707 2314 6049 9711 8739 5203 6648 9499 5962 2120 2836 7125 6574 1167 2290 4358 8595 1803 8915 8777 4634 9298 446 3852 2427 9606 3826 2250 9084 2393 2452 6534 30 4524 9457 9829 5655 2619 1347 2778 8560 5849 3307 6172 7719 1054 8369 9046 7044 5663 8071 4528 774 2209 1747 2767 1594 5206 1535 6948 5442 7468 6810 7731 665 8026 6610 5636 6134 4046 5027 4843 3450 4528 7111 1966 919 4943 8154 6057 7021 5404 9021 183 3735 1971 8469 9063 2971 5379 5788 6319 1430 8948 8538 3889
7849 8888 301 5523 6197 7717 3392 201 5786 8451 5795 7824 340 7771 8689 6541 2408 6791 2115 3882 5488 5299 544 5501 1596 6539 1180 5166 3395 9348 6452 4788 172 8719 889 2217 1510 8391 3807 4895 433 8554 1925 9849 1991 8103 6381 1355 1072 8015 7573 8593 788 6648 2476 5133 997 7896 9420 646 501 3549 1732 8135 3709 4071 4636 3359 8085 9264 9166 3462 5422 6391 3308 2291 639 254 4206 894 6983 2151 1766 9473 8308 1309 7824 3299 6740 5721 3724 4452 4659 6886 1989 2530 9633 2771 4682 9617
6076 3050 1457 6655 5152 3290 6533 3161 2114 8898 6816 6470 7990 5013 4278 6821 4578 8476 1621 3571 2117 1726 8334 4548 4322 7879 6975 2423 6928 5333 6407 6228 4030 7441 4102 2186 774 1795 7615 8304 9858 8883 6260 7525 1727 5717 3712 9128 1798 4367 68 7851 9794 9601 2519 9332 3754 4276 6522 840 2232 7203 2254 1953 6561 3935 5973 2882 5294 3095 5301 2392 7439 4515 1022 72 5279 3932 5292 6281 4379 7277 815 6398 7746 349 8169 1339 8351 2856 1812 8222 5937 4257 4722 7803 9597 1841 8800 4772
4761 5009 50 5278 1295 5469 5170 9796 2439 2619 1499 4405 2775 4287 2477 471 2340 1825 5562 3620 7692 1087 2653 7022 3965 7731 5250 7682 9052 4868 8745 5622 9328 1221 1904 82 3388 37 5815 9650 554 4688 4310 5698 4526 3615 895 9728 342 6133 483 9311 4791 6972 7017 3940 6125 4170 195 3835 2225 8461 6869 7316 1903 8673 419 9998 1657 5919 3713 8061 4799 1571 8676 7720 4367 850 9702 7749 109 5326 8200 797 6797 264 3126 2339 9095 691 9681 5837 5039 7788 6847 2768 751 4316 2134 9479
2946 9594 4999 8140 7747 562 8966 3646 1803 1340 6958 1484 9740 4107 2141 7328 1704 2928 2293 1680 8260 7036 499 8699 9496 5133 311 5310 3443 9702 6903 9072 4423 4056 4469 368 1052 6084 477 9070 3592 6341 6296 3543
